-1178
67
327
88
301
-1347
892
1659
-149
1347
797
-1
-553
-935
-877
-1705
206
417
19
90
-461
550
-354
841
819
-1055
268
9
829
575
-276
639
-317
-211
-580
-248
-38
-1337
-200
-326
-867
372
1241
802
260
1067
-47
-1441
-590
201
162
-538
845
2394
259
-1382
-1095
-275
258
-881
-609
974
501
-827
-363
439
509
1823
890
-1063
-676
-826
-448
-694
-1338
-810
712
2869
1251
195
1440
172
-900
-574
-476
-1665
-1087
297
-1040
-495
141
-641
1171
2166
691
312
392
53
364
-501
-1057
-552
-712
177
219
-255
-233
-854
1015
2289
725
-144
-1026
-621
143
-822
11
46
-1619
-748
399
567
264
185
734
698
1143
960
521
237
-1299
-1635
-1223
-917
-577
465
2361
933
-307
363
-1375
-1338
304
386
422
-96
-907
-804
481
329
-53
1885
2126
740
170
461
-886
-2782
-1296
-1126
-2252
-783
1377
2052
1417
1486
950
542
611
-798
-987
-347
-1379
-1820
-421
197
571
931
-13
120
326
-627
-156
1049
556
569
1662
324
-947
-300
-500
-1612
-2052
-911
-95
92
1149
1282
536
141
244
957
981
482
-514
-795
-245
-973
-441
-84
-536
198
35
508
675
-476
-488
474
100
-1509
-232
1082
-88
168
1194
377
-64
1320
620
-648
-59
-881
-2598
-1951
59
302
576
1005
306
431
818
886
330
-239
-37
2
-123
-374
72
405
-757
-1548
-1228
-887
-79
1481
2110
1331
920
178
-1355
-403
853
314
285
-1322
-2047
-477
-1114
-1087
317
619
1065
1595
1979
876
-587
-1044
-2014
-1408
89
468
1056
1445
1030
649
-201
-1485
-272
796
-347
-691
-965
-222
627
-830
-1007
720
800
116
-11
181
1479
564
-1165
208
398
-743
10
-298
-1639
-722
-162
562
966
-668
360
1181
238
638
1223
1333
173
-1142
-1001
-855
-1768
-1062
325
-185
-642
289
1691
1389
1318
846
-599
-582
-982
-963
-1349
-936
913
830
550
11
1023
1819
-795
-1365
-485
-502
-778
-989
730
992
-242
431
496
389
578
728
746
-658
-540
-419
-959
-138
-790
-1073
166
949
729
316
788
-194
-442
136
-938
-230
300
168
234
-1122
-170
1693
1329
497
-295
-1252
-729
874
131
-1211
-927
-191
-213
-822
54
1415
1339
466
-48
-145
846
1225
-578
-1009
-565
-346
23
-502
-535
388
1015
-170
-954
-573
-1203
-326
1187
864
529
456
133
434
845
-195
-938
-71
365
-325
-1048
-488
440
-82
-846
173
1713
752
-353
741
213
-1526
-1096
-672
-777
655
1326
1486
1408
-1042
-1297
119
-345
-210
-816
-1072
357
714
829
20
-466
1097
886
-184
332
171
-1153
-1313
-495
-641
-353
740
488
-254
310
965
887
982
602
-163
-1028
-1196
178
-43
-799
467
265
-395
845
578
-591
-600
-596
-454
-723
-653
180
228
770
1024
166
555
1104
581
106
-292
-249
-537
-1724
-1117
461
503
306
-7
59
694
307
95
-370
-880
236
490
-431
-898
-319
885
550
14
809
850
-111
-1242
-1406
-72
-263
-594
766
350
11
796
571
647
421
-177
131
18
-701
-290
845
278
-1539
-1677
-240
577
31
-86
938
213
-1188
-793
-151
129
835
1495
862
956
817
-1064
-698
6
-196
356
-289
-1224
-967
-73
-377
-727
746
1044
1028
1434
-284
-1373
-580
-494
-828
94
1226
953
1006
994
-153
-597
-749
-997
-910
-511
-42
-60
-192
-35
715
833
495
705
336
3
-489
-465
45
-1261
-1220
577
1055
704
367
568
-10
-402
-237
-1313
-1280
-20
477
-425
-548
822
1229
1731
693
-265
838
-462
-938
-234
-1454
-808
326
96
724
330
-381
504
-403
-1012
1177
1333
-218
-379
-476
-984
-938
43
936
632
480
226
-324
145
95
-298
-1314
-1861
303
599
408
2073
1189
0
227
-68
449
686
-1056
-1692
-1163
-1259
-290
381
-295
-237
1189
1992
1105
434
-371
-751
-201
-517
-866
-529
402
443
-776
-116
1049
543
1030
642
-992
40
235
-836
-1002
-1937
-1131
964
799
-133
261
655
882
1085
391
537
244
-1197
-480
1329
642
-1055
-636
-530
-1154
-532
141
204
-454
-587
268
1326
1432
1
-302
-47
-80
964
381
-1040
-95
395
-533
-662
-266
138
-12
-994
-1412
-372
464
217
-159
244
1545
860
511
2804
2070
-990
-1891
-851
-186
-139
-7
-998
-1797
-1762
-669
1599
1990
-276
-1390
-38
443
625
1115
686
-339
-656
326
387
54
-1171
-830
1297
591
816
317
-1239
-674
-319
747
1151
-149
-1587
-956
536
302
-220
-441
349
575
621
215
-698
-283
-615
-11
-153
-475
905
774
1133
577
163
1341
-10
-1605
-1432
-1512
-1310
46
563
337
203
339
824
384
-380
-877
52
1050
125
394
2053
1397
-1210
-1585
-1070
-1004
154
-401
-928
447
371
97
355
-363
799
2623
931
-907
-781
-1093
-1704
-1293
-918
-68
2316
1861
531
1288
594
-397
-1388
-1184
265
-211
-1030
-729
941
827
-602
244
494
-50
-226
-730
-759
340
77
-1205
453
1554
1001
991
-60
-348
343
175
-423
-439
802
685
-1146
-1304
-1193
-1161
-217
-557
-123
981
398
246
809
1095
1057
859
192
-119
-181
-1296
-920
28
-97
113
-193
-92
39
524
1812
774
-846
-1709
-1491
-926
-1444
977
2391
563
485
-146
-669
118
-430
-1356
-400
946
703
888
212
-270
992
425
160
430
-234
-30
-117
-1762
-3516
-1765
1248
1498
1296
1168
1025
1003
110
-440
-425
-1101
-1575
-812
-237
1134
2707
1256
-332
-448
-781
-1075
-1273
-945
-818
-1024
-85
450
710
1850
1468
1244
1999
1310
43
-1286
-1447
-1075
-1400
-1953
-1268
967
645
642
1602
104
-840
-689
372
198
61
1284
-125
-1000
-512
-234
-435
-459
1777
980
-703
1123
361
-986
263
58
-1264
-549
504
-661
-506
77
-422
488
387
854
1611
479
-305
-1011
-1125
-583
1099
131
-2080
623
1117
78
439
-251
760
190
-1103
-258
-537
-625
850
1208
17
-504
-350
407
755
-660
-659
84
-437
42
-447
-772
943
255
-697
329
1253
1034
-316
-503
-212
-484
-1383
-850
1125
599
670
1544
805
730
667
46
-664
-1470
-1813
-2046
-1454
439
665
2
979
1845
2081
811
-846
-857
-1693
-2326
-463
105
-982
1109
2991
1004
-107
779
971
232
-137
-387
-1295
-899
-216
-1749
-1253
551
-598
-65
1725
2212
2171
-55
-971
-558
-685
-359
-1860
-1608
201
-474
398
1819
1315
907
329
-152
174
138
-788
-540
261
-241
-1012
-957
624
1023
228
308
86
130
208
545
-202
-836
375
-628
-647
-429
-1966
-636
-18
-315
753
1633
2465
2087
977
-196
-1000
-929
-1853
-2655
-773
691
-4
1012
2182
1222
1198
656
-518
-226
-1818
-3048
-1577
-1096
-224
1384
1523
598
568
1625
1844
1350
-9
-751
-1104
-1351
-389
-837
-1091
-568
368
522
-1084
459
1406
182
283
-194
-233
206
410
-16
-286
388
-205
-127
1009
631
-278
-398
-338
-1357
-1715
-357
280
735
1427
1089
480
-147
-384
-233
62
284
-126
-192
158
170
-786
-748
197
-373
173
340
-197
974
-231
-1914
-391
561
-320
55
1044
723
968
1274
823
233
-745
-1106
-1489
-1590
-724
411
1333
469
-66
-124
-855
204
1488
1628
20
-1334
-124
273
-123
-614
-848
-376
510
1292
49
-683
-723
-853
-506
-429
461
723
1066
1344
281
-92
-506
-1225
-1007
-235
-367
384
1162
152
1141
1249
78
261
-1565
-2217
-957
-245
935
602
1110
1782
313
383
203
26
-627
-2331
-1262
-428
-169
205
690
1590
371
-358
-380
-348
-97
-737
-760
-1234
-947
1177
1634
908
558
-86
91
432
-169
417
883
-593
-797
901
1301
1016
309
-1602
-1675
-550
-686
-1548
-2305
-1358
1341
1971
263
868
1441
-90
-114
303
126
372
591
410
213
-97
-996
-383
733
-245
-346
168
-256
-1
-495
-1073
-651
-533
95
524
156
774
1362
423
339
246
-878
-692
-1119
-1236
-196
86
961
704
81
976
936
180
197
31
-1753
-1636
444
186
31
167
-354
352
899
689
505
665
227
-502
331
857
-444
-1531
-753
580
425
-780
-971
-204
-824
-1616
-835
-571
-253
1279
1827
1601
1204
19
-750
-589
45
178
-92
111
644
1104
774
299
-383
-98
1458
1066
-297
-1453
-1836
-1307
-1774
-2050
-1560
-659
522
411
-313
1114
2175
1436
2150
1830
1049
466
-1649
-1439
-276
475
585
-694
-382
-153
-1140
-1230
-416
-138
-2
834
883
1539
1880
-187
-652
-216
-1809
-2282
-813
-48
-791
-1861
-2155
-566
1684
2181
3037
3421
2196
1041
-246
229
-33
-1316
-891
-921
-752
-849
-464
105
-1191
-1584
-1258
-663
-135
-27
477
484
761
575
154
918
1004
1165
2014
1438
414
-32
-474
-355
134
82
-844
-1871
-1894
-1208
-252
780
-276
-1980
-715
3
62
1328
748
-1025
-2563
-1438
1758
2911
2649
1063
-302
562
1956
2248
573
-959
-681
-299
-1047
-2236
-1883
-601
-394
-1059
-1839
-1022
660
798
234
-320
-588
377
1988
2216
1871
1955
971
316
609
818
360
-1183
-2297
-2083
-1096
-282
-17
-381
-420
-118
-38
-256
-2097
-2257
-394
-63
714
1814
505
-1437
281
2561
2502
2197
156
-95
1626
1335
1035
-326
-705
-266
-1909
-1745
-1576
-2151
-2030
-2544
-1335
236
908
544
-576
705
2241
3323
3042
225
-157
765
112
-395
-363
-500
-162
1110
68
-818
1191
657
-1199
-333
537
-1275
-2577
-1919
-2444
-2896
-2053
322
1516
-355
-925
522
4826
6079
1112
-502
42
1008
2910
1052
-1909
-1729
798
1523
-991
-2747
-1829
-1638
-2457
-1199
-1246
-2699
-1752
231
2314
2460
1346
1503
1178
2167
3044
1005
265
364
-330
-1160
-2050
-762
823
653
982
532
-1044
-1016
-1193
-1489
-1183
-2727
-3729
-2151
777
1392
-316
-51
942
3592
4772
585
-1053
1924
4324
2190
-2072
-2171
4
990
-119
-1880
-2284
-2173
-1321
-807
-1004
-2017
-2660
531
2662
893
-757
-796
1693
3235
1254
-98
1193
2725
1815
165
307
233
12
448
-1275
-3319
-2281
-619
-437
-625
-931
-1307
-1130
-1428
-635
1852
1034
-2400
-2001
1840
3215
1943
821
1417
3124
1463
-776
-438
369
1855
1161
-559
-720
-1320
-1796
-2495
-3342
-3559
-2485
-733
-1076
-1029
1329
2849
2788
2479
1812
1533
2503
2833
1585
-558
-1382
38
-545
-2627
-1249
1380
922
-1111
-1260
-534
-1038
-1156
-1652
-2899
-1091
1137
-667
-3038
-2110
1469
3007
195
59
4694
6233
3095
16
384
2235
1072
-1544
-3085
-2905
-1303
-1627
-3028
-2798
-2000
52
905
-1266
-177
2529
1676
314
-379
43
1565
1826
1681
1700
1431
1565
878
-612
-934
-47
810
-563
-1577
-770
-1757
-1976
-2127
-3704
-2958
165
2102
-1685
-3288
1222
3146
2303
-137
1400
5771
3750
802
23
1014
2284
-367
-2048
-1431
-1052
-1607
-3408
-2899
-1638
-1787
-808
-1026
-1457
862
1609
1129
2011
3071
3224
1004
172
1497
832
215
-449
-1301
-93
131
-914
-708
-38
-444
-1250
-352
118
-1571
-3225
-2369
514
-665
-3008
-595
1907
2174
-398
-260
4691
4182
1538
2259
2972
2749
176
-2495
-2790
-1707
-1730
-3780
-2584
656
-934
-3313
-2017
48
1821
1735
1016
1858
1272
17
-270
277
1373
1152
914
2059
2679
1177
-13
96
-1014
-1462
-2090
-2821
-389
70
-2133
-3384
-1620
1259
-2163
-4609
-562
2680
1979
-696
2239
5846
3214
1820
1800
1724
1921
-384
-1315
480
-149
-3398
-5077
-2587
-805
-2484
-1271
810
1208
860
-2054
-1679
1535
1481
204
1019
3050
2854
2399
2768
1680
500
-727
-1241
-197
-409
-2151
-2953
-1074
-367
-3478
-3198
-722
86
481
-2888
-2585
2021
1203
-671
638
4715
5412
1936
1934
2837
2734
621
-1543
-742
-1419
-1641
-1846
-2971
-1720
-1885
-2692
-1755
-996
-190
-1010
-1192
1143
1047
1264
3575
3225
1235
590
2097
2152
1282
1576
-268
-289
862
-1119
-2082
-1410
-1511
-2551
-2487
-3490
-3886
640
-1171
-4772
587
1932
838
2024
2673
5681
4230
1918
2474
1593
1593
-558
-1388
-878
-2028
-1496
-2119
-1391
-998
-3265
-2313
-5
-239
-2214
-1646
269
714
1920
1669
1477
2389
1216
2083
2956
1363
1127
985
811
-420
-564
-705
-3004
-1735
-2183
-3111
-2437
-3314
-436
-1169
-3095
1031
2387
1090
915
2592
3372
1384
1438
2354
2810
2880
292
-286
251
-1283
-1000
-1727
-2920
-3232
-4526
-3214
-956
-245
-1031
-213
1996
812
1253
2399
1211
1331
1521
3042
3938
2442
1749
577
255
-1094
-3088
-1723
-2193
-3247
-2428
-1801
-2383
-3015
309
-185
-2523
1142
2587
1005
-657
978
2989
644
2456
3800
2412
2914
826
213
178
-1381
-2012
-2769
-1124
-2061
-4443
-2595
-1251
-631
-1156
256
2902
253
-646
2080
2933
1580
1618
3474
1840
145
-227
-465
889
-230
-1054
-508
-1189
-1281
-2277
-2359
-1832
-1918
-560
-2173
-3270
-212
244
-630
502
3358
4418
2873
3374
2751
1886
1595
-602
331
1219
-151
-681
-1302
-1650
-3065
-3940
-2888
-2756
-2649
-1151
-228
-653
322
1353
1396
3726
4305
2811
3733
2340
583
1694
819
-842
-2392
-2446
-678
-1494
-3593
-3186
-1568
-3240
-2089
1382
-1371
-1319
1460
1089
804
1019
2971
2517
1127
2580
2503
2266
1344
-12
1346
1069
-1317
-2186
-2792
-3554
-3351
-2215
-1457
-1839
-2012
-1493
114
990
1139
2682
3696
3970
2934
1631
951
9
499
541
471
30
-1399
-1500
-1322
-1482
-2802
-2871
-2673
-2243
282
-2064
-2470
1525
648
108
1769
3587
3544
1884
2848
2652
2267
1295
-1392
-202
-23
-1612
-1577
-2118
-1656
-2294
-3274
-1130
-306
-2059
-1772
353
171
429
2519
1978
1584
2738
1830
1907
2952
633
-376
1287
-59
-1784
-750
-102
-989
-2182
-2555
-2585
-2419
-618
-1568
-4272
-1163
1352
447
372
1005
3951
3448
1567
3932
4026
2553
1009
-277
-477
-1516
-1681
-2248
-2694
-2346
-2942
-2493
-1921
-1758
-1312
-572
1339
1846
1670
3120
3335
2310
1690
1830
1031
-1057
-630
-263
-838
-55
178
309
391
-225
-1895
-2413
-3024
-3645
-600
-2210
-3133
1573
182
-1013
833
1527
3869
4028
2520
2723
3174
2723
1192
596
261
-1135
-1713
-2989
-3771
-3667
-4379
-2279
-1040
-1801
-905
513
2447
2031
1091
2391
2988
1433
270
1982
1946
768
133
-555
1005
784
-560
-795
-1592
-2473
-2965
-1670
-1890
-1590
-17
-2836
-2407
172
-283
1054
1094
2119
4258
2989
2494
2623
2007
426
-303
972
830
-9
-1119
-2015
-2552
-3371
-2850
-2318
-1844
-2026
-2529
128
1889
970
1118
2061
3501
3023
1218
1614
1158
607
1305
556
456
-45
-1945
-1622
-1547
-2942
-2656
-1473
-1004
-178
763
-973
-1688
-277
-1272
-608
1087
1247
2774
2458
1010
2407
3530
2134
395
-334
84
-357
-2523
-2287
-699
-1115
-1233
-1156
-1795
-1217
-901
-635
815
390
73
847
901
1200
980
1326
1437
881
1090
137
-18
1432
417
-1452
-893
-1137
-1610
-320
-639
-838
-81
-1057
-2148
-1257
-45
-802
-840
730
1799
2142
554
-804
1260
3970
3457
979
-283
-489
-331
-1645
-3333
-1238
701
-100
-967
-1237
-326
-82
-374
925
1537
85
-681
220
529
-73
-771
-432
336
-89
551
1599
500
-584
52
555
39
-72
120
296
630
1100
826
-1481
-2686
-1952
-1530
-1061
-1329
-580
562
693
2288
1063
-689
1969
2275
361
401
287
-771
-919
244
787
-161
-1300
-1247
-701
-45
402
-75
-305
-50
585
243
-564
710
497
-962
-87
397
-77
-504
572
2575
953
-882
-19
708
879
-13
-1323
-2545
-2191
-55
133
-966
-1112
-472
283
793
1009
792
378
309
986
991
382
530
117
-815
-154
680
188
-258
-428
-121
-698
-1399
-994
-881
476
1096
1376
1659
-560
-558
1280
1131
-1128
-2159
-542
-640
-648
657
930
458
576
1034
-286
-562
776
824
477
210
-363
-1083
-1429
-1002
-439
-1363
-2222
-201
1884
1576
-231
-1584
46
1855
1130
-66
-586
866
2038
994
218
203
651
-57
-1148
-1059
-676
-445
-525
-29
-412
-422
-290
-1534
-562
893
1150
154
-551
840
930
915
933
-1511
-2156
738
1450
699
1011
-255
-413
388
-252
-766
98
1572
878
-503
-2078
-2110
918
702
-1979
-2163
-1274
-68
1043
-261
-1257
901
2766
2018
692
1178
614
-260
1241
682
-129
142
-1268
-1615
-1077
-726
-104
-278
-1276
-1374
33
657
778
314
15
1733
1610
246
-588
-1152
313
1177
778
-140
-612
-76
-863
-906
-316
-636
-403
532
1620
852
-680
-568
-543
-505
900
822
-900
-1302
-1274
-1021
-232
415
552
165
762
1651
1278
323
926
2018
264
-1881
-1357
-212
-336
-309
-566
-1330
-167
1091
965
-119
-1313
-860
-176
226
437
-279
-193
1077
1360
889
527
43
83
-426
-492
758
-437
-1823
-187
321
-246
-283
-895
172
1619
1461
509
-778
-510
-216
-590
-938
-1218
-521
-560
-586
61
265
1072
1864
1227
489
428
-238
-515
-159
-178
-304
-61
661
526
52
145
-187
-680
-250
-518
-1488
-492
142
31
666
509
633
723
-38
226
747
32
-446
-770
-1011
496
1388
-35
-1684
-1508
267
709
155
335
289
272
860
1210
-243
-1434
-98
503
-17
-1434
-2445
-879
498
1551
1094
145
336
32
583
-394
-1335
-372
320
861
1176
2154
756
-870
-668
-1085
91
-349
-1445
-233
159
-141
-728
-723
-115
815
1688
789
-34
75
1056
1721
-69
-1531
-1782
-1112
-469
-633
282
-395
-275
1498
1141
1425
593
-1144
-660
666
821
-823
-824
334
413
-28
-688
-1187
-1427
-594
12
-49
617
844
277
346
1401
763
-1585
-520
1428
766
340
-774
-1282
-1104
-162
1811
6
-367
1519
771
-213
-569
68
107
245
-1
-1156
-1066
-1820
-1542
-67
750
1089
956
1154
357
402
1248
453
-413
-579
-186
441
-202
-2019
-1429
630
532
-162
-890
-942
477
981
1053
512
-455
712
1219
430
-471
-1336
-605
-323
-284
-679
-1118
-300
-577
162
1624
1863
725
-140
2159
2113
-862
-850
39
-1101
-1730
-1244
-934
-708
-900
545
1964
447
-847
-167
579
-240
-293
899
986
363
105
-166
-410
131
248
273
315
-432
-1435
-493
1312
-600
-1127
18
-341
920
374
-706
-226
19
892
1272
619
-611
-254
580
21
-794
-2074
-1388
233
785
1115
-33
-142
583
341
1385
920
-795
8
646
-1258
-2132
411
663
-586
1146
623
-681
155
27
370
494
-270
-786
-984
355
626
-173
-267
-584
308
215
-1070
-784
-268
472
1015
843
45
-473
372
727
594
128
16
565
-337
-880
-654
-790
-554
-1123
-1311
11
1408
1916
971
823
1124
-117
-274
356
-516
-1452
-1139
-311
301
46
-902
-182
1505
866
-553
-282
-380
-609
624
211
-731
85
85
553
1104
-1
253
866
-215
-1181
-841
-522
-605
712
359
-889
820
770
-54
1095
825
-73
-826
-1098
-689
-1392
-1481
103
690
387
558
409
278
523
937
754
-351
-77
300
-981
-305
1788
1107
-874
-886
433
95
-654
-59
-1132
-1364
233
-167
-309
-136
-458
1069
2038
385
-216
673
180
-591
-1068
-1165
-293
392
126
-952
-990
127
1037
2147
1826
312
-37
-721
-510
378
-969
-1027
-111
-404
441
699
-682
-548
225
-38
136
-378
-582
705
969
382
-2
582
619
34
682
365
-1277
-2197
-1046
169
-772
-1059
176
1154
1229
1083
951
123
415
887
-104
-447
-1492
-1957
-4
922
368
-906
-898
451
623
-18
-761
38
643
309
859
794
655
160
47
733
-222
-1186
-1616
-1667
-986
-237
599
997
2069
2461
670
-786
-997
-6
508
92
-688
-2540
-2334
-538
407
1067
270
-228
548
1142
1524
957
-25
-417
54
795
370
-1483
-2061
-485
-587
-835
898
804
227
1325
1007
-440
-941
-580
277
411
-328
-258
139
-1034
-963
481
388
1189
717
-551
336
-478
-60
2028
1162
-6
-221
-1221
-1275
55
7
-472
-564
-887
-540
330
726
395
1104
1001
-405
-522
-268
501
97
-777
172
-19
-1068
-1067
143
1300
651
-363
-781
-1016
-370
820
1307
597
-110
367
-475
-1395
137
1181
2065
1542
-1165
-1174
560
716
-64
-442
-1621
-3109
-2027
-315
490
1257
1501
887
474
409
-49
1035
2127
1056
-689
-2121
-1134
118
-44
603
850
-320
-1742
-810
535
-247
-213
-50
-751
-1244
-623
875
1175
1402
1397
724
338
-579
-659
-468
-482
693
145
-1504
-876
176
904
1959
505
-2894
-2665
978
2110
-142
-976
327
1112
1147
184
-95
739
341
-44
110
-561
-1291
-865
-405
-241
-541
-1116
914
2211
588
-189
-355
-1067
-1026
612
1138
887
1313
-284
-1828
-323
687
-325
307
306
-1968
-2149
-522
671
1029
1714
1019
-1194
-680
672
1050
1225
620
-399
-1590
-1653
178
1512
958
702
557
-1030
-1823
-1113
-402
-170
309
1055
153
-364
929
1538
1621
725
-383
-5
693
-206
-2731
-2409
-1040
-2508
-2544
-601
501
403
504
1539
1852
3022
4705
2650
-362
-1279
-1168
563
544
-1931
-2671
-2633
-2116
-905
-99
359
232
811
870
458
1162
653
344
500
154
134
-779
-97
1033
108
2
188
-133
-338
-154
206
-182
-57
1277
2044
861
-1100
-1407
-541
-1031
-2073
-3396
-4880
-2400
1949
3049
1589
285
1535
3717
4136
2970
1021
-581
-1037
-834
-671
-914
-3399
-5327
-2876
-496
254
1575
2502
978
-975
1243
3780
3406
1280
-2362
-3754
-2045
475
1143
596
1233
443
-352
424
1297
1494
-709
-1199
579
-462
-980
-71
-1641
-3153
-4464
-4895
-754
2489
1522
-573
-468
4149
7649
6955
4305
443
-1461
-1296
-1329
-998
-2336
-6449
-7752
-4072
-105
1565
1838
2141
1430
-146
1805
5655
5514
1416
-3351
-3809
-221
831
-240
-1101
-1487
-1026
-307
2167
3953
2276
-876
-1707
795
962
-1557
-3333
-4322
-5085
-5281
-1676
2654
2947
526
-1709
1450
7958
10407
7311
1472
-2672
-4126
-3388
-1224
-862
-3671
-7205
-5883
-720
1932
2081
1608
1193
1539
3139
4277
3582
1700
-2733
-4564
-1221
518
-402
-3037
-3412
258
2188
3534
5121
3585
-408
-2694
-753
1569
784
-2996
-5714
-5962
-6291
-3323
2448
4909
2191
-669
1147
5306
8682
6744
834
-2804
-2998
-1196
-1408
-2373
-4093
-6293
-3443
718
2492
1983
-106
-1480
-340
4197
7047
5558
1163
-3857
-5405
-3104
249
885
-1521
-3476
-2053
1605
3571
4149
3983
2415
792
-1080
-1234
368
-1755
-5583
-6039
-3783
-3705
-4081
980
4893
4516
1520
393
5867
8213
5636
1516
-1527
-1948
-4062
-3873
-4003
-5426
-4671
-3838
715
4010
3134
2176
324
1176
4625
5715
2848
-2003
-4623
-4157
-3071
-2328
-721
388
-632
-366
2445
4708
4867
3675
1992
-729
-2392
-2061
-2097
-2773
-4267
-5131
-4481
-2807
-924
1135
4854
5413
1451
468
5513
8961
3930
-2000
-2199
-1741
-3221
-2959
-2311
-3758
-4970
-4940
-420
4772
3608
1299
628
935
1851
2511
3720
1000
-3577
-3618
-1672
-107
-951
-1852
-90
1138
3264
4552
2996
413
-1934
-90
1926
284
-1811
-3775
-5322
-5402
-3178
-2123
-1837
1234
3873
5489
2932
-1587
1933
7668
6743
222
-3425
-1177
-1650
-3102
-2385
-2150
-3370
-4997
-1721
2912
4444
2857
-38
640
1137
1089
2198
619
-2611
-4932
-3691
498
2697
1103
-369
921
1669
2283
4082
3169
-778
-2661
-825
-807
-2606
-2391
-2690
-2730
-1618
55
195
-3178
-1761
3999
5467
1480
-2281
1308
6461
5924
691
-2751
-1368
-1883
-2255
-140
-573
-4298
-6782
-3226
2107
5306
3900
-555
17
1356
2010
3234
247
-2667
-3306
-1550
-66
-759
555
57
-865
1208
4155
4746
117
-2040
-37
950
519
-523
-739
-2407
-4864
-4689
-2739
-2860
-3873
148
5623
6253
2190
-1808
829
7905
9497
3138
-3175
-4747
-4042
-3514
-3069
-1607
-1644
-3948
-2483
2820
5437
3518
-382
-1746
139
1724
1351
-282
-1695
-2890
-2165
579
1794
1280
197
207
1588
2838
2514
155
-982
-418
922
1232
-1778
-3667
-3425
-2062
549
847
-705
-3811
-6111
-1697
5648
7425
2363
-2110
-339
4851
6656
2155
-3203
-4622
-2571
-129
458
-865
-3499
-4578
-2681
1002
4270
4491
672
-1893
1398
3777
2793
84
-3498
-3442
-2068
-1191
-248
-362
-1445
-1453
3167
6734
4940
1287
-1915
-1796
182
778
-977
-3386
-3053
-2601
-2378
-599
-939
-2636
-2479
1581
6907
5757
-807
-4859
-392
6994
8298
3820
-2562
-4471
-2974
-1119
-824
-2887
-3248
-5233
-3871
2207
3535
2504
751
1162
3550
3571
2452
-807
-3585
-4356
-2695
942
1689
-17
-2688
-1282
3960
5705
4656
142
-2551
-717
-616
-90
-1386
-2694
-2022
-2841
-261
2026
407
-3930
-6456
-859
5714
6496
-496
-4981
985
6442
7888
3303
-3609
-3435
-1112
-41
-297
-1953
-3472
-3842
-1271
1606
3623
1867
-3151
-2458
1866
4803
3302
-1996
-3378
-1765
-69
863
1351
429
-2566
-1387
2443
4542
2452
-1761
-1445
643
1774
552
-1799
-2041
-1151
574
864
360
-1311
-4477
-5346
-3657
753
4162
3363
-1240
-4097
2497
9820
9467
2266
-4127
-1541
-61
-1983
-3015
-4502
-3754
-3819
-1316
3055
2027
-597
-1628
2227
6695
5395
909
-3006
-2868
-2073
-1389
7
-1922
-3760
-1526
2379
4453
4054
2246
195
468
1588
975
-608
-2648
-2939
-1930
-1388
-651
-865
-746
-291
-1654
-2987
-1299
1777
2679
1773
-1537
-879
6032
7836
3632
-2816
-5239
387
3258
-591
-4279
-3930
-2738
-1518
1905
2567
309
-1333
-1697
1216
3413
1411
-658
-1151
-1733
-1308
329
358
-843
-1836
363
5540
5351
1132
-719
-553
60
-713
-1320
-1231
-1943
-1659
21
20
-1275
-277
69
-1024
-501
-1557
-2051
966
2167
1445
-594
-2724
791
6079
6803
1964
-3976
-3085
2010
2645
-1782
-4330
-3793
-2450
157
852
376
262
-1111
-19
3842
3979
333
-1645
-942
489
-97
-1564
-888
-910
-1716
493
2740
1573
872
1186
988
1287
-972
-2709
364
1352
-619
-829
-829
-1357
-1392
-938
-651
-1387
-3866
-3880
1770
3968
1239
-452
1032
6767
8191
3564
-1741
-4011
-778
-77
-3497
-6054
-4896
-1302
333
2432
3107
2010
924
-1071
1353
3701
164
-2966
-2587
-1519
-1241
754
1321
-653
-646
-338
2444
4182
1269
1235
867
-439
-332
-2058
-2377
-1249
-571
-578
293
1160
-897
-161
1359
24
-916
-4006
-4958
-571
2410
2111
-830
-2982
1401
8499
8841
1853
-4040
-2730
2306
2642
-2154
-5104
-4089
-3366
-1636
2286
650
-1438
996
1038
2613
3182
-673
-2416
-1606
1704
2000
-772
-1857
-2395
152
1890
1521
462
-455
1864
1362
-15
444
-642
-1639
-1314
1705
1396
-1261
-281
-885
-648
1250
-684
-3296
-3684
-3047
-1031
2721
3270
-990
-2274
2553
8123
6378
-1555
-3244
1160
1924
-553
-2973
-5526
-4553
234
1140
125
302
-753
-490
1297
3339
3384
789
-1221
-672
992
-219
-1922
-3009
-2483
1324
1829
734
2510
2591
-227
-608
1624
-377
-3203
-1540
-256
-6
-622
-2119
449
3263
1304
432
1986
390
-2237
-3879
-6071
-2952
2049
1390
-892
-1559
2493
7510
6395
750
-2648
844
3074
802
-2363
-5289
-3229
-588
-856
-406
-605
-1298
-372
1360
2322
2397
-531
-2171
1344
1180
-1463
-754
-321
-1031
351
3239
2550
632
502
-132
352
1492
-818
-3530
-2052
-1100
-169
819
-1279
469
1997
-272
586
1229
-41
-1486
-3986
-3981
404
3197
422
-3029
-2150
2493
7051
6061
-529
-2638
2293
3634
-267
-4124
-6077
-2710
1082
29
487
229
-1866
-738
16
1288
1779
-978
-332
3070
2674
-1848
-2668
293
52
525
2103
1245
350
-569
-696
1384
1220
-2882
-3134
253
375
-363
-494
778
2588
1511
-133
-891
-227
-218
-169
-1021
-5263
-2587
2226
336
-1950
-3907
-1242
6288
8275
2169
-1418
2007
2912
1617
-419
-4437
-3684
-933
-1725
-1229
-459
-3426
-2414
2898
3847
2426
694
-1339
243
1230
-1507
-1003
281
-647
838
1460
-193
-394
250
389
1264
1771
221
-1221
-981
836
635
-2171
-2858
-335
1735
857
899
863
-559
245
-881
-3949
-3961
-2207
464
2955
830
-2896
769
6109
5020
1971
-2309
-2223
4558
4308
-1570
-3436
-3606
-2984
731
1960
-2229
-3471
-2440
-657
2468
862
-369
1370
1675
1728
591
-1062
-812
221
982
1468
294
-1603
-544
1527
948
-3
-184
-907
-392
1138
446
-1470
-1573
-920
971
2457
446
-70
273
-601
-438
-1512
-3653
-3781
-517
1768
221
-2816
-3790
1540
7722
6962
758
-1579
3292
4855
928
-2526
-4560
-3337
-439
76
-1201
-3514
-3795
-781
1594
2160
893
-173
516
2346
2577
-774
-1028
1201
688
274
-273
-1438
-695
947
1042
563
-656
-1961
-338
797
114
-332
-1221
-158
2446
1559
-1437
-557
1470
202
-37
-563
-2483
-1218
-1435
-2277
1150
1672
-1626
-2439
-983
2342
5522
2387
-2482
-434
4038
4519
777
-3699
-2839
1135
145
-2166
-1934
-2734
-1584
1081
989
-389
-1158
-427
1547
3000
1370
-1537
-671
3446
2768
-1868
-2195
-1784
-192
2099
55
-364
-87
-1063
56
564
-689
-509
1469
1026
-774
-688
-554
455
2244
1151
-176
-192
-1961
-3123
-2553
-1603
663
1812
-258
-1331
-984
-211
3543
4272
748
564
2271
1766
32
-2044
-2485
201
-220
-1827
-466
-1941
-2114
833
699
-1035
-554
1140
1210
703
466
242
-152
-114
976
995
402
962
984
-130
-232
-1305
-2677
-1070
-129
385
1154
-479
-1035
654
819
515
1187
707
926
1259
-1142
-1715
-171
-80
301
-250
-1952
-1800
-2081
-2075
137
296
-1109
92
2278
3084
3106
1777
666
1650
1750
587
-243
-1846
-2559
-1547
-2194
-1906
143
-202
148
793
-417
-242
305
124
450
331
-557
155
1417
651
560
1173
-27
-742
167
1031
124
-2140
-785
653
-2083
-844
1792
-1
-89
1254
20
-163
1671
823
-222
-74
-1210
-270
609
447
244
-3113
-3209
-750
-2107
-1074
1384
1154
1618
2003
1276
1535
2349
1068
17
695
-330
-783
-578
-1451
-1711
-2570
-1194
1046
-354
-91
1587
634
-357
-223
277
1282
1431
-465
-1197
-274
-872
-962
859
1696
1194
966
65
-611
-293
-1346
-968
79
-1293
-853
175
64
1163
1262
327
180
166
540
117
-1274
241
1741
-633
-1183
-22
-506
157
137
-787
337
-21
-1567
-1253
-774
-300
173
488
799
430
1188
2688
2208
738
-163
-450
-694
-1533
-1406
-992
-885
969
553
-1098
608
330
-997
745
831
-1024
-492
428
-210
205
814
883
1176
289
-391
-225
-1109
-1787
-921
48
-172
-647
201
1142
1258
1408
1698
1167
-1047
-1794
-402
-186
-799
-1052
-616
-96
455
1281
1228
544
41
-41
88
-327
-1425
-1648
-1216
-1324
-924
200
1318
1280
1272
1666
929
754
505
57
173
-643
-307
423
-607
-888
-1215
-1597
-389
438
462
-166
31
46
-905
650
1182
538
884
731
1210
170
-415
-192
-1279
-6
863
-595
-945
-775
-1960
-1746
430
272
157
1063
1023
1521
839
-308
-165
266
296
-461
-446
68
645
793
-163
-488
-821
-790
-312
-697
-986
-1012
55
609
76
1096
1519
888
1027
1040
-285
-1467
-560
-731
-1113
-413
-522
943
768
-485
786
701
353
399
-122
-683
-1103
-837
-648
850
1941
894
-39
494
525
-1690
-1682
-61
761
962
-1323
-1539
840
732
173
419
37
-250
-1318
-1460
697
599
278
1803
1022
27
-222
-858
279
438
-701
-162
85
-140
-711
-999
-84
51
193
-168
-903
-282
231
1166
2033
1429
694
106
76
-581
-2571
-2482
-1262
115
1267
294
676
840
263
1595
1166
169
-461
-1309
-514
-30
-19
635
317
-887
-785
368
-176
-893
813
-206
-2283
456
1340
-268
430
644
-198
291
790
5
557
869
-133
-454
-1114
-1935
-1839
-169
1183
1440
1338
549
131
-259
589
951
-1486
-1771
166
36
-637
-95
-508
-1217
132
1690
1779
919
-528
-356
606
-14
227
-325
-1501
-237
404
257
237
-193
-639
-230
1049
660
-763
-789
736
784
-767
14
801
-260
-547
-744
-696
301
-202
-761
414
1611
1377
-669
-387
1544
136
-1303
-240
-418
-1485
24
755
-587
-292
24
-182
609
1461
1402
293
70
-37
-1621
-1817
-983
-286
756
1049
1202
957
209
-691
-853
-222
-335
472
251
-588
487
3
-419
462
-109
-918
-436
447
249
-321
-13
34
1274
2989
608
-1175
-200
-1394
-2658
-1345
147
-77
337
622
117
946
710
818
1388
185
-66
-133
-1492
-2253
-1258
61
1172
2145
314
-1009
259
-65
168
455
-68
422
-15
148
-1068
-1937
90
-164
190
1493
1441
746
-1067
-1170
-274
479
933
-111
-599
-41
163
-934
-1196
799
150
-1014
1221
937
-874
-50
873
686
343
137
-515
-717
-233
638
232
-1032
-236
-344
-327
785
362
142
-498
-385
795
532
663
947
-130
-1047
-1178
-1204
-924
-73
716
645
308
276
238
517
504
330
680
482
-615
-1750
-1626
-401
189
-231
-25
863
469
619
1774
1499
408
-808
-636
-396
-1752
-1484
-236
-832
-931
1627
1552
-308
575
585
1074
1806
485
-1164
-2723
-2232
-1132
-401
539
1030
1824
1428
375
179
-163
-228
-85
-388
48
648
3
-1245
-1548
-501
302
656
155
-183
870
710
-156
-402
-320
806
1516
695
-51
-1544
-2597
-403
621
-301
-777
-739
839
638
-138
1397
1982
1922
792
-924
-342
-1290
-3067
-1465
74
709
1340
493
-274
-216
-95
481
224
-710
-154
810
1102
-239
-1497
-118
518
416
484
269
586
-716
-1446
413
787
-695
-393
795
-140
-1285
-191
1497
621
-592
720
717
-1310
-2048
-673
799
1118
1211
-108
-1035
-310
-616
-20
1355
1221
638
298
28
-796
-982
274
505
-985
-698
1103
254
-1379
-1147
-904
-869
380
1691
1572
758
802
857
-431
-581
-938
-1330
651
326
-1393
-1099
152
521
-82
1339
1687
-626
-796
612
142
-204
744
-221
-777
415
-99
-1534
-764
1424
876
-283
442
-228
-1480
-1030
344
242
-613
850
1511
285
466
678
-206
-888
-526
-23
67
995
732
-803
-481
62
-858
-1165
-577
-888
-230
1936
1543
15
445
413
-1039
-1225
747
1089
-607
171
120
-2393
-1000
1377
767
538
884
823
-21
-931
-406
228
481
794
-568
-1630
131
-197
-1188
1237
1325
-533
-190
-224
-1500
-1153
837
875
-322
589
1588
-121
-992
677
507
-305
1438
2141
-422
-2018
-1173
-1556
-1302
302
-892
-947
1921
2016
100
163
838
133
422
994
-395
-1267
-743
-1080
-2179
-192
1821
176
-20
1292
762
-773
80
1361
-236
-1081
-955
-647
-287
316
865
-363
472
977
-702
787
1578
-914
-1179
545
200
-728
-606
-370
-148
148
1285
775
-1167
-51
146
-1478
256
943
-1052
-310
1419
700
-173
514
323
-995
-619
434
-442
-1242
-147
443
181
469
309
-37
573
632
-335
-782
-201
362
334
893
375
-1178
-421
368
161
212
-814
-915
122
64
225
160
-209
281
105
-339
435
850
-602
-536
1122
180
-1005
-631
-140
252
763
657
-582
-1
1363
562
-731
-906
-300
-268
-709
-360
229
67
-46
-435
-410
458
211
445
722
352
607
604
693
103
-774
-842
-661
14
45
-1337
-1325
454
-8
-224
1421
1047
289
518
669
-291
-1028
272
-177
-1379
-122
427
-192
119
1130
1049
-906
-1445
230
238
-627
317
564
556
1440
-177
-1245
199
420
-490
-728
57
-923
-1295
648
402
-298
44
1135
921
-520
947
440
-1095
858
259
-1866
-629
678
95
279
784
203
-302
-597
-296
-918
-1556
791
1892
874
313
75
-81
88
755
-1258
-2267
-371
-292
93
865
1111
265
-258
979
322
-233
13
-347
-592
-550
145
-165
-573
402
1240
250
-981
-374
390
-174
-850
314
1452
848
-108
-245
-63
-680
-413
435
-738
-1707
268
908
-877
-406
1176
1685
932
-18
-78
-391
-447
-227
-201
-454
-867
-171
569
96
-322
369
1221
172
63
1180
-974
-1341
460
-431
-904
-49
1379
1131
-325
-596
-1228
-814
350
323
262
576
161
-207
-504
-772
462
1031
1005
719
-323
-646
-686
-199
354
1028
248
-1484
-823
-672
-662
217
440
1084
872
196
-297
-684
-60
391
395
-508
-318
1050
-203
-839
-98
-87
276
337
365
-562
-909
436
156
30
676
452
747
692
-23
-141
-988
-2261
-1407
341
12
-923
-370
1071
2379
1553
265
1078
972
-866
-1082
-728
-1805
-293
1017
-798
-452
-275
-627
331
1071
1646
721
754
493
-1074
-925
-1362
-1363
-541
-733
-352
1323
2327
1365
378
-562
-99
896
-352
-559
-899
-1841
-688
587
777
0
-359
208
1579
1894
-345
-1597
-1833
-406
1522
173
221
632
-923
-138
151
-437
1066
640
-1459
-426
500
-339
969
648
-1371
-643
281
525
-26
490
1158
-874
-181
115
-2379
-869
1217
423
390
1336
581
-1020
-240
1553
566
-1026
-446
-972
-1280
80
-87
233
905
699
636
-453
37
987
-241
548
971
-1235
-1473
-592
-1265
-1338
713
927
-112
789
475
404
484
-1561
-1161
711
1173
1360
503
-513
503
1046
142
726
-531
-2666
-580
712
-690
-1106
-101
8
-696
377
571
-333
77
402
418
944
870
-265
446
1146
-319
-664
-678
-1206
-758
266
864
206
-926
-66
702
-633
174
1092
-290
-453
-401
-434
729
781
-732
51
1731
424
-503
-480
-1281
-617
413
190
-148
-430
308
784
272
658
-155
-947
-163
-421
-714
217
1120
355
408
580
-938
357
648
-311
331
-1689
-1495
440
-590
-662
116
344
386
1022
1850
1273
392
341
147
-1555
-2098
-225
-338
-1529
280
789
151
2155
245
-1985
769
939
-230
64
-90
-110
-569
-778
490
878
-628
-762
-155
-119
577
-666
-1551
1185
1440
-269
560
195
-364
820
166
-147
1719
1438
-434
-551
-332
-760
-1396
-1419
-539
-31
-399
-687
-249
-849
-465
521
-451
1195
2781
1200
1239
1372
-675
-1040
-36
-738
-244
568
-509
-250
706
-184
-1511
-306
379
-1138
-1088
-709
445
932
-1318
209
2182
674
1631
1331
-1062
-7
856
-786
-1403
-614
-1228
-1233
628
795
528
222
-1049
165
1572
-656
-933
1058
355
983
1505
-1069
-552
444
-1156
250
1252
-1437
-1703
-390
-138
299
55
249
220
44
431
-105
758
266
-1261
1112
1237
-982
137
303
-1378
673
2082
-1307
-1343
-143
-1254
504
582
-1009
-158
1015
713
-1121
-339
1322
719
187
767
1502
-771
-1702
517
-256
-960
502
-102
-1660
-130
1445
-672
-911
1154
283
-516
1622
1502
-2451
-1975
919
-680
431
2493
-120
-738
742
504
-750
-976
-876
-1111
785
2120
1031
-603
-1204
-229
193
849
1050
-1048
-1267
1421
1324
-1291
-1096
-784
-1767
-165
1604
538
-681
514
1167
455
1090
159
-1645
-661
332
340
341
-446
-1027
-256
420
206
350
177
-414
159
615
297
-135
-1146
-1070
886
1511
88
-746
10
1121
257
-859
-129
-297
-606
197
384
-123
-555
-459
-335
-161
-295
-34
820
878
1608
987
-1542
-929
853
187
-561
-572
-760
-1031
-921
228
1353
1918
1319
47
229
-45
-816
-962
-1226
-695
-505
-205
707
-407
-873
1195
1578
330
759
2309
1189
-1783
-1424
-750
-1738
-815
-968
-1224
1218
1946
1124
349
73
1007
-304
-1202
692
-3
-1173
1140
1382
-1992
-1224
831
-1305
-400
1781
-137
-1292
67
884
-83
573
1321
-738
-503
1128
528
-1190
-1350
957
233
-1941
256
1440
-779
308
1684
-1474
-1372
1154
345
533
1665
100
-1396
-25
602
-391
-1138
-854
449
-99
-100
145
-963
273
1401
614
-610
-833
-148
-909
-715
1006
894
376
645
467
682
850
-63
-924
35
830
-316
-687
-911
-1738
-2122
-1144
553
651
1058
1953
1773
855
190
-5
-62
89
-1383
-1782
-78
-431
-1402
-597
1427
2675
602
-1282
308
498
-300
-401
-1383
-159
1226
-278
-1119
1491
2048
-1407
-776
1283
-699
-2061
-444
624
848
1457
228
-402
215
300
-522
-2279
-559
1503
388
-297
-161
206
106
734
556
-703
529
834
-159
-1113
-1612
-262
86
1025
1522
-341
-1340
-1069
4
-290
219
1179
99
647
873
984
760
-1195
-660
334
-482
-1316
-567
-4
-602
214
398
95
665
729
322
105
13
-1035
-1111
-484
412
1064
-912
284
2553
418
-473
-111
108
111
-815
-1021
-1791
-1242
852
417
-131
1612
1813
-147
73
135
-1557
-679
913
1199
432
-682
-474
-988
-1275
-639
-586
271
1242
1858
510
-1158
839
915
-765
320
279
-556
269
-149
-1930
-794
1006
143
-624
-1140
59
1366
533
1370
809
-486
793
626
-977
-2014
-1532
-611
305
1010
78
209
301
-63
584
423
1089
808
-1311
-1513
-558
-52
212
267
-361
94
1356
678
1
365
274
-252
599
531
-2387
-1896
-383
-1173
-16
145
654
2116
790
699
344
-874
-95
-468
-350
415
-117
241
245
-372
-252
-233
-266
-434
-1087
-312
1309
1273
954
276
196
1050
-244
-1026
-797
-1166
-680
-292
35
250
102
427
485
171
468
734
-256
-678
-187
-207
3
-112
-378
-511
-254
376
-392
629
1475
-811
131
1822
350
-819
-58
507
-1425
-1197
144
-670
111
1418
1461
-213
-852
332
-1326
-2109
454
1179
-531
420
1407
-1624
-721
1764
-145
-460
989
1288
-2
296
1738
-664
-1526
-415
-1274
-1085
-266
623
688
73
276
-410
-664
209
371
-297
60
1001
22
-486
224
58
-383
175
635
-590
-594
736
630
69
-222
-323
81
373
273
873
438
-1062
-224
-40
-1902
-2046
-581
839
185
-587
1375
2147
1779
1076
-499
-892
-1480
-648
125
-527
794
484
-820
-326
839
1054
-97
-296
-1202
-580
1152
-238
-707
-474
-424
385
146
44
-119
-518
1110
2556
361
-917
229
-782
-1054
107
-386
-423
695
1151
-121
-1111
44
313
-345
478
136
-905
-319
-76
-87
-96
457
1369
524
143
159
-1330
-1058
844
-299
-1791
680
1828
-1093
-1274
1034
286
468
967
-412
113
443
547
38
-242
384
-1229
-1111
-61
254
402
-393
-386
-350
1106
729
-960
531
-112
-987
-418
-661
571
992
695
611
-1058
-1304
756
1055
-44
834
528
-1019
592
1674
180
-1220
-597
-280
-2150
-1383
-97
-488
270
1151
1222
18
-553
99
520
648
895
1027
-757
-1867
-279
695
-197
-154
497
-149
828
1851
137
-757
-259
-1328
-2095
-449
-332
-977
767
1791
1051
257
-42
602
451
-547
538
491
-1734
-1790
-441
467
14
10
408
-102
815
1084
1046
590
-412
548
-660
-1496
-611
-1332
-679
613
1308
1076
-154
-1512
-819
1538
-94
-1175
437
130
896
2442
1202
-1795
-1162
1010
-1215
-2517
-237
1600
269
-826
1845
1416
-1031
-6
-151
-875
576
805
-519
-484
130
-283
-1046
-1294
367
1323
663
1044
-388
-2367
-2261
-690
2227
2781
1278
-1166
-1653
2778
2894
-2119
-2785
-374
-108
82
907
-985
-1401
1871
3358
877
-1925
-1600
-1194
-752
65
-1642
-1120
1899
2519
1806
244
-574
379
594
-461
-2317
-2432
-383
820
816
557
605
-17
-166
673
231
-658
-809
2
1108
1790
516
-967
-104
-1037
-1097
1260
490
-635
254
877
200
-1212
-985
187
3
-746
-1341
-1768
-2928
-937
5528
4760
107
121
-477
715
2440
-64
-3792
-4387
-163
2171
597
-593
-253
1236
1806
1117
-555
-2543
-2279
-157
1006
-272
-1847
483
3288
1966
268
-299
-309
-32
-136
-587
-1766
-1273
-40
850
2196
1410
52
-496
-347
33
-2002
-2323
1262
3423
2286
214
-1370
-2704
-776
146
-3495
-2566
-2194
-1600
6273
6501
1251
-286
-880
1524
1977
-2844
-7038
-4330
1371
3782
5189
2320
-1879
898
3205
-381
-2843
-4024
-5626
-1950
2809
1926
78
1221
2836
2116
1208
-106
-3705
-3344
215
-26
-709
-90
1312
3831
3847
537
-2884
-1556
852
-845
-1853
-1181
-284
1296
2345
2072
-525
-2457
-578
296
-676
-687
-303
-106
-2036
-2196
-1602
-1464
3405
3715
684
436
117
4144
4093
-1105
-2210
-3824
-2614
1503
1016
-1682
-2634
926
3248
729
60
-1259
-2810
-266
1490
65
-1009
852
1292
909
2107
-848
-3604
-877
1797
532
-811
1442
965
-517
1709
-55
-2863
-1033
796
557
-537
-521
-118
1537
3423
1735
-1297
-1950
412
-238
-2678
-2567
-3286
-3650
-2625
2877
7038
3509
1031
-1358
-455
5078
3358
-2873
-6541
-4340
665
1906
2195
-19
-1727
3784
5767
242
-3721
-4591
-3559
-755
1553
234
-1541
389
955
325
1717
1610
376
-301
613
2170
557
-993
227
94
-1417
-958
-1030
-2117
-440
1479
974
204
566
1020
1779
1458
-783
-1125
-831
-1831
-3455
-3397
-3065
-2453
5834
9216
2232
-2328
-4807
-1995
3634
3644
-1070
-5012
-1739
2683
4082
3354
-786
-2201
862
2958
371
-4038
-5307
-4936
-2269
2208
2722
1237
1098
1614
3193
2840
-126
-2529
-3064
-1150
706
1065
437
-384
1011
1499
-61
93
-377
-2130
-1824
569
1492
640
1394
1381
831
1422
-479
-4107
-4721
-5106
-8403
-652
10928
6535
1558
273
-2292
1611
5232
2363
-4655
-7260
-2484
1512
4848
4881
-548
-2642
-277
2203
1525
-3060
-6068
-5872
-2014
2771
3782
3718
1608
-259
1600
2401
363
-2097
-2439
-1868
56
2779
1955
-745
-1822
-699
-60
-597
-178
-750
-1096
2049
3672
2075
1589
970
-787
-1708
-3066
-6117
-6531
-6536
-4418
7091
12403
7359
2382
-2399
-1369
2808
2951
-2887
-8491
-6221
-2192
3871
8464
3709
-957
-618
-484
157
723
-3537
-7589
-4507
176
2890
5788
3697
-987
10
2228
2032
138
-1996
-3520
-3503
419
2706
1674
782
-252
-9
647
665
151
-1971
-1675
855
1228
2231
1934
-663
-1325
-975
-2182
-5037
-6042
-6341
-242
9379
7879
4848
1451
-3649
-440
3141
1755
-2152
-4633
-4661
-2495
3781
6256
2828
-972
-3561
-2153
2077
1968
-2197
-4715
-5092
-2567
3473
6829
2996
-1159
-871
1019
2217
1837
163
-3544
-3937
10
1568
2554
2083
-1848
-3911
-1122
2519
2148
646
319
-637
-324
1770
2033
-777
-2898
-2671
-3643
-4246
-3991
-2427
4162
8213
7371
3337
-3128
-2565
1183
1670
290
-3618
-5787
-4275
735
5579
4005
2042
1023
-1683
-111
676
-1867
-3407
-4464
-2740
-277
3914
6601
2825
-575
-2921
-2526
254
1148
422
-1796
-1606
-503
1591
4607
2412
-93
-775
-1500
-169
676
-77
-1839
-1227
427
-195
1540
762
-2785
-3863
-3551
-3168
-4313
3298
9697
5188
4153
-267
-4122
-948
1257
2011
-2780
-5439
-3976
-1570
4243
5559
4569
3361
-1135
-2846
-850
-1279
-3548
-3033
-3637
-4382
361
4504
5111
4057
236
-2832
-1467
1788
1903
80
-1422
-2791
-618
2663
3302
1964
162
-1200
-2529
-381
2545
1318
-1623
-2578
-1940
-786
2057
1191
-929
-1509
-5028
-7060
-3988
4436
7926
5757
4863
-1192
-3127
1231
2623
1698
-1852
-4719
-7071
-3644
4868
6000
4865
3489
-1261
-3692
-2198
5
-1157
-2491
-3685
-5871
-1735
4267
5999
4767
1473
-775
-2264
-644
2787
2466
-289
-3596
-3671
-1340
295
2045
2335
686
-1509
-271
1938
651
684
893
-315
-310
68
272
-40
-241
-2279
-4893
-6884
-6418
2086
6967
6084
5111
-837
-2373
424
2551
4365
881
-3896
-6576
-3953
1236
4083
5056
1596
-1061
-2229
-2624
-347
860
726
-2466
-4486
-2236
-269
2935
5214
2966
-94
-1181
-1560
-1133
1125
2201
299
-1347
-1022
-329
1006
2014
18
-1832
-1820
-2067
-313
2707
3161
1936
1013
470
-356
-606
-1070
-2288
-3672
-5687
-5841
-3516
2159
7814
8086
5381
-823
-4029
-804
1409
3350
2770
-1128
-5300
-6499
-2331
601
2831
4290
1894
-147
-1306
-1034
88
1231
860
-2367
-3312
-2606
-796
2798
3803
2926
1707
-219
-1996
-1594
686
795
-698
-2082
-2492
-383
426
-606
360
1531
1071
658
935
1402
2325
1823
-508
-1815
-2138
-1129
568
621
-965
-1657
-1235
-2393
-2828
-2161
-216
2701
3429
3682
1780
117
1308
1244
451
-1135
-1836
-2123
-3184
-1395
1294
2209
1084
279
1204
429
-430
-182
-380
77
-999
-2566
-2320
-1564
866
2007
2001
2906
1641
901
994
-282
-1491
-1897
-2086
-3102
-2099
56
877
2105
2067
849
752
1327
1960
2117
867
-971
-2328
-3790
-3044
-87
1169
811
340
394
-61
-787
68
287
-299
4
-272
-1032
-686
234
175
698
1956
1036
-412
-167
1026
1209
255
167
-690
-1801
-1184
-299
357
1122
1073
-921
-699
234
-2150
-1674
35
202
1076
1210
985
440
1440
1979
356
-24
-960
-2221
-2651
-973
885
-777
-697
533
244
818
1460
1648
546
-454
12
452
330
-96
106
35
68
-143
-1287
-1312
-1412
-873
-247
-541
394
112
-127
478
749
1629
864
405
304
-795
-845
-556
-65
463
1143
493
-232
939
342
-523
-835
-935
-665
-1118
-277
-976
-631
2138
1691
1103
121
-334
577
-434
-211
-533
-596
457
-148
383
-333
-805
864
872
74
-81
1430
1513
-352
-1679
-3409
-4305
-2983
727
1956
1449
2645
1567
1353
2057
1651
881
-999
-1276
-2699
-3517
-2077
-1019
1993
3082
2376
1060
-190
1768
1491
-310
-1749
-3233
-2382
-1612
-850
-396
-301
640
865
1755
2724
1559
455
1016
1303
77
-1328
-1936
-2234
-2094
-1197
-20
779
918
852
167
23
1169
1472
205
-844
-448
-1338
-1809
-451
256
1677
1305
193
794
897
963
-249
-1190
-694
-585
-661
-1065
-887
-73
1169
2160
731
-1455
-438
910
-1001
-1281
140
-25
456
754
-149
-626
352
1291
-915
-1241
1142
-279
-1124
-477
-700
1202
1871
1043
1212
701
-100
21
201
-633
-1112
-1574
-1657
-413
-384
-834
-836
-334
1481
2123
822
50
905
975
-18
694
767
-1245
-1626
-128
-298
-890
308
320
330
1075
279
-62
-331
-620
-84
-19
-508
-999
-655
-1051
-1060
716
314
-411
979
757
-318
494
1439
1534
1557
1276
827
-97
-1640
-2080
-1398
-484
270
-162
-648
-421
-8
55
-394
140
-45
-973
146
1067
6
-398
1156
1086
279
854
-305
-216
997
-94
-225
398
75
-701
-1206
-592
932
1496
-86
-1027
-511
-277
-531
-258
-427
-634
377
-1132
-2212
-1035
42
1880
1063
1134
2284
396
389
708
626
1309
-322
-1366
-749
-849
-400
-2
-386
-147
-416
-822
-162
-189
-923
332
2069
1228
-242
-974
-714
-565
-933
-218
605
487
-265
1021
1926
784
988
136
-646
160
472
-477
-1735
-911
-223
97
445
315
571
-222
-660
-197
-465
-1094
-1329
-1047
-351
114
181
565
312
232
400
1338
3440
2006
296
1476
232
-1825
-1868
-2096
-2099
-850
50
-859
-1270
905
1198
-340
1085
2155
675
120
462
-658
-959
240
74
823
736
-1694
-1421
-443
-572
-251
-73
713
1028
857
1266
688
6
113
-346
-400
831
782
-502
-437
4
-308
-681
-399
-917
-2829
-3112
-1347
12
-39
946
1692
236
724
2106
2080
1929
2206
1942
707
333
-615
-1178
-731
-1282
-1472
-2129
-2665
-2183
-1643
-557
369
738
588
895
1943
1465
1205
2294
1307
-221
-291
56
83
-198
-669
-2001
-1093
-188
-810
50
-474
-394
-28
213
1838
1671
1230
670
1344
1446
-1126
-1223
-688
-2633
-4454
-2265
-603
-1778
-373
568
1006
1919
2072
2334
1778
3336
3756
977
34
-462
-1108
-1353
-1321
-1763
-2821
-2306
-2331
-1405
71
-699
463
1283
1198
1519
163
418
746
943
1499
1402
2809
591
-1799
199
-81
-2036
-3113
-1524
665
153
-173
75
413
-60
14
533
301
1118
1143
1624
1203
-736
-1550
-3439
-4022
-2255
67
808
405
711
-289
586
2228
2211
3083
2479
747
225
208
-245
-969
-531
-8
-1293
-3037
-3327
-1929
-920
-1279
-525
1371
1464
116
1315
2556
1074
1281
2070
1560
641
-912
-1463
-849
-327
51
80
-1045
-1672
-1333
-1048
357
1582
296
-850
945
1740
448
87
-44
-975
-1408
-700
-1100
-1044
63
-610
-988
409
1356
614
281
1593
2968
1484
-716
520
1072
-238
-400
142
-75
-644
-1646
-2942
-1487
-750
-1547
-372
-340
-870
349
949
897
2403
2710
1642
2015
470
-1830
-640
545
-49
522
297
-458
326
-423
-1485
-1294
-804
-358
-28
344
-64
-466
-427
-325
-1641
-1342
831
-416
77
618
-1476
97
1718
1857
1691
1554
2962
2362
352
-907
-2056
-2051
-792
-39
-584
-808
-696
-1017
-1392
-1426
-310
-457
-1134
639
1050
212
685
1443
2444
2733
2319
1095
-643
-1070
-897
-915
-791
-750
-833
-1107
-1447
84
1338
38
636
2162
572
-755
163
-638
-1809
-1009
-1816
-2518
-1049
-48
-205
582
2032
1378
1501
2534
1876
1597
740
-277
395
-69
-861
-645
-1811
-2082
-1268
-1298
-800
-744
-545
336
1185
1244
-84
-215
507
442
-336
24
1746
922
-140
894
622
-406
-488
-574
-40
930
-51
-527
881
632
12
-112
-662
230
905
-161
-1331
-3004
-4677
-3084
-819
-559
2273
3605
1219
1320
1186
1167
2597
2199
1162
98
-556
-1185
-1212
-811
-1557
-1381
-531
-141
-1792
-2633
-66
437
404
1554
1417
426
64
1110
480
318
1429
23
-1224
-844
-503
-271
1265
1769
229
417
249
-1206
-1005
407
983
-55
-312
307
-762
-1245
-339
-1003
-2094
-2923
-2882
-1023
1108
2635
1961
1050
1097
1382
3176
3146
1174
351
-90
-1208
-2469
-2948
-2124
36
356
-181
489
-14
-221
-233
392
1332
-749
-2546
-2418
-723
1491
1717
1701
1108
724
1246
583
441
926
680
-401
-924
-87
-302
-1164
-1055
-22
95
-1720
-1384
450
747
1483
945
-602
-1711
-3278
-2003
-87
1413
2705
376
-1005
-434
1418
3690
2903
2425
893
-2602
-3114
-1721
-1569
-626
860
462
192
-1606
-1574
1850
1993
1911
1097
-2445
-3379
-1998
-1565
-398
1235
289
487
1233
2039
4642
4015
2305
518
-2461
-2773
-2821
-2678
-132
44
-1381
-786
646
2245
2226
1372
-782
-3124
-4321
-5571
-1839
1442
3449
5112
-270
-812
2074
2316
6147
4758
-1226
-4106
-6892
-6367
-1581
1021
2897
3280
-230
195
2880
2619
3267
639
-4854
-5329
-4842
-3527
883
2275
1524
525
-236
1930
3757
3507
1752
-1599
-2194
-924
-1139
40
903
-53
523
1536
1202
2376
3425
397
-2284
-4148
-6056
-5220
-3886
-5192
-6431
-366
6418
9963
11348
4326
472
1248
-433
370
-1735
-5315
-7101
-7808
-1939
5350
7455
6373
3299
-744
-2049
-743
-1031
-3086
-6349
-7655
-4171
-176
5246
9332
5482
1133
376
-51
586
1158
-603
-3078
-4330
-3682
-186
2478
1904
587
274
1301
1957
2551
2437
-745
-2928
-2367
-2635
-1278
-486
-2590
-4191
-6100
-1344
5316
6983
8956
3280
-2737
-689
130
1694
2182
-4217
-8567
-5530
-978
5323
8094
4004
277
-2627
-2206
-71
-212
-1316
-4219
-6501
-3183
3130
5787
5780
2437
-1429
-1555
-802
1967
2091
-1474
-3048
-3602
-1036
3653
4383
2569
-333
-3470
-1926
1687
2252
286
-1282
-1439
-228
1347
461
-102
-2841
-6103
-5576
-4916
1690
7033
5612
4913
216
-1833
1692
1901
2145
490
-4833
-5771
-2835
1425
5770
4352
465
-1091
-2366
-788
897
-1977
-4335
-5367
-3637
2589
5494
4910
3986
526
-2010
-1148
393
1141
-707
-3767
-2989
458
3112
3861
2241
-596
-2667
-2221
-660
1093
1312
-1112
-1438
-427
985
3085
1480
-883
-3193
-4562
-3928
-4648
1486
6693
4445
4284
-772
-2019
2784
1019
1069
23
-4890
-5532
-2737
1859
6059
4977
632
-561
-1532
-1970
-1000
-3506
-5200
-4300
-1278
4823
8063
6262
1845
-2938
-4510
-2581
73
1003
-114
-1433
-771
1970
2690
1921
754
-2452
-1976
607
954
1086
-997
-2204
-474
1906
3782
3067
1372
-1437
-3999
-4407
-4262
-6114
-6382
2443
8248
8021
7584
-1297
-6941
-2739
878
3000
1619
-3313
-3932
431
2135
4717
4895
-1625
-2669
-1530
-693
1929
-1042
-4879
-5280
-3542
1727
6046
5935
2661
-2053
-3041
35
1440
416
-1553
-3020
-636
3487
3615
2113
66
-3418
-3755
-1364
905
1771
-161
-2318
-395
2469
3332
3074
143
-2106
-2880
-1682
-302
-2594
-4533
-4442
1769
6969
6597
5357
-3551
-7301
-550
2486
3149
694
-4132
-3674
754
4490
6446
3546
-3202
-5481
-2589
14
905
-258
-3371
-4682
-2449
2567
5614
3021
305
-957
-1158
1303
2566
31
-2440
-2556
-827
2297
3528
3089
315
-3238
-3060
-1701
553
1038
-178
230
1088
3284
3385
-117
-3199
-3762
-3329
-1719
220
-363
-2364
-4923
155
7163
6089
3790
-2689
-4931
1813
4624
4111
203
-5669
-7581
-3680
2498
5294
4446
801
-1825
-1544
779
1777
-1687
-4014
-2933
-888
2096
4442
2708
-1651
-3981
-2058
1541
2172
2067
1292
-1385
-1800
478
1803
-77
-1497
-1338
-1010
42
818
1743
677
-1481
261
2985
2602
1747
-479
-3651
-2111
-963
-2155
-2368
-3347
-3785
-1510
4539
6934
4688
1617
-5470
-4432
4480
5551
2962
26
-4995
-5360
-478
3183
3712
1598
-995
-2589
-3505
-1250
965
-1611
-3508
-1467
1413
4864
6512
2465
-3056
-4363
-2857
-84
2158
853
-456
-99
1099
2532
1286
-309
-1884
-2605
-247
1947
1947
-1172
-2695
-720
1016
3203
3834
908
-2742
-2854
-1716
-1581
-105
-1187
-2960
-2752
-1192
4458
6596
3525
-338
-5996
-4327
3289
5294
3342
-1278
-4918
-3852
-906
3548
4987
2471
-474
-2610
-1072
1014
-253
-3715
-5061
-2758
609
4848
5443
2359
-197
-3399
-3174
680
2025
1157
149
-613
-257
1273
904
-1510
-2796
-2787
58
3088
2674
1620
-728
-2071
88
1743
1718
1039
-133
-2097
-2180
-764
-1519
-2437
-2469
-3463
-1550
4604
7279
6159
100
-8297
-4433
4089
5818
4524
-299
-5088
-4596
-1246
1551
3476
2218
-2556
-2713
1319
1634
-283
-3635
-6811
-3409
3195
6730
6356
3927
-838
-5696
-3319
606
857
1344
130
-1603
-405
1408
986
-492
-933
-579
-112
853
2087
855
-2027
-2104
555
2498
3360
2409
-709
-2858
-3878
-3089
-2284
-1910
-1717
-4723
-53
8395
7293
3765
-2340
-5458
75
4267
5887
2306
-5815
-8509
-4491
870
5323
6069
698
-2418
-1219
-214
889
-642
-2867
-3505
-2290
2351
5119
3444
472
-3611
-4596
371
3550
2631
616
-1285
-1899
-1108
1142
1088
-341
-1229
-1787
857
2008
1231
1630
270
-629
813
1624
63
-2564
-2940
-2113
-1210
1297
656
-1426
-4033
-6374
2220
8528
6217
4130
-3823
-6663
-154
3542
3858
916
-3352
-5448
-2344
3933
6203
3129
-2022
-4524
-2600
1233
2384
-604
-4110
-5875
-2701
4163
6205
4262
1643
-2646
-3556
-956
783
1618
1195
618
117
45
594
-273
-1214
-2893
-3708
-43
3208
3146
1363
-111
-755
11
3365
3580
-141
-3236
-4389
-3008
-995
88
-1323
-5173
-5200
2821
8215
6707
3565
-5012
-6636
1991
5950
6221
385
-6949
-7149
-2494
4176
6060
4435
190
-4497
-3091
111
1904
-871
-4557
-4428
-3513
1980
6394
4568
1692
-893
-1271
-273
1734
1558
-1502
-2241
-2343
167
2803
1299
349
-2004
-4271
-1339
2393
2736
1242
-8
-688
1063
3677
2668
-632
-3350
-4084
-2998
-668
748
-978
-4206
-5966
644
8386
7568
4880
-1739
-5683
-540
3071
3539
656
-3531
-6165
-4983
1894
5958
4439
612
-2660
-2887
-543
2176
843
-2922
-5327
-4943
830
6447
6378
3558
-437
-2582
-1160
1045
1148
-1105
-2645
-3269
-1104
2068
1835
1270
-88
-1843
-709
1458
2465
1768
-862
-2564
-246
1535
1041
1163
-764
-3047
-2046
-274
649
-77
-1203
-4432
-6219
2222
7301
5275
3689
-3463
-5187
1591
5460
5115
101
-5437
-7442
-3537
2832
5569
4970
719
-3542
-3729
-18
2592
-216
-3852
-5090
-3172
2196
6725
6025
1418
-2351
-2789
-662
754
748
-474
-2923
-1895
1707
2753
2408
1277
-2276
-4437
-985
2075
1434
1426
916
-1040
-790
1397
1238
-140
-663
-1045
-1134
-321
863
-1214
-2481
-4556
-6789
1308
6544
5556
3746
-2781
-2608
2628
5169
4863
226
-5262
-8272
-4306
1709
3915
4095
1217
-1748
-1405
1546
2366
-108
-3001
-6792
-5820
572
4827
6078
3812
-353
-1848
-586
1408
1172
-974
-2691
-3171
-1191
2014
4093
2152
-2665
-3625
-1039
1120
2147
1767
416
-1127
-269
2607
2597
122
-1862
-2770
-1779
103
881
-511
-2578
-5093
-6542
433
7302
5743
3699
-769
-3742
114
4168
6390
2709
-4347
-7694
-6247
-782
3260
3620
928
-1999
-1624
1808
4770
1894
-2117
-4122
-5442
-1313
3544
4428
3545
166
-2232
-1500
350
1259
112
-1428
-2080
-599
335
136
902
-902
-2789
-1433
984
3570
3548
723
-24
1468
1542
1327
501
-1224
-1967
-2803
-2482
-1410
-527
-804
-3424
-6127
-4811
3517
7888
5486
4106
107
-1519
1179
3276
4221
-90
-5740
-7820
-4482
1812
3839
3098
1227
-700
-1035
749
1894
-1100
-2685
-4603
-4991
1467
4689
4302
3426
-65
-2136
-1058
720
885
222
-1802
-3153
-1361
946
3122
2134
-647
-888
-1212
-1189
726
1240
257
569
510
349
1586
997
-1589
-2546
-1349
183
1561
1764
-445
-3530
-4614
-5229
-3236
3951
5776
3546
2808
41
702
3504
4371
1868
-4091
-6679
-6826
-3432
2082
2388
1926
1733
542
1508
2554
1580
-980
-2871
-3920
-3243
985
2560
1409
1008
-552
-881
369
1912
1884
-349
-1941
-2892
-571
2155
519
-801
-1126
-966
548
1871
2532
1164
57
617
-478
-859
487
-343
-1640
-1196
-702
-145
906
1143
-698
-2614
-3437
-5122
-1879
4587
3666
1579
765
-897
2519
6079
5512
1516
-3865
-5469
-4662
-1522
1542
302
-433
277
162
748
2050
2170
-747
-3266
-3141
-2435
284
1543
-699
-1185
585
2647
3819
3900
2355
-68
-2248
-3888
-2162
203
-28
-1568
-2676
-1121
1154
2453
3218
2519
418
-588
40
16
-705
-733
-907
-2179
-592
2201
1786
615
-718
-1233
-2819
-5115
-2847
952
1930
1101
773
525
3184
6562
4582
1769
-1269
-3362
-4508
-5924
-1622
1899
-276
-1627
430
2856
2881
2614
1600
-550
-2600
-2775
-383
997
271
-2554
-3281
-79
2097
2681
2484
2557
795
-1448
-410
-706
-1075
-1064
-2852
-2719
-677
1178
1373
1823
1833
1109
2814
2346
456
-51
-1495
-3046
-2944
-42
1241
90
-6
-1100
-2110
-2157
-3322
-1945
2107
2286
521
453
911
3333
5517
4365
1509
-1534
-2546
-1872
-2453
-2444
-2243
-3072
-1859
-339
1518
3927
3276
1273
-59
-711
-1068
-250
883
-1100
-2895
-1293
1107
1602
1350
1934
965
-653
-953
-463
291
140
-610
-1696
-1130
-299
-1368
-382
886
1105
1518
2308
2851
439
-358
-626
-2140
-412
928
435
-576
-1154
-2215
-3507
-1290
-50
-1003
-65
1859
1984
-150
-938
468
2587
3927
3380
2333
610
-994
-1578
-2129
-1733
-2198
-3296
-2700
-2033
83
2074
2116
2309
1434
623
413
175
100
-64
-480
-1797
-789
983
435
-227
-535
705
1608
989
960
539
-818
-2630
-2723
-1259
-390
-51
18
587
456
787
2027
1980
1807
1031
396
-837
-2374
-1409
-1012
-1252
-1299
-414
681
-40
1184
1404
-712
-324
485
23
-66
663
646
-441
-246
302
-1033
-1375
-294
265
739
322
1027
2289
2032
1157
-723
-1633
-1500
-1284
-1001
-636
89
-717
-1220
538
1480
1262
1673
139
-1066
-386
-2133
-1447
1133
271
-95
1356
1142
-423
717
1195
-351
26
648
-121
-1972
-1575
-368
-695
657
1361
858
470
-1047
-2074
-1066
707
1304
1594
1645
100
-1315
-439
962
317
-531
-1174
-1869
-487
816
850
398
-124
823
1219
459
-591
-1087
-867
-2003
-775
869
-768
499
2179
1050
872
350
-547
-759
-1184
-1087
19
849
263
625
1456
371
411
1088
1
-893
-985
-1257
-931
-153
-775
-1112
-835
-255
1351
1145
997
1722
433
-729
-873
-580
-382
-788
-2
1607
1771
368
-259
-243
-952
149
718
-676
-673
-1225
-1232
-837
-1296
311
1964
2671
2037
-97
-1100
-751
-600
-643
-303
-1188
-639
1245
509
-115
691
825
188
884
1120
-282
-527
-586
-51
467
-796
-1554
-1039
-449
-450
-374
-9
536
1466
1446
277
-39
311
138
260
92
-595
-121
226
-831
-370
552
-607
-765
-1174
-1659
1145
2525
1478
779
-556
-811
-164
-594
230
1227
-255
-954
-724
-973
119
210
-15
1004
-229
-428
924
-694
-1104
823
-46
-828
1990
2113
-494
-384
-642
-1540
-563
523
650
-71
-409
-262
-46
1089
216
-1336
431
485
-93
253
-1105
194
1464
1188
1060
-152
-185
-180
-1049
-2685
-2112
304
-70
854
1973
362
218
248
-1818
-702
2344
763
-964
-514
-31
145
-387
232
519
35
73
102
-251
-491
357
770
508
-27
-476
-732
-1204
-307
769
735
864
559
-601
-153
966
-663
-2097
-633
539
125
301
365
-73
-19
-583
-691
297
1116
551
312
2107
636
-2052
159
290
-2134
-266
-574
-2006
1367
1711
269
574
-580
-483
431
254
420
227
-689
-4
85
-1218
706
1655
6
-67
-294
-455
196
369
-876
-1295
10
-1175
-1075
1178
8
246
2027
427
-642
811
1013
-1258
-1227
-182
-790
1173
962
-577
1651
1280
-202
-393
-796
-174
-143
-1099
-1431
26
-269
-1484
388
946
370
785
687
597
683
482
-717
-354
1248
-749
-1421
570
-1095
-688
1276
-197
305
-74
-1491
396
1114
-463
-394
743
-364
139
1279
-481
273
898
-633
-60
-30
-448
233
-794
-1245
921
1531
-1335
-2662
275
1278
412
854
40
-210
1032
1209
52
97
68
-1768
-613
634
-1152
-107
1439
-364
-660
-384
-1483
11
1554
585
-212
430
1031
32
-614
245
245
-471
190
158
709
1077
-2016
-2336
-493
-547
5
240
-426
459
1145
50
1030
1562
753
1267
167
-288
552
-55
-1056
-1469
-1377
-1731
-1798
-591
71
161
1631
2013
864
558
263
-162
-20
105
-765
-348
61
-509
697
-283
-838
841
-683
-783
1730
806
-1340
-281
199
-700
1131
1393
-243
563
61
-1060
-139
-408
-1078
361
1182
-567
-1196
-540
-878
-310
753
376
-244
1608
2339
-279
-475
-205
-657
641
-48
-552
381
-917
-584
989
-903
-1085
1104
4
-657
1094
589
-701
193
454
-523
-532
-101
403
451
-123
-441
55
859
-773
-1517
811
1263
701
500
353
13
-1166
-914
91
644
27
-1005
-905
-924
994
1825
-1074
-678
955
-793
-644
1453
92
-1758
915
2664
613
145
805
321
-800
-1284
-1524
-2514
-1379
29
626
1661
615
226
1884
1434
-814
-85
432
-1466
86
30
-2091
-920
-132
916
1145
82
210
489
995
-191
-834
918
414
-1248
-1046
-1024
-605
1386
456
-792
1276
841
-12
1221
-1127
-2735
457
1254
628
1256
-472
-1564
-323
96
-1018
-927
593
368
136
934
1075
371
134
-90
-1423
-467
590
-733
96
1232
-298
-865
399
934
832
94
-559
-107
-738
-1013
119
52
222
603
-320
-919
-24
976
8
-31
1112
-197
-1082
200
-228
-1438
669
709
-1314
829
1016
-288
974
638
-728
-103
1207
-893
-1624
934
205
-122
625
-40
-153
-1030
-936
128
455
-232
-1065
395
317
163
1018
-410
129
623
-335
-319
354
1472
387
-257
-100
-508
657
-96
-1898
-659
-93
-1080
-220
7
-336
677
837
743
1340
1029
-1
878
687
-1939
-2440
-1576
-699
210
1097
1654
1131
161
743
1564
-555
-733
207
-1858
-2383
-484
606
458
811
264
-435
-195
-408
409
1184
882
-354
-693
106
-329
-589
-300
-181
-270
697
773
171
2086
452
-2064
-255
-1081
-1633
883
263
-121
1302
-258
-438
2208
1427
-338
-231
-1066
-1211
-775
-474
459
702
-284
-2205
307
2817
-898
-498
2056
-952
-1977
706
-79
-414
1953
-209
-1600
246
522
859
272
354
948
230
382
-1215
-2114
-250
-696
-817
181
-237
611
2323
1763
-552
50
654
-1214
-458
-309
-367
298
-1084
495
1908
-681
-2146
-616
952
127
-607
-822
-92
2357
1824
43
-10
-674
-293
-602
-2001
-322
1290
1344
321
-867
-163
510
1498
284
-1763
-618
-627
-657
249
-184
-899
-239
750
44
491
112
-373
1785
1216
128
366
-896
-736
881
989
522
284
-535
-1401
-1213
-564
-477
-328
-393
-86
-512
-138
3293
2747
470
-672
-2316
-295
460
-1429
-1901
-616
740
429
784
-1047
-2281
270
291
573
2043
946
1062
1552
152
289
381
348
1330
-423
-1983
-1298
-1176
-1174
-410
-160
-1280
-663
277
-321
213
974
1481
1296
1301
782
-1177
91
813
-1115
-365
609
248
59
-838
-1104
-633
-1858
-1839
948
2380
1686
188
-78
631
1035
1440
297
-513
90
12
-909
-1008
-297
-2116
-2869
-1048
-1493
-1482
279
1905
2693
1507
536
1257
2558
2109
65
-90
73
-1146
-1017
-918
-2345
-1934
-111
135
-103
30
-119
826
2645
1722
-992
-1624
-1180
-1276
-438
1015
-296
-594
2712
1995
-516
341
645
-41
-554
-1133
-1408
-801
339
310
-639
-44
1926
1104
-1073
-157
924
-145
-427
579
544
-268
-351
161
572
-97
-1879
-2509
-1437
-818
-386
33
-176
100
612
1379
2006
1657
1818
1832
353
246
1322
-394
-1097
480
-1264
-2450
-1018
-1456
-1658
-777
-675
-336
161
577
881
1325
1724
243
-632
905
2006
705
-1319
-504
-209
-1167
-180
285
368
-775
-1435
147
-932
-489
2763
1142
-1196
632
1011
389
880
-455
-1269
-660
301
1340
452
-274
302
384
-854
-2197
-2260
-2144
-663
815
-30
-153
-167
-438
593
778
1640
3357
2493
1746
1694
-116
-722
-999
-2696
-1691
219
-426
-700
-311
-1223
-1447
-295
0
-73
386
517
332
638
1074
1043
1082
1398
1000
-445
-622
-940
-1631
-615
-1200
-688
233
-878
696
607
-456
1177
946
286
814
526
-266
212
731
-613
-1084
-210
-690
-1016
506
442
-275
1267
725
-783
-279
-921
-862
-36
-779
-409
867
418
-678
151
482
169
1283
641
213
966
-65
-1234
-938
-208
-1569
-1436
962
411
1177
2632
536
807
1622
-781
-1512
-528
-219
-255
217
-143
-1275
-808
-1106
-1243
-434
-1029
-213
1299
1204
1006
929
393
119
513
302
-539
-303
523
-366
-808
629
734
464
1202
485
-789
-603
-651
-757
-1151
-1974
-494
745
-215
-98
2403
2944
249
-469
-336
-1346
-1985
-978
724
357
749
532
-1363
-629
759
1640
979
-923
-1113
-1198
214
1702
418
414
859
1078
851
-1606
-1123
889
-878
-2240
28
668
-1049
1080
1755
-1550
-1165
-124
-421
883
316
-1328
406
2211
896
-190
390
146
-965
-651
-33
-132
-14
-383
-609
729
1167
-758
159
1598
-737
-166
488
-2105
-1082
506
-1451
-963
2061
1012
-746
649
728
324
1407
709
-421
-85
-922
-1077
-318
-323
20
-363
-182
-229
-94
1722
1395
466
86
-483
-428
-1047
-1299
-415
870
1150
30
228
629
-128
-233
-1392
-1581
332
350
-198
-553
890
1573
-292
1593
842
-2582
10
1255
-1621
-1607
19
-28
1201
2234
624
-405
-317
-486
-954
-403
-367
-1320
-191
665
391
845
262
-191
360
88
870
1321
-91
-72
218
-313
-1571
-1783
169
618
1015
946
-771
-1389
-1348
-544
-227
62
1030
921
1232
1542
1443
1309
-332
-2344
-1892
-301
-1048
-1696
76
1339
785
719
696
-1134
-991
647
30
96
924
189
170
1355
1473
748
-967
-2618
-1780
-1575
-1572
303
772
1542
2071
263
-12
583
231
-250
396
742
-735
-465
-931
-1288
1299
816
-787
-1009
-780
-470
-723
1206
1546
1
-42
-634
-6
1435
502
-877
613
1468
-785
-264
1039
-1248
-1326
288
-596
-517
-192
-706
51
693
995
478
342
624
-1092
-863
445
-500
-436
-400
-435
587
-200
-581
1405
2533
767
-454
-636
-1837
-319
854
598
1610
398
-967
-1098
-374
-9
-1392
-400
1674
790
-629
-474
-857
-538
-329
-1583
390
2004
444
647
1380
478
-217
-327
-447
-333
-114
-243
-120
702
586
-331
-803
-212
345
-1149
-1649
-451
524
1101
1276
613
-617
810
1051
-330
-190
-1813
-1073
934
227
19
-387
-466
-397
-273
816
734
1068
1788
83
-1215
45
477
-67
498
-844
-2998
-2323
-1049
810
2383
1320
439
678
379
279
856
524
-512
-1371
-1356
-135
341
267
-389
-1091
-652
-652
-88
821
1015
1493
1046
-704
-689
1003
410
-498
-3
21
94
-581
-1421
-1048
533
1345
-19
-186
3
-220
882
877
-389
-1248
-863
-127
175
425
-124
22
697
1136
581
-1475
-433
1374
-120
-495
492
-235
-1035
175
372
-1189
-826
-303
37
1732
975
-516
868
1216
-741
-1133
-305
-956
-1023
-7
-204
242
1775
1237
-436
46
952
283
-410
-861
-808
-288
-683
-1268
-377
1407
1207
-592
-350
1412
2511
1843
-393
-1256
-936
-1404
-1640
-1286
-1428
-1034
389
52
-158
2032
3426
2307
-266
-628
162
-505
-457
-299
23
-148
-891
-685
-1702
-2012
46
1815
1504
561
834
144
581
1362
-642
-544
-219
-1719
-625
1014
150
-1191
-542
-427
-1318
-51
881
1150
1922
1137
508
507
-174
-764
-1436
-1228
-500
-441
378
903
656
748
96
-865
-582
65
229
720
-98
-694
419
-657
-1034
34
-273
326
1124
975
57
102
1030
-1
-1086
-702
-206
-269
64
296
-261
80
-604
-1522
879
1629
-561
60
854
-149
633
981
-596
-954
-55
-419
-1196
-636
-145
-438
-250
763
1005
1073
1341
47
-70
842
-699
-1863
-580
845
819
383
389
-27
-94
-188
-837
-1137
-1521
-1029
-544
-821
322
1571
1595
1065
860
1741
1951
829
-374
-1777
-2929
-1957
87
113
-281
-152
-979
118
1800
550
10
796
150
-139
291
277
754
315
-809
-824
-401
-272
-638
-362
-12
477
315
-512
127
-623
-382
1261
537
-49
848
1897
379
-27
412
-1243
-351
22
-1122
-2141
-2368
-724
-422
843
2137
1257
587
-391
-533
276
796
1203
1527
1357
-289
-1377
-815
-1070
-863
-193
-870
-395
188
-280
20
242
475
1312
996
-379
75
271
-1075
-204
714
-487
-751
-283
-67
1070
1357
470
135
-694
-1238
-529
26
-70
-684
-1372
212
2281
738
-836
-327
207
-2
-578
214
865
375
595
582
-635
-775
-382
-681
-318
-193
-241
251
239
-384
1023
2285
363
-465
-582
-881
-843
273
1115
-1654
-1272
1276
268
-1399
-376
1569
376
508
963
335
1231
-379
-2115
-721
248
-1045
-645
101
-172
1404
864
262
402
-830
-421
185
136
-211
89
292
-406
5
500
425
871
1258
-573
-1692
-1235
-1400
-18
18
-167
1626
1174
-354
-819
-217
-318
-469
947
1293
227
-664
-301
136
-375
-1192
-250
1765
896
226
327
320
898
-486
-354
432
-1500
-2291
-909
-317
-455
305
-6
610
2239
1070
860
1062
-685
-609
124
517
634
-1790
-2102
-65
-1030
-1084
1002
1601
1576
1110
-287
-1134
-1336
-2040
-2038
454
1694
-751
-1009
1014
1375
1489
2334
3428
1896
-531
-892
-1875
-2274
-1723
-1798
-1592
-270
857
-1318
-2515
1012
2872
1998
2771
3195
1355
-347
-448
-678
-1791
-1857
-1629
-1286
-477
-952
-483
1784
2214
537
89
736
-554
-2035
-2110
-1670
-386
-390
-470
1547
1505
377
1135
1832
1954
1500
1414
927
-535
-640
-1119
-2176
-2523
-2094
224
1375
-90
-745
-643
-1340
-1233
-167
1063
1812
1578
1318
-640
-1480
1379
2529
1943
1784
674
-1399
-2691
-2388
-2034
-965
1291
1852
559
-526
-845
-638
-266
1800
3070
1191
507
-979
-3657
-3151
-1503
-314
-146
-758
-867
-863
-1117
102
2615
2964
3231
3758
1672
28
203
818
964
-344
-2288
-3360
-2550
-2064
-2934
-1438
639
1259
1555
-59
-105
1818
1163
91
576
930
198
-472
-499
-370
398
1467
1326
271
-234
-1184
-1249
272
440
286
-21
-681
2
748
541
-481
-783
-161
-1412
-2882
-1556
-969
-2364
-1159
782
1085
1848
2478
3624
3914
1999
1045
789
-415
-1771
-1618
-986
-943
-1030
-2436
-1657
256
-1588
-1739
-107
39
558
200
328
1915
3968
3685
476
713
791
-2419
-2858
-1012
164
-21
-883
-1284
-1100
-516
1167
1755
934
2309
1018
-1452
-82
-375
-316
2055
928
-2992
-3940
-2549
-2740
-2695
-1201
1034
3206
3471
1632
709
3504
4147
1264
855
626
164
-1318
-4758
-3769
-1473
-1534
-1096
-609
516
1918
1257
-1502
-1675
496
1320
2722
1860
-17
374
-2036
-2911
1058
2539
1583
856
564
1335
-75
-2094
-996
-25
-314
-1346
-1834
-79
206
-75
1711
2106
1573
1091
-328
-1564
-2386
-4281
-5306
-2264
-738
610
4094
3223
3175
3139
1497
2912
1276
-153
795
-1160
-3092
-4055
-3826
-2073
-362
1389
3227
2991
397
-793
-1307
-850
769
-184
-365
-609
-2144
-1561
-1674
1186
4851
2820
1760
1217
-441
-183
-405
-1135
-1073
-1250
-1799
-617
1120
1607
1269
181
870
1218
-1231
-1708
519
-129
-2776
-3950
-4917
-2653
-277
1065
4648
3202
3025
4677
882
1834
3348
827
432
-2605
-6221
-5292
-3977
-1954
1402
2737
3632
3143
592
-226
-765
-1488
-502
213
-1081
-2665
-3548
-2144
1639
3280
4554
5948
3730
407
-1328
-1406
-1507
-2767
-4117
-3665
-2363
-1479
1072
2786
3072
4547
4427
2527
775
-1251
-2054
-3131
-4835
-4728
-6842
-5878
-221
2765
7727
8046
3713
3418
253
-29
2232
-941
-2051
-3211
-6641
-5623
-3481
-580
6271
8042
4427
3104
379
-2550
-2244
-2749
-1943
103
-2407
-4836
-3343
-1180
2403
5188
4990
4424
1716
-1411
-652
-333
-1644
-1708
-2289
-2248
-815
-628
885
3191
2302
1113
1814
2498
1216
-340
-1313
-2728
-4079
-5052
-4041
-5209
-2876
3763
4018
7474
7214
460
83
-1652
-338
3440
1207
-2187
-4114
-5387
-5318
-110
3554
4458
4967
866
-677
-458
-1898
-1170
-962
-1811
-2777
-3204
-1141
1396
3805
4802
2461
889
217
-1032
-2030
-1617
418
-105
-672
62
-609
345
1603
725
496
1528
703
-765
222
98
-1707
-1767
-2117
-1414
168
-1510
-3009
-2890
323
3927
4571
5379
1615
-1651
-1262
-2020
522
1697
-451
-1446
-2624
-3853
-1985
3029
5619
4795
1535
-1895
-2446
-2676
-1803
321
-299
-1886
-2164
-1210
1398
2823
3121
2897
733
-909
-1663
-1467
-127
589
2
-1166
-1021
-393
-368
772
1633
315
190
660
900
1589
911
1041
-557
-1892
-643
-1264
-1702
-2924
-3693
-4658
-3615
2324
4691
5864
3727
-654
507
1406
3684
4819
455
-4224
-6922
-5414
-1543
2278
4217
2859
468
-1998
-2850
-563
2070
526
-2102
-2099
-2762
-1662
1865
3289
3186
1367
-889
-308
1391
2163
2267
628
-2185
-3032
-2045
-757
-154
-872
-1851
-1015
1052
2196
3146
2560
597
-266
-708
-317
1613
1377
-1593
-2363
-3895
-4517
-3699
-4455
396
3578
4061
4459
683
2234
3746
2445
2609
-61
-3635
-5984
-4103
-1425
712
3081
1226
732
2101
938
337
452
-1456
-3889
-3417
-1778
-544
1475
1245
154
1374
1930
2670
3523
2037
-1530
-3590
-2133
-1664
-1219
73
-467
-1045
221
1624
1763
2256
1235
343
1231
546
224
769
-931
-3110
-2343
-1749
-1515
-785
-1149
-2607
-3811
1461
4840
3031
2971
-500
-1368
1792
3539
3992
1037
-2331
-4288
-2679
28
277
2
-1784
-1962
381
1676
2029
1605
-833
-3430
-2941
-894
1332
3122
1753
-1133
-979
1799
4039
3232
47
-2265
-3520
-2855
-611
-223
-938
-584
711
1454
1389
1962
1284
-824
-807
228
1231
1556
98
-1325
-1901
-425
479
-41
-364
-2429
-4147
-4849
-678
5086
3543
1948
-164
-2462
1044
3527
4009
1877
-2289
-3513
-2860
-74
1365
79
-839
-723
788
2350
3571
834
-2572
-2625
-3539
-1433
328
-860
-135
-181
823
3569
4787
2116
-1216
-1365
-1706
-511
38
-1937
-2609
-2126
-277
1137
2390
2364
1036
1310
1655
2694
1931
-783
-3387
-4376
-1743
-728
-26
17
-1391
61
-13
-1730
-2752
31
2642
628
1664
455
-159
4477
5583
4739
-573
-4722
-3790
-4111
-529
258
-2874
-1798
-242
2107
3647
2715
723
-561
-56
-716
-318
-970
-3435
-1914
430
983
1511
2346
1778
-356
-297
1387
1332
-801
-3223
-2988
-1006
-840
-125
1654
1925
2088
2358
2867
2210
-49
-1753
-2494
-2335
-2709
-1778
263
360
161
264
-80
-962
-2316
-1817
1740
2594
380
-746
-2004
978
5913
5457
1863
-2720
-4375
-2304
-61
570
-1401
-1808
-619
904
4123
3192
-196
-1601
-2373
-383
435
-1459
-2745
-2735
-515
1597
3100
1870
523
2347
1797
1238
709
-1276
-2268
-3470
-2606
-1137
-727
-601
-329
2055
3462
3651
2368
223
1299
860
-1479
-1869
-1795
-2075
-2239
-627
94
-626
-636
-953
-2195
-3313
1348
4224
605
519
443
1907
5438
4031
411
-3549
-2036
435
-1826
-1014
-1280
-3522
-1484
2215
3414
1370
-1265
-1743
519
1351
52
-599
-1646
-791
109
-382
962
305
-886
608
2497
3338
874
-1618
-1700
-1214
-328
-347
-986
-1204
-567
107
301
1470
2313
2012
2102
1896
-571
-2664
-1723
-1265
-1641
-927
-1097
-1100
-49
-77
-512
-1971
-1168
3109
1728
-1240
-655
5
3684
5333
3510
1172
-2642
-1006
1721
-471
-2924
-5332
-5235
-1351
1382
1199
1059
700
1241
3991
3142
239
-875
-1544
-1928
-1685
-754
-1428
-984
1023
1111
2204
2341
462
771
1667
-274
-3044
-2535
-1614
-1637
-108
102
-66
1049
1207
1577
2136
2107
1746
1556
827
-1458
-1689
-1156
-2316
-2065
-1810
-2857
-3835
-4677
-2574
3722
5719
1264
662
3060
4373
5251
2637
-403
-1655
-1551
285
-375
-2862
-4110
-3521
-1057
824
-151
-1976
-1161
828
2792
3562
1932
172
-364
486
-116
-1996
-1952
-469
478
818
1781
438
-882
671
1675
1837
340
-1803
-2870
-1833
-168
-382
-148
-254
498
1513
548
1184
1255
529
1483
915
-840
-1295
-1441
-1392
-1034
-2055
-2797
-2299
-2157
-84
2349
843
-411
1132
3258
5459
4580
1386
471
576
293
-15
-2072
-4481
-3795
-1905
-876
-759
-1539
-1644
-416
1845
2093
316
634
1754
2403
2279
894
-309
-754
291
-16
-2344
-2169
-768
-650
-1108
-627
529
314
923
2120
1003
-121
203
675
844
257
-1039
-1236
-452
276
1009
669
160
-173
133
1827
767
-1959
-2657
-3315
-3292
-2240
-1319
987
2280
948
386
1407
2748
2520
1722
1997
1233
261
-664
-1067
-98
-1005
-1217
220
-1052
-2286
-2427
-2780
-393
1530
-25
-97
1735
2277
1998
1977
1561
284
-886
-1512
-1897
-2263
-1777
251
1545
654
91
608
766
395
-494
-504
-424
-760
664
763
-959
-423
881
1364
1748
564
-598
101
-21
-525
-540
-915
-1037
-752
-404
-804
-1374
-1655
-469
1562
195
-2173
-1413
1499
3917
3318
1219
422
658
1056
1487
1038
-1000
-2345
-1478
-1094
-1767
-1626
-1094
-615
48
368
-390
161
2240
1673
500
1225
1863
1045
-1180
-1332
-144
-1208
-2192
-1658
-715
-547
-440
1041
1510
1104
356
-744
335
1204
562
261
317
615
322
314
291
-1004
-1297
-100
219
-122
204
445
19
-836
-1230
-863
-512
-382
-79
490
463
152
-469
-1111
-717
327
1643
1196
218
791
862
542
247
418
-139
-774
860
211
-1716
-1602
-838
476
561
727
266
-1109
-334
-222
-550
-436
-251
997
2243
2640
1002
-526
-1157
-1592
-1394
-1594
-891
-759
-1092
262
1388
1533
613
606
1962
1079
-368
593
-74
-2043
-1148
-678
-866
65
1094
1334
-559
-857
95
-179
402
237
50
115
-493
254
458
-975
-1692
83
1585
330
173
250
-1295
-993
-66
-194
847
2267
1951
1402
956
-585
-903
-785
-1996
-2092
-1526
-1373
-921
554
1719
1273
1442
1307
908
1330
335
-1450
-1660
-240
-555
-893
260
-415
-112
291
-543
18
552
875
532
359
634
-510
-651
101
-498
-433
735
1156
435
-1243
-743
798
-591
-785
333
357
-376
-987
1221
1759
205
-598
-1435
-407
-358
-114
856
-231
-371
111
861
118
-1016
-476
-357
975
489
-541
335
-157
132
127
458
1601
72
-465
769
1148
432
-1348
-918
379
-598
-1192
-981
-253
-551
-1200
336
-11
-1213
-232
1256
1467
922
1502
809
241
257
-716
-518
-462
232
508
-351
189
-107
-1153
-1536
453
2199
-356
-932
423
-98
-72
-548
-1076
-778
258
1711
1193
148
74
352
-124
-766
-513
-777
-61
1074
471
-383
-1184
-856
835
1214
322
-699
-1286
-1256
-1049
540
1794
1264
949
801
370
-372
363
1376
406
-541
-1859
-2192
-423
234
-196
602
689
-678
-274
-51
-622
463
1052
181
-485
-672
-145
739
-39
-576
643
988
367
-129
-883
-1168
337
1120
-37
-434
338
145
-1101
162
1617
-330
-852
301
-20
571
586
-400
866
876
-779
-1262
-948
-85
-284
-340
428
-159
-393
714
592
-30
-260
-958
-730
-969
-611
1246
951
719
931
92
418
1244
684
-935
-1117
-116
104
90
44
444
735
225
-463
-1502
-1996
-1678
-133
1365
1039
1004
611
-415
-618
383
617
-926
-640
-578
-319
1527
1603
1338
516
-483
-912
-887
-619
-1366
-1187
-486
458
733
31
588
1373
2038
696
-1604
-705
835
763
-28
-718
-168
-119
-1061
-1105
-1595
-1206
871
1089
636
1627
810
-1279
-1
351
-1606
-159
1099
-792
-793
1390
547
-291
1444
494
-747
-382
-512
321
1128
124
-1132
-495
-117
-961
-826
-23
679
654
985
1368
12
-635
25
359
-80
-1201
-1624
-983
455
1126
703
513
-1225
-1815
258
342
583
1781
1320
649
-334
-917
-387
536
685
-129
-235
-1192
-780
1371
-67
-1937
-1426
-738
239
903
647
1522
1892
-118
-294
-303
-1636
-752
477
789
9
-1080
-271
673
168
471
1325
-600
-1942
-53
823
-308
-178
1344
518
-932
119
540
-729
-696
410
822
396
-547
677
1063
-1472
-1394
-722
-801
-149
353
886
467
837
1264
303
-217
-70
-3
-339
-322
-825
-466
-161
-1934
-777
1390
358
-114
1114
1857
1566
560
-367
-657
-360
-371
-1483
-1927
-1013
-82
241
685
1612
1564
605
-191
-214
-613
-922
-111
-523
-343
690
-423
-1061
519
749
250
1456
377
-680
859
270
-1024
-1669
-1493
173
498
42
260
964
1510
357
181
793
-671
-1098
-748
-174
383
-1462
-1086
977
792
763
173
-479
606
183
-1025
141
736
-455
-522
549
859
154
-438
-602
-673
-301
817
1312
103
-1163
-1026
-1100
-1073
1157
1845
216
673
1486
717
-478
-1702
-1498
-551
-468
-334
-149
369
1334
1680
689
-564
-226
-153
-630
-748
-64
921
-97
-739
-1120
-665
1346
397
-661
914
1097
-862
-401
731
-429
577
942
-807
-797
-302
595
875
-473
-853
-249
-462
-529
349
-106
-1078
13
446
142
691
1087
2366
2012
-322
-986
131
633
-1099
-1568
-701
-793
-1129
-843
101
-474
-545
347
170
130
321
1196
1290
489
1286
1551
547
-1
-1476
-2107
-1156
-1222
-355
162
-609
172
566
-128
624
1558
693
-133
-633
-498
230
225
269
568
689
-229
894
1669
-735
-769
-1395
-1687
-281
-1095
-1209
-890
375
1921
1447
165
-560
783
855
-372
421
1339
131
-1545
-954
285
207
-574
-439
274
93
191
423
-164
-663
-52
57
-775
-199
513
505
507
175
434
555
30
328
347
-171
190
77
-520
-964
-1187
-122
32
-939
-629
-355
-381
175
222
98
707
1254
942
260
623
846
170
168
-31
-74
-438
-1517
-447
547
-475
-1311
-793
562
118
-713
327
1078
1344
956
65
64
-44
-223
-271
-843
-1834
-1366
557
452
491
1618
1094
474
-80
-344
-395
-984
-587
-108
-188
120
310
-65
-35
784
1239
355
-1078
-612
542
502
389
-275
-792
-553
-631
-481
66
95
-804
-806
556
755
65
295
113
-449
926
1598
443
-127
-280
554
408
-1295
-1131
-442
-814
-127
1195
664
198
682
308
-59
-775
-1467
-943
483
1461
190
-905
-306
167
294
32
-602
-453
631
874
830
1006
-130
-380
254
-442
-649
-517
-765
-623
-544
2
685
537
409
901
1070
-235
-1149
-547
-636
-695
229
1154
1459
1056
1032
-108
-1439
-849
-977
-1572
-1838
-1765
-411
1135
1960
1331
10
356
2274
1916
-636
-207
1348
91
-1302
-1226
-1674
-1815
-398
318
469
923
504
-262
-332
343
332
-639
-380
851
1097
488
221
640
320
-803
-969
-1483
-2017
-398
590
369
481
173
817
962
-231
133
428
264
750
504
-405
-699
-417
-949
176
1349
-517
-90
696
-524
191
801
306
-577
-1510
-761
526
264
-854
-712
-202
-957
-1210
92
827
397
922
1111
126
1640
2662
-288
-1535
-853
-1089
-174
403
-292
142
1296
1192
522
204
-1577
-2170
42
135
-763
-484
-757
-371
743
912
-177
-442
377
510
543
-152
-399
369
321
524
1053
607
-1346
-1250
895
546
158
-11
-824
-443
175
652
-360
-1147
294
386
-506
39
899
445
-990
-753
420
885
1466
929
411
198
-576
-575
-1926
-3006
-2405
-1650
339
1672
1873
1030
249
1038
1101
1164
1218
920
796
-163
-933
-1257
-1477
-736
573
-459
-2210
-991
42
31
801
1275
998
576
550
869
674
-471
-526
-659
-2020
-1176
240
473
166
-658
-255
334
422
500
553
1327
1610
765
-168
-826
-1824
-1241
802
-83
-850
760
503
-687
-141
961
508
-626
-436
388
357
-613
-971
-725
-734
-417
-138
253
1205
1480
906
83
-300
511
1008
247
-703
-1072
-902
-638
84
367
165
-45
-1388
-1132
300
40
535
1319
1520
1740
933
246
-456
-1634
-2112
-1641
-340
-315
-626
1232
1362
-198
7
-29
110
1491
1742
435
-763
-331
463
-501
-1850
-1622
-544
433
1587
1918
670
-676
-1149
-710
-292
-582
-489
-94
-32
-443
-1050
-202
1838
1818
-487
-991
578
1431
679
-543
92
1102
950
226
-926
-937
-569
-740
-520
-737
-1780
-2147
-729
1437
2246
1329
1247
1826
933
192
171
-257
-1323
-1614
-530
-800
-891
560
-69
-875
558
1034
-9
44
1088
367
-882
-447
-347
-79
936
968
186
-930
-457
543
-358
100
741
-869
-1144
-496
-159
707
620
76
832
975
-455
-232
478
-47
35
-435
-631
-20
-197
-175
168
-202
-715
-297
-919
-1351
299
843
560
369
470
746
870
1844
768
-917
-75
14
-499
-16
-26
-604
-978
-1187
-436
1009
750
-659
-476
457
-159
-827
-437
110
764
1038
1376
625
-817
-339
-189
-509
-783
-1359
220
1159
-1106
-1895
449
1345
543
939
1528
1224
265
-323
-462
-767
-458
230
-57
-351
352
-106
-397
-154
-725
-22
105
-265
-259
-1316
-979
706
1169
400
167
443
516
1059
1171
-281
-1800
-1271
-167
-211
-156
490
738
1073
1068
-262
-165
307
-622
-725
-1012
-591
1053
544
-320
20
-229
-560
-1035
-392
692
246
327
149
170
877
1264
1183
-342
-525
-381
-664
-349
-1063
-481
-284
-971
-30
292
-162
-302
272
1099
1179
532
-549
-365
937
1018
327
127
-59
-241
-151
-458
-1250
-1246
-178
626
-111
-905
81
-8
-524
1154
1130
-223
429
818
265
308
708
367
-434
-558
-942
-1099
-644
-587
269
464
-165
875
973
-477
-344
454
-50
-1284
-1199
229
-62
-1040
12
1593
1628
1071
1538
285
-1377
-660
-435
-690
-1304
-697
680
-363
310
1807
736
390
907
205
-1298
-1398
-204
-389
-644
64
-151
-679
-770
-72
753
630
754
1287
1917
1293
-200
-122
-666
-1927
-1674
-1118
293
1223
-445
-837
875
1444
-235
-1437
-139
-114
-291
1646
1505
-281
313
730
-793
-531
-403
-1001
-920
-1728
-874
795
1122
1180
1499
776
-543
329
520
29
246
-1107
-1587
-21
220
-662
-32
262
-26
30
529
1537
96
-558
719
-447
-1965
-1295
436
943
641
1066
673
-565
-273
271
-58
274
72
-596
-1145
-967
152
72
42
-69
-768
71
761
89
323
1160
946
630
240
-229
169
888
443
-1216
-1822
-1566
-1454
-1166
-611
559
1084
899
888
981
1075
622
937
1165
-453
-1775
-2238
-1178
841
743
-376
-590
136
608
312
209
365
949
1081
248
-575
-1012
-1111
-893
-703
-758
-617
-382
524
1063
445
597
924
1102
924
211
402
579
398
-197
-2318
-3361
-1773
-117
1184
1161
32
282
628
595
-19
50
1090
-168
-14
1812
444
-1058
-978
-1238
-1060
-511
-403
-165
422
1067
981
379
231
-308
-913
-159
703
-43
-956
-306
142
475
1807
553
-838
722
68
-659
425
-11
-660
-1026
-1349
-1150
803
2290
587
-864
-845
-799
-899
154
1144
702
446
338
715
294
-572
-394
83
815
410
-226
-666
-1061
-659
-304
-188
-467
317
471
-476
631
1797
1393
85
-302
-69
-910
-1055
-1059
-1381
-445
1018
1175
331
496
635
-107
-502
-441
213
-67
-681
1117
1664
-619
-657
1111
110
-1370
-282
-347
-1502
-622
539
80
-353
890
951
-194
342
520
-237
-24
711
473
-436
-607
-346
-155
-460
-746
122
638
371
262
60
-203
-623
-167
671
376
129
-260
-320
724
961
95
-667
-964
-1005
-725
-258
319
834
974
782
368
197
-455
-941
-303
-129
-359
-267
-67
300
859
822
432
219
-689
-994
-181
383
-53
-822
-126
639
333
-168
-373
-342
-237
720
954
388
155
-233
241
-56
-962
-721
-567
-183
-337
-363
577
613
529
556
474
326
-195
-433
-327
310
240
129
833
-140
-1011
-549
-292
-496
-750
413
460
-435
615
886
671
836
-37
-688
-897
-1073
-636
6
-69
339
1001
-7
-20
1536
1161
-140
-617
-1206
-1666
-1124
337
1203
294
-264
571
64
-206
1721
1242
-574
-710
-1215
-925
-595
-635
543
379
-27
309
-359
26
814
1019
1190
76
156
474
-1271
-1374
-148
15
-226
214
421
-118
-272
-582
-321
39
-390
131
734
35
-77
570
-428
-674
1085
1414
531
-78
-311
-435
-537
-130
153
-530
-1096
-239
416
-319
-577
174
454
534
972
529
148
752
-173
-1280
-366
388
983
655
-1297
-1355
10
-189
-359
150
-664
-681
832
1110
1041
916
-718
-1526
-128
172
444
1425
15
-462
469
292
422
282
-345
-549
-524
-1353
-1451
-95
-730
-1319
339
1226
983
969
832
548
1025
768
-286
78
350
38
-557
-1637
-942
-289
-1128
-318
1056
729
481
1220
772
-1301
-1772
-261
-95
-670
33
617
459
282
715
1215
460
-400
-241
-167
-479
-824
-946
-274
246
660
1092
167
-88
679
11
-337
235
-448
-642
-235
-452
42
-82
50
352
-36
948
797
-499
-1140
-748
191
-264
-127
690
694
165
-186
-344
-804
-531
318
1099
460
92
870
-87
-483
208
2
-237
357
301
-1110
-479
265
-846
-4
638
-453
28
201
-685
-597
-653
157
1554
867
158
633
81
-106
467
-450
-275
563
-524
-886
-148
-374
-1010
58
973
6
245
848
83
-80
-99
-336
-393
-658
395
774
-428
131
678
-110
-394
-34
-270
-240
509
-175
-105
370
152
1218
677
-1003
-962
-583
-1359
-1585
128
981
839
1079
1151
953
503
-14
-936
-977
-647
-1109
527
1987
899
168
-337
-816
-1093
-1101
-399
-392
-998
-622
617
769
654
1191
1047
675
356
283
224
59
-179
-193
-120
-1522
-1516
-268
-793
-360
940
392
-114
1114
891
-94
630
271
-575
-429
-769
-569
517
978
1086
309
-1050
-941
-618
-902
-721
-285
-187
554
1459
1094
1471
899
-1184
-650
263
-343
-396
-700
-976
655
1627
199
-410
179
-272
-869
-1162
-1469
128
1105
102
829
713
-348
940
1013
34
184
-265
-139
-283
-1072
101
10
-1600
-807
558
-181
-784
462
782
346
884
1190
395
-302
-37
-213
35
577
-175
-829
-465
7
-523
-956
-586
459
1197
312
114
265
-700
-219
692
-311
-770
-28
415
737
573
-30
-145
-27
-199
169
-189
-846
653
988
-688
-979
22
105
75
432
-537
-57
802
-310
-500
-371
-332
446
584
-274
-45
727
271
-50
-77
-19
-342
-446
218
113
-163
33
958
747
-153
760
170
-1240
-912
-1158
-1485
-45
218
-1052
522
1857
1202
1428
524
-271
293
-318
-1166
-759
-601
-450
333
39
187
890
165
-395
-222
-514
-300
603
-71
-18
967
328
231
-370
-908
263
326
-887
-746
1095
1129
209
-20
-835
-679
-304
-545
-322
-96
-128
381
589
-25
429
919
1328
1037
-862
-970
-300
-226
-175
-382
-98
-249
-305
-211
-230
242
-328
-469
342
385
942
768
-135
-30
-402
-225
408
468
93
-617
417
702
-503
-345
-475
-1437
-1304
284
818
813
1189
92
-788
-1180
-812
784
1375
930
208
314
344
-220
2
-362
-590
45
14
-740
-1199
-146
623
-100
-616
-43
608
-109
166
1096
66
141
823
-214
-197
754
322
-656
-906
-1032
-1013
98
522
-308
-500
-202
1290
2074
280
-30
344
-576
-570
-491
-1255
-1318
-3
531
300
986
659
535
1508
1412
1260
-534
-2373
-938
-1137
-2084
-924
-740
-730
211
757
765
1558
1913
1217
1198
-38
-761
408
-388
-1570
-646
-266
-1020
-219
985
855
524
-19
-533
-42
816
418
-793
-1530
-1150
-393
-645
-231
1046
1117
259
346
927
639
904
843
602
973
-804
-1878
-831
-1605
-1894
172
963
-325
-1079
-478
-174
813
2117
772
221
766
-188
328
520
-166
160
-852
-1106
126
44
114
960
420
-976
-622
514
681
110
-962
-1344
-1171
-998
-293
568
466
-68
944
1345
828
1791
1312
-160
-130
-1141
-1606
170
-632
-1936
143
575
-165
597
-459
-1031
1345
1460
-694
-616
494
1583
1529
-815
-1553
-395
-332
164
784
-1016
-1537
200
-376
-1113
134
918
1573
2254
1229
-238
-537
-897
-1079
-926
-1189
-603
200
43
751
1297
162
565
1301
-188
-150
866
-395
-1225
-555
-720
-794
-682
-1031
586
1881
45
-654
929
1245
740
384
-1191
-1372
-250
-1046
-308
1174
777
944
320
-454
-202
-498
-626
-462
-233
-364
-51
1127
917
115
126
-249
-200
307
-373
-170
750
773
716
-282
-945
-755
-890
-945
-700
54
631
820
-175
-746
594
975
511
48
-432
-345
985
1631
-377
-892
-180
-521
69
589
-29
-535
-623
-828
-856
-800
243
1083
-208
60
1038
914
1673
1226
-753
-1419
-400
-343
-837
72
435
-56
-111
-18
-737
-1177
89
1499
1079
-522
-474
134
78
235
-111
-143
-15
382
389
-411
633
1160
-290
-802
-730
-1119
-409
865
153
-223
257
-956
-658
945
77
-454
405
767
1183
789
-80
101
546
-280
-1614
-933
293
-54
-668
-73
948
107
-713
226
-55
-167
706
-918
-1386
679
659
55
386
197
148
1475
1641
-298
-334
-371
-1709
-1210
-770
-426
923
584
-443
281
1029
658
290
-63
-61
371
-897
-1650
-31
-27
-655
18
663
984
398
-305
-261
842
78
-1693
637
1103
-1043
320
985
214
942
613
-983
-1198
-866
-1204
-609
287
402
724
807
499
252
-89
65
-94
-1011
-723
-150
-518
247
1552
1147
145
-383
-809
-43
763
-393
-1046
-345
-13
-51
-182
158
629
487
620
351
-807
-368
1007
444
-641
-214
-215
-1446
-652
419
-824
415
2232
316
-83
1045
-341
-1054
86
-58
-677
-590
-532
562
986
44
334
421
-17
-228
-863
-586
113
-566
-1239
25
1357
1312
945
394
438
1228
348
-1516
-1301
-1230
-1930
-499
401
-652
-99
1548
980
529
1696
1538
-67
-1334
-718
-356
-804
108
-17
-811
-118
686
95
-558
-96
27
221
442
186
11
493
731
102
595
-485
-1913
