-152
791
-223
-638
-202
-515
132
267
642
1473
266
-1602
-762
902
634
-316
-1218
-907
-341
205
1314
696
-604
-596
132
552
588
-118
-78
1120
266
-964
-654
247
261
-929
-175
1297
258
-1447
-1373
-817
-69
1656
1265
-156
780
882
-313
-151
-287
-876
-786
-342
198
362
130
-575
-672
-66
789
1363
632
350
326
-67
-883
-1210
356
493
10
486
-63
-419
-411
-803
-1044
-382
393
-300
-618
353
585
962
1544
1232
1200
143
-829
-363
-634
-845
-976
-1298
-1102
-244
893
1322
1034
-5
-240
101
134
152
-661
-288
556
116
54
-249
-596
183
668
428
559
185
-660
-218
107
-890
-643
196
-457
-79
199
-620
451
811
-329
532
1342
235
-145
-671
-1031
555
508
-237
118
-224
-430
-380
244
354
-894
-746
329
466
695
1146
619
-383
-720
-406
-8
63
-489
-279
883
390
-502
-494
-561
41
245
-323
-81
198
-270
-312
272
936
1128
594
603
267
-544
31
-301
-1663
-1532
-1325
-945
398
921
613
381
1091
2303
1759
-138
-1008
-185
-39
-1304
-1182
-171
-806
-1488
-162
926
600
644
871
505
179
-161
-558
59
648
-201
-1214
-873
-14
-399
-300
823
1299
1117
508
673
293
-842
-582
-589
-600
-25
-398
-523
37
326
461
348
286
-85
-808
-553
-427
-282
424
-43
-142
614
455
719
1291
-74
-1072
-261
-57
416
691
-428
-828
-596
-280
237
246
76
-207
-601
-56
751
1081
867
26
-98
120
-428
-1428
-1097
-95
-97
442
248
1
284
-56
894
1284
781
-445
-2041
-958
331
392
453
-29
-229
-37
-133
90
-158
-251
594
220
-327
-178
-24
-221
-568
238
334
36
726
1166
817
-231
-298
-453
-1361
-655
151
126
348
556
322
-973
-941
419
-29
-99
342
224
1086
1169
-342
-1340
-694
563
1176
144
-1429
-1396
-975
-381
222
448
761
1102
2339
1631
-675
-800
-803
-1053
-484
156
173
-650
-883
-490
104
701
508
-49
28
410
267
231
487
615
299
-203
-469
-604
-340
-478
-556
-228
-497
-532
283
884
407
432
669
117
-74
271
573
-519
-782
251
-212
-765
-752
123
924
209
-105
278
526
308
-422
-611
11
469
558
361
-317
-793
-701
-795
-399
682
-9
-549
642
694
483
282
-264
79
-106
-410
853
1324
-162
-793
-337
-191
-578
-999
-290
308
-272
-331
352
341
169
439
887
1233
537
-53
-639
-1654
-813
113
-77
341
-37
-844
221
1619
1040
-42
-239
-485
-194
311
-273
-1177
-1128
-470
-444
243
595
289
968
424
411
838
544
998
-424
-1302
46
704
-131
-1328
-835
-541
-563
70
206
-218
-712
375
1607
1036
-98
243
1020
25
-195
377
2
-478
-1097
-1215
-336
385
-272
-1271
-905
713
1277
-16
107
1164
801
622
717
55
-368
-755
-892
88
-267
-1113
-475
-606
-308
1009
963
293
247
780
931
386
-123
-814
-1222
-950
-481
62
638
1116
491
-853
-1100
-530
-236
212
643
879
1743
1112
-316
-156
-671
-1574
-1499
-509
231
-133
18
444
1020
952
-180
-106
396
-272
-470
116
-202
-410
-76
659
1144
-189
-643
334
530
-169
-605
-21
26
-931
-1703
-609
552
19
753
1377
490
393
630
439
34
-511
-805
-604
-421
-224
373
157
-566
-371
229
610
-20
-363
773
1441
774
-769
-927
-660
-1271
-6
624
-321
-178
219
139
624
1216
-16
-324
640
-462
-1062
-79
-347
-811
-264
92
627
658
693
702
-271
-110
-391
-439
261
-271
68
-53
-56
702
-207
-618
57
128
-173
57
387
29
-627
-286
684
-268
-931
546
1088
806
521
-716
-995
371
120
-834
-373
-338
-419
-195
334
1126
718
297
583
464
-626
-1123
174
-245
-1688
144
1764
213
-794
-459
-47
-62
-470
-7
498
994
743
-294
302
887
397
-318
-486
-367
-569
-650
-1534
-1378
-160
32
601
1079
601
585
1398
1241
502
709
233
-1056
-1164
-1082
-1403
-216
242
-740
-565
33
1153
950
-717
-192
612
564
932
671
34
-231
-727
-919
-163
-58
-627
-412
402
904
383
-160
102
125
-313
-166
114
-260
-120
57
-315
-60
268
-12
-20
601
286
-577
-17
778
634
92
-381
-728
-919
-408
451
183
-542
242
673
-235
103
873
251
-338
-254
84
466
-199
-461
43
-833
-328
1019
-367
-1001
352
617
-26
-189
106
-392
-1093
255
1642
871
644
955
-81
-424
23
-594
-1668
-1856
-564
483
537
871
863
330
-43
166
623
-312
-1401
64
1033
-980
-509
1312
-587
-942
668
167
78
504
-187
-786
-117
710
568
403
470
558
-340
-1175
-242
-411
-1221
-279
718
291
-458
399
1203
729
353
198
-173
-1047
-982
183
367
-774
-727
592
28
9
1220
719
7
4
327
-363
-1081
-89
-143
-386
476
453
79
-393
-835
-430
85
207
-54
1
588
436
121
170
0
366
257
-462
277
318
-883
123
1074
-493
-972
-81
-464
-572
425
162
-503
489
835
91
65
24
226
128
-307
400
611
-537
-1242
-88
619
-292
-99
194
-612
-434
370
-189
-304
-38
-801
465
1920
1508
739
-438
-372
182
-453
-1162
-651
-118
-488
-231
-297
-658
-248
535
1107
1061
898
218
97
294
-354
-442
-389
-266
-363
-970
-668
-230
7
566
799
397
160
991
1123
325
39
-964
-1194
-760
-1721
-1281
117
440
407
575
1303
1620
1658
977
-420
-420
-537
-1401
-1443
-1573
-1089
375
424
194
1614
2070
411
-495
-122
36
-219
-581
-402
-712
-1304
-173
649
-270
-316
541
406
1237
2325
628
-1343
-1223
217
161
-885
112
136
-1060
-315
762
651
106
49
81
-849
-1326
84
848
-265
-471
779
736
-204
285
-509
-1835
-51
1188
1102
1227
599
549
348
-223
-582
-1540
-1134
-372
-777
-184
729
1250
1081
-50
-572
-795
-484
-156
-747
-510
44
501
1615
2176
977
-959
-1321
-710
-386
52
15
90
695
111
-380
3
-520
-520
-405
-1048
355
1830
788
43
415
309
-418
-251
117
-1651
-2040
265
1193
699
415
1008
584
-586
204
343
-779
-836
-408
-859
-892
354
369
425
1139
202
43
1121
933
687
261
-1234
-788
261
-1101
-1931
-1460
-814
266
942
1297
1123
659
897
513
-168
-244
-641
-591
12
103
-382
-359
232
-534
-552
1497
937
-757
643
810
-603
-436
-1429
-1570
425
302
-657
90
996
387
88
1394
1738
-132
-1436
-123
584
-283
-571
-990
-1280
-1051
-126
1240
699
-245
725
1789
1573
136
-577
345
40
-1611
-2053
-659
-154
-1872
-1317
1649
1960
804
1056
729
-2
0
-413
-342
-85
-87
331
113
-705
-625
359
20
-407
341
-239
-645
529
432
-657
24
446
-258
419
857
155
-452
-653
-521
-221
181
-106
9
669
545
527
343
-85
42
-66
-434
-704
-722
-541
-811
-281
1056
886
204
831
730
-742
-652
584
1031
363
-829
-1011
-916
-187
861
106
-823
-179
671
-27
119
1099
-288
-1634
-823
435
292
133
575
161
183
362
713
1143
122
-856
-719
-450
-615
-10
731
-288
-1087
476
1619
-18
-887
-318
-201
482
-18
-1277
67
1156
-5
111
357
-823
-340
215
-748
-244
613
-467
-581
1091
1619
918
113
-98
79
332
630
-399
-1274
-482
386
190
-592
-849
-1653
-1819
-422
136
207
-675
-820
1339
1947
1692
1942
1507
1216
782
74
-331
-402
-283
-602
-699
-216
-89
-637
-1711
-2652
-2879
-1712
-572
-381
201
25
1232
3186
2286
1593
950
602
1291
1548
1829
389
-731
-184
479
330
-1138
-1232
-1890
-2696
-2423
-4294
-4306
-1557
703
2289
2854
3126
2549
2495
2326
-840
-2040
33
547
11
130
68
265
1703
2648
1670
-139
-1145
-1846
-2709
-2514
-2415
-1932
-1776
-2704
-1476
786
3304
3619
1515
1389
1206
805
-329
-1731
-1118
-426
968
1921
1377
828
1519
2732
1700
-611
-1621
-1373
-1604
-1871
-3142
-3691
-2705
-3726
-3029
-156
3725
5372
2940
2628
2119
1105
-97
-1936
-1730
-1109
689
759
127
2108
3168
2432
939
89
-1221
-2593
-2666
-2374
-2495
-2330
-1841
-3422
-2977
681
4005
4656
2130
1362
1459
1176
245
-2278
-2872
-1654
563
2633
2897
2065
1392
2286
3049
148
-2679
-2023
-2654
-3339
-2677
-2541
-3120
-3426
-1063
753
3407
5228
2206
637
829
69
-975
-762
-759
-1195
758
2633
3219
2594
1637
829
137
-678
-2475
-2480
-1138
-572
-1946
-2775
-2393
-3059
-1583
511
2592
3361
1458
1062
798
735
8
-1705
-2179
-1686
1364
3673
3620
3232
1747
594
848
508
-1378
-2982
-3365
-2290
-1602
-1688
-2156
-4177
-3331
466
3982
4833
2325
401
-1072
630
2692
-271
-2569
-2077
247
2282
3456
3210
818
545
1203
647
-637
-1926
-2593
-3086
-3064
-1880
-884
-3074
-3350
-524
1960
5124
4384
1195
-231
-295
711
-270
-2077
-2255
-1006
1712
4060
3795
2248
973
666
1096
-469
-2387
-3094
-2838
-1896
-1650
-1683
-3151
-3428
-1084
1773
4911
4723
1157
-1932
-836
1839
-136
-2144
-1694
-906
1851
4158
4126
2820
1414
1239
304
-375
-791
-3728
-4275
-3234
-3283
-1306
-1406
-3233
-2175
730
4093
5505
3533
13
-863
776
486
-368
-631
-2120
-1438
2374
3540
1877
891
540
1221
1635
-25
-2052
-2601
-2464
-3427
-3052
-1764
-2733
-2557
168
3258
4463
3302
974
-1117
72
894
-195
-341
-1188
-776
1523
3781
4176
1447
-491
11
669
282
-1868
-3846
-3584
-3542
-2436
-857
-2370
-2879
-690
3309
6060
4085
231
-1294
490
782
-64
-195
-1543
-1706
191
3325
4956
3651
1972
-40
-1122
-827
-2449
-4228
-4247
-3911
-1971
-1016
-1840
-1256
544
3447
5184
4477
1859
-1296
-1967
-1819
-2108
-670
107
-485
1726
4510
4987
3140
922
458
-556
-881
-1667
-4007
-4789
-3846
-3060
-3418
-1856
-424
926
4086
4932
3764
1473
-213
-914
-781
819
151
-1745
-1359
34
1391
3445
3989
2380
287
-718
62
-287
-1748
-3511
-4839
-5060
-4587
-3030
-454
2725
3096
2834
3432
2214
1565
1262
648
-344
-896
-683
-439
937
1198
779
1595
1817
690
-119
-806
-1867
-2144
-3247
-3730
-3329
-4133
-2362
1612
3151
3056
3713
3385
1364
-49
-246
456
630
-820
-1784
-759
919
1607
1325
1213
1155
1034
1030
13
-1663
-2741
-3955
-5671
-4980
-2319
-1192
1060
4376
4169
2125
1192
1167
1775
2449
1868
-255
-2060
-1705
218
1572
1356
638
541
791
317
-959
-1796
-2689
-4026
-4223
-2937
-1513
-1042
225
2978
4088
2786
1493
859
449
1296
1572
111
-967
-1285
-173
849
1392
2024
803
93
10
-826
-1594
-2057
-1937
-3467
-4176
-2548
-1931
-48
2508
2575
2407
2887
2794
1814
327
651
1422
-980
-2415
-158
925
292
336
217
179
232
-337
-830
-823
-972
-2133
-2468
-2179
-2295
-812
974
1074
727
1741
2126
1343
1461
1175
1378
698
-1040
-127
373
-5
720
960
501
-425
-581
-68
-209
-703
-1682
-2864
-3874
-3164
-570
389
-95
520
1455
884
1175
2808
2069
1122
909
435
1210
1912
1632
445
-440
-762
-1524
-1556
-909
-631
-623
-940
-2029
-2583
-2067
-1037
-524
-817
433
1051
268
1311
2595
2188
1242
1282
1526
1619
1314
-261
-456
305
-114
74
-335
-2019
-2422
-1544
-666
-1161
-1615
-1409
-1399
-176
488
1036
1625
300
-366
421
1897
2232
1128
408
-94
-225
-148
578
1120
1020
912
47
-917
-1075
-326
-519
-1081
-756
-1696
-2703
-1992
-717
-719
-650
719
878
254
211
1452
2990
2543
1292
752
740
-34
-83
864
137
-428
-149
14
-348
-954
-202
-344
-1880
-2297
-2016
-2150
-1758
-577
48
665
1009
614
925
2244
2920
1629
526
453
211
613
871
1
-293
-240
-624
-168
260
-335
-1092
-1253
-1209
-1239
-924
-1631
-1695
-188
-166
-439
333
929
1201
1453
1531
1539
1448
665
100
190
185
940
1860
185
-1518
-928
-1048
-1211
-502
45
-214
-1482
-1387
-423
-1110
-1858
-544
251
-118
562
1117
1343
1431
1816
1837
232
-496
-510
345
1689
1047
414
-45
-468
-286
-1094
-1216
-493
-1056
-1194
-230
-290
-1194
-1105
-276
-151
-77
269
46
177
500
512
664
457
332
866
2113
2708
1205
-208
-599
-328
793
405
-974
-1240
-1479
-1504
-1068
-966
-1414
-1917
-1278
-28
912
824
-36
273
1246
1247
757
944
1006
493
600
637
316
181
-138
-390
-91
354
490
856
572
-577
-1169
-1766
-2002
-1691
-1837
-1227
-497
-1076
-315
1551
1302
809
1362
1027
432
949
2118
1931
-184
-1081
-66
473
432
-132
-463
-111
267
861
-463
-2281
-1568
-502
-975
-1914
-966
-357
-630
457
388
248
976
184
-239
1600
2478
858
275
656
499
253
31
135
111
460
641
-22
-275
93
-329
-2251
-2751
-1660
-2052
-2072
-252
1099
1264
416
-317
566
1176
553
514
1232
1258
750
952
1202
848
625
1328
1492
8
-1253
-1948
-2376
-2304
-1754
-1365
-1398
-567
498
783
565
-143
-1517
-1476
206
733
1415
1638
1657
2462
1018
302
1049
691
388
0
-411
-525
-18
-27
-945
-1266
-1460
-1056
-598
-1058
-978
-513
-548
-386
20
-662
-1238
305
1374
1210
2393
2500
417
-44
894
981
931
864
-19
-182
801
590
-1283
-2233
-1635
-1794
-1621
-791
-1366
-1636
-559
508
708
590
633
178
170
1141
1540
816
386
882
1250
1196
855
377
-7
-528
-215
744
451
-380
-1256
-1779
-1560
-2154
-2901
-2701
-1024
227
308
1268
762
583
1285
1052
2885
3510
1722
307
39
883
80
-1298
-1180
-477
-548
-402
425
-75
-1062
-1421
-470
-747
-3313
-3356
-1091
10
212
872
906
1213
2637
2989
2150
1003
218
-408
-285
235
369
1120
1437
426
-412
-28
-274
-1067
-2042
-2505
-1987
-2793
-2804
-2181
-1100
704
1601
1695
1016
2376
2473
1469
1664
583
469
-793
-1158
1232
1676
999
949
1321
1342
303
-1360
-1815
-2378
-3440
-4324
-4957
-3674
-1560
1282
2404
2071
2296
2554
3353
1927
848
795
-179
-41
464
613
223
347
718
643
607
372
-351
-1036
-1435
-1887
-2895
-5274
-4881
-2587
-556
1715
2059
3267
3714
3564
3123
286
73
648
-1269
-1947
-73
569
771
1538
1127
1425
1151
200
-959
-2681
-3164
-2371
-3670
-5691
-3249
79
2016
1812
2016
4890
4559
2388
732
199
93
-1232
-2456
-2384
627
1974
542
1432
2876
2498
1659
-594
-2740
-3553
-4377
-4773
-6410
-3854
725
1386
2039
1993
4920
6035
3044
2550
852
-489
-1790
-3719
-3253
-1203
1011
1704
2206
3497
3184
850
-574
-1769
-2068
-2700
-4306
-5294
-5927
-1395
1427
1588
3027
2876
4906
3138
371
-269
-1842
-849
-1770
-1897
1249
3593
3247
2203
3241
2428
159
-1765
-2942
-2617
-4029
-5397
-4046
-5294
-3655
2116
2898
4518
4360
3665
5606
1070
-3012
-3299
-1550
-1031
-3113
-692
2769
3850
3012
2874
3578
1593
-774
-1462
-2092
-3505
-3975
-3302
-2466
-4643
-3749
1639
2122
1985
2165
4081
4533
-728
-845
257
-893
-1660
-1617
1785
2316
1026
2225
2281
1554
855
188
184
-1409
-3181
-4457
-3921
-3914
-6730
-1071
3643
1195
2861
4538
5472
1902
-1739
-408
-1968
-2457
-1471
725
1705
899
3978
4713
2077
426
-6
-614
-4119
-4845
-2237
-3967
-3287
-2769
-4351
2414
4517
1984
3264
4012
3494
-787
-340
448
-2817
-2524
-2750
-664
2644
3550
3767
2401
1167
546
706
174
-2477
-3185
-3711
-3765
-1133
-5528
-5483
1974
1732
2943
4011
4141
2433
-880
1687
-686
-1929
-983
-586
1528
-129
2883
3801
1071
1861
89
-1877
-2486
-1993
-1744
-2949
-1088
-1500
-5922
-1970
2306
1067
2470
2346
2721
914
-591
1166
-1514
-622
1236
-228
398
1800
2252
1436
2979
3449
-210
-1545
-2023
-3232
-2484
-3372
-3318
-5702
-6571
2979
3045
877
5097
3312
3085
1464
526
-1134
-4028
229
-396
-1468
2206
3352
2678
1320
2968
1965
-1902
-814
-1042
-2358
-3306
-4036
-2887
-6945
-3541
2559
-1637
2998
7293
3915
2167
1645
2200
-2248
-1940
78
-3935
-1109
1579
439
2555
4459
3856
1301
1636
504
-3653
-2404
-4028
-5224
-5220
-6255
394
-1381
-482
7634
4340
3902
2262
-867
-102
-767
595
-2223
-1230
3028
572
538
2415
2425
1019
1117
1018
-2638
-2402
-2976
-3423
-2346
-5346
-736
-344
-3665
2803
2424
2581
4375
2446
2631
-301
84
-1225
-2473
991
-62
1371
2386
1721
1912
923
1297
-1680
-2394
-2625
-4183
-4133
-7150
-1368
677
-2954
4422
3872
2524
5073
2229
1994
-138
342
-480
-2674
-260
-1367
1895
3208
202
746
139
1236
735
-253
-2559
-3987
-3340
-7734
-2986
-868
-3389
4970
4061
2324
4980
2030
1897
1113
892
-569
-1779
-412
-1950
59
1020
-17
1490
2689
2540
424
153
-2380
-3018
-3411
-7910
-2472
-1329
-2655
3790
434
655
5054
3144
3252
2181
1192
-979
-711
-109
-3346
1096
1553
-585
3239
1939
-125
476
126
-3286
-3018
-3496
-5807
822
-2874
-5815
2232
1115
3318
5506
2699
2746
1647
1059
-738
-326
-328
-840
1707
-353
639
2395
-462
-1061
-936
-66
-1999
-1675
-2361
-5918
299
-1800
-3489
3753
-610
761
4116
1191
2749
2572
1496
253
1541
202
-1979
1214
-818
-120
1076
-943
617
628
1003
-1417
-2034
-3437
-5921
-101
-3611
-2604
3622
-2035
2686
4388
-238
3151
2836
1607
470
905
92
-1037
823
-1562
1259
4002
1458
263
-1121
-1225
-2566
-2712
-6688
-5899
880
-4071
-332
2417
-2419
5552
4978
2017
4428
932
82
488
-243
-1772
284
1255
-448
1363
-266
1010
849
-1012
774
-1267
-709
-4517
-4419
-1710
-6106
1416
-295
-4514
4498
2568
3769
6013
1537
2040
2521
1208
-771
-322
-1686
-1189
958
-1894
-528
-667
263
1911
-540
-1932
-5162
-950
-2128
-4495
2497
-2266
-139
3674
-737
4006
3264
1168
2733
1073
480
675
604
-727
821
-173
-961
1130
-2518
-979
710
-1760
-3276
-4681
-445
-2547
-1879
2978
-1422
2684
3134
-654
3319
1109
888
3066
1954
146
-1451
-959
-883
605
1350
1190
600
-1422
-870
-256
-3613
-4208
-943
-3381
-910
1464
-3652
1469
2278
-708
3716
2360
2073
2643
626
1743
2065
319
-554
-105
-169
203
-676
-996
-490
-1820
-2341
-4108
-1307
-438
-3245
1646
-1444
-2324
3543
-538
1815
3789
101
2246
1823
1854
2595
-337
-917
820
284
-56
564
-581
-79
-1157
-2216
-2598
-4177
-2386
-4103
-1980
1103
-1710
3717
3982
1178
4272
1620
1517
2126
-314
57
58
-622
-755
623
1326
390
611
-58
-1523
-2276
-4234
-2748
-2036
-4816
481
707
-2725
2830
1923
2420
5179
1122
1815
2063
-205
223
6
20
563
-157
-51
522
-463
188
28
-1378
-2952
-2674
-861
-5009
-2635
113
-3202
2767
1772
111
4676
617
1891
4082
971
1433
970
-214
554
1036
381
154
-755
-1006
-572
-1578
-3707
-4122
-1259
-4348
-3987
915
-1916
1782
4033
1809
5517
2909
1263
3021
477
-180
-216
-460
280
-101
-1187
-570
1252
-134
-1102
-874
-4329
-2217
-269
-5155
-1069
710
-2481
1520
250
491
4406
1918
2018
3729
3036
2287
1068
-631
-994
402
111
-303
-729
-2264
-1218
-977
-4101
-3687
-1553
-2789
-846
512
-1292
1682
2027
793
3527
2423
1343
2495
1325
110
264
1041
495
263
517
-522
-798
-1746
-903
-821
-3460
-931
-1722
-2754
1405
-1544
-1544
513
-2093
452
1879
1571
2629
2714
3166
2892
2563
900
443
915
-639
-396
-666
-2706
-3030
-3377
-4337
-1900
-1298
-2966
-260
275
1348
2950
-72
1484
3660
1554
943
2278
2489
761
1123
1450
-187
-422
-1265
-1685
-844
-1519
-1578
-2809
-3337
-1839
-2913
-659
165
-1645
1705
2110
1676
2431
1601
2314
2674
2483
1187
1537
1980
-642
-855
40
-961
-2388
-2471
-1699
-1695
-3240
-2973
-446
-1783
-1150
1103
-273
1255
1639
-183
1256
3223
3477
2268
1892
703
-216
1438
527
-950
-1092
-841
410
-127
-229
-1790
-3942
-1935
-2994
-3704
-1027
-1516
-548
1837
2327
2374
1985
1957
1464
2041
3124
1810
941
686
-219
-490
-527
-570
-248
-746
-1490
-1947
-3109
-2200
-1710
-3195
-2049
-1125
-489
1084
1083
1080
2285
3613
3266
2936
2677
1360
1138
717
563
1015
-251
-1442
-2329
-3129
-2213
-3061
-3797
-1950
-3085
-2726
218
832
1484
1526
2254
3492
3770
2985
515
640
1178
-62
-24
368
279
270
549
-33
-1092
-1516
-2048
-3181
-2828
-1334
-2273
-2248
-689
-1206
-790
1432
2395
2249
3060
3679
3045
1607
277
711
1201
728
3
-905
-864
-22
-1003
-2532
-1772
-2284
-2702
-1156
-1578
-1983
-1175
167
530
-395
879
2116
2061
1825
2038
3167
2722
1539
714
419
812
241
-665
-1099
-1419
-1823
-1985
-2236
-2133
-1803
-2753
-2364
-1414
-1760
-664
873
1887
2526
3026
4173
3843
2187
1598
1504
331
-728
-516
-68
-127
-1094
-1379
-1188
-1928
-1938
-1809
-1840
-1908
-2333
-1571
-830
-1149
-805
1359
2789
2355
2865
3095
2810
3018
2231
690
-536
-70
35
-1321
-1227
-978
-1610
-1512
-1170
-1994
-2855
-1635
-798
-1557
-1306
-459
84
802
1768
2710
3416
3652
2489
875
-6
-243
586
678
-604
-552
22
-468
-813
-1282
-1872
-2579
-3252
-2199
-1105
-1360
-1176
417
1829
1123
1020
2176
1827
2286
3551
2331
673
354
-168
-1124
-796
548
136
-1247
-1128
-597
-1539
-2680
-2898
-2430
-726
-4
-44
1063
1070
370
303
794
1418
998
813
1938
2365
1205
451
247
-154
-148
-320
-822
-1118
-1381
-1319
-720
-1025
-2207
-1282
1028
508
-1449
-820
424
691
1112
975
1183
1365
598
577
719
546
-85
-393
1081
1375
-141
-655
-33
-128
-1336
-1596
-982
-1136
-1908
-1484
-294
-525
-914
-515
876
2602
2006
699
1403
2030
1047
267
206
172
-442
-1048
-633
-902
-1615
-1323
-208
822
349
210
1101
823
-667
-1365
-338
-120
-794
-584
-159
501
751
529
337
87
393
-33
-904
-225
832
718
786
1271
258
-288
337
-476
-1680
-1539
-547
230
191
-194
400
291
-999
-540
48
251
131
-389
1014
1111
10
656
799
650
448
-542
-673
-301
-554
-571
-408
-431
-341
-415
-384
365
1042
1034
390
-758
-422
-56
-990
-257
407
313
392
290
1077
959
390
-110
-1306
-924
140
-341
-1002
142
981
184
167
605
-221
-1155
-97
427
-857
-411
754
459
-194
255
970
280
-144
-308
-964
-821
-546
-386
647
1459
240
-167
1194
482
-316
307
499
130
-1053
-1407
-1361
-1494
-429
483
891
1113
1229
1091
199
-77
-32
-856
-864
138
246
-123
-93
473
600
-124
22
93
-625
-986
-1101
-780
133
742
267
190
476
-55
387
1318
835
69
-325
-388
392
51
-1117
-772
-310
-497
-919
-436
192
296
1359
532
-474
1198
1737
174
-759
563
403
-1511
-1431
-878
-316
-602
-930
712
717
-92
862
1509
710
-870
-857
252
135
-499
-570
377
1000
568
-17
-127
366
-140
-1211
-975
36
31
-395
232
527
557
794
603
-192
-601
275
-13
-493
150
-477
-834
359
614
-515
-669
252
612
-198
-976
-290
320
337
148
123
777
106
-582
606
1085
341
6
147
-166
-222
-145
-1138
-1318
-830
-347
190
340
1855
1901
330
416
-555
-1617
-556
311
-341
-1243
-756
182
413
664
658
182
189
-279
-503
267
877
843
-501
-416
219
-638
-151
125
-396
-341
-99
686
275
-921
-308
896
1512
323
-1244
5
20
-676
332
345
223
-605
-947
-325
20
749
17
-731
-874
-430
1031
1649
1571
423
306
963
-577
-1810
-1602
-702
-182
-157
923
828
-297
-196
-187
-104
-17
-218
326
609
-22
-529
301
980
-88
-380
357
-101
-524
-286
-721
-332
1045
644
-384
419
623
-718
-707
-123
-241
-689
-520
699
406
112
966
641
219
-4
-32
483
274
-366
-583
-337
-46
-885
-1366
-141
-215
-362
679
97
-326
373
1283
1604
401
247
738
-63
-578
-603
-727
-706
-290
-166
-947
-570
249
-534
-280
594
584
1190
996
-41
-155
464
650
-230
-376
134
45
-414
-813
-281
-188
-351
496
109
-630
-277
-337
-148
238
692
1489
790
47
256
-620
-1035
-429
-748
-1154
-675
53
558
882
1220
1520
1262
-66
-445
225
-1238
-2761
-1794
-41
526
457
1566
1611
535
665
924
-176
-1916
-1795
-375
676
160
-810
272
1098
304
-631
-238
555
151
-769
-808
872
1178
-62
-11
310
-375
-853
-42
-48
-866
-693
444
1442
1738
1281
-472
-902
-438
-907
-900
-926
-622
-509
-317
1137
1453
254
-501
267
1165
430
-213
-52
507
893
-296
-815
-317
-684
-1177
-991
150
383
263
340
-134
171
113
519
1033
494
82
-853
-204
976
-465
-1307
-78
444
-463
-834
149
82
-656
148
446
623
901
135
-162
198
1013
207
-910
-201
16
246
231
-156
57
-101
-1195
-1674
-339
-66
-471
217
207
691
1798
1341
193
-347
350
775
-248
-467
-605
-965
-261
-142
-489
-343
-324
-731
-659
181
805
793
927
1346
756
298
348
-531
-1138
-595
-253
-575
-215
313
334
-31
-1042
-949
393
211
-648
827
1521
-231
-21
1324
712
-308
-571
-145
578
-22
-998
-1365
-1293
-370
91
366
582
503
506
479
1027
871
-8
-773
-721
379
63
-867
-387
135
165
413
-401
-1313
-564
110
675
896
591
799
535
-772
-1599
-379
382
-259
-38
579
727
-260
-591
139
-42
680
1071
221
43
-270
-591
-1239
-1111
234
-8
-403
625
1087
544
192
-309
-430
488
695
52
-739
-225
583
-408
-738
-600
-331
522
328
165
-33
-164
418
-180
-744
30
266
63
561
1033
518
107
249
-446
-1174
-1064
-801
-247
542
397
-138
998
1258
-511
-377
425
220
610
159
-548
32
-477
-1432
-784
-453
-706
198
958
500
518
749
-43
-23
778
-91
-322
362
-875
-659
611
59
88
36
-632
-430
451
817
356
606
530
-65
-136
-906
-1065
-643
-1424
-1183
-35
-197
421
1873
1495
1118
1578
873
64
-216
-364
-197
-365
-662
-971
-1256
-1317
-971
-209
-206
-410
-388
-630
-135
514
520
792
1537
2309
2333
1894
2134
1793
143
-1002
-1038
-1624
-2963
-3046
-2962
-3333
-2614
-1625
-891
-142
990
1832
2565
3860
4268
3694
2786
3096
2770
334
-479
-1091
-2695
-3915
-4747
-4159
-3630
-3960
-3343
-1911
-414
1515
2711
2834
3804
4612
3791
3535
3307
1800
2114
1674
-761
-1434
-1988
-3616
-5951
-5295
-3479
-4701
-2845
-1033
-1553
1541
3745
3040
3741
4362
3353
2702
2317
1693
1478
1338
328
-310
182
-907
-3256
-4479
-4335
-4924
-5555
-3744
-2273
-1190
945
2265
3126
4722
5582
5000
4456
3687
2288
544
-842
-1456
-796
-870
-2789
-3374
-3935
-3567
-3906
-4786
-1464
-906
-1024
1768
2175
2902
4347
3624
2433
3520
3789
1816
1068
950
-434
-1852
-2035
-1968
-1939
-3762
-3880
-2639
-4132
-2440
-1364
-1051
1660
2020
2821
3373
2908
2947
3570
2983
714
1290
1298
-116
-328
-1249
-1477
-1556
-4093
-4540
-2648
-3758
-2670
-1073
-1956
281
1517
1819
4204
5041
4144
3449
2521
1648
1590
554
-655
-913
-1740
-2695
-2226
-3555
-4286
-1643
-3128
-3097
-198
-256
1092
865
964
3209
2851
2181
2878
2861
1869
2345
2037
769
808
-184
-2065
-2619
-4028
-5312
-2858
-3839
-4340
-562
-1475
-504
2062
2050
4191
4550
3448
4130
2974
1132
1528
288
-1226
-972
-1537
-2144
-1133
-1000
-3352
-2252
-2452
-3496
-839
-2404
-965
1486
526
2919
2220
1508
4218
4033
3347
3684
1335
-125
-18
-2099
-2339
-2029
-3736
-4896
-3025
-2170
-2635
82
-1065
-604
1860
81
2664
3102
1319
4129
3816
1929
1887
827
458
333
132
126
-1951
-2860
-3837
-4292
-3931
-4459
-1141
-743
-321
2106
-290
1186
3243
2541
3947
3861
2892
2930
1155
-96
1007
-286
-1480
-1500
-2396
-3616
-3565
-2917
-4274
-1831
-1221
-2652
-58
-447
1787
4650
3642
4916
4750
2934
3178
2007
-80
-1
-1540
-2277
-2332
-3551
-3418
-3717
-3064
-3316
-1185
496
-1016
1457
1095
1908
3505
512
2245
3602
1687
2081
2491
1872
712
-1036
-275
-444
-2813
-4202
-5279
-3049
-3346
-2955
287
-986
596
833
801
3363
2503
4089
4226
2154
3189
2089
114
730
-645
-1196
-1107
-3049
-2820
-3828
-3178
-3442
-4174
-692
-1071
922
1590
484
3844
2469
1792
2939
2484
3170
2245
710
1218
424
-782
-382
-2083
-2638
-3780
-4424
-3487
-3632
-385
-1015
-790
1486
-391
2348
3292
2664
4405
2729
2252
2573
363
197
580
-180
190
-2022
-3095
-3114
-3729
-2712
-3853
-1762
-1605
-2402
893
-45
2840
5096
3218
4233
2237
1433
2527
766
255
952
243
-277
-1459
-2459
-3048
-4424
-3050
-3700
-3108
-810
-2262
641
1596
1460
3848
2516
3879
4246
2386
2686
1530
646
-43
-1834
-1620
-1505
-2471
-1930
-3527
-3035
-1086
-2301
-1455
-1636
214
1599
-448
2023
2584
2128
2996
2684
3399
2438
1748
1544
-91
-312
-927
-3052
-2876
-3238
-3826
-2902
-4421
-2637
-343
-707
909
515
1876
3512
2961
4753
3882
2747
3051
825
-35
-355
-1493
-1422
-2588
-3117
-1944
-2734
-2816
-2006
-1715
-416
-404
360
993
444
2737
1997
783
2794
2122
1904
962
-325
1316
1653
563
-865
-1546
-1522
-2288
-3212
-2754
-2099
-1943
-462
-738
-597
655
329
2052
2824
2144
1853
1381
2266
1922
567
115
299
38
-485
-968
-2756
-2617
-1902
-2071
-912
-1245
-917
171
-224
88
442
1318
1518
850
1411
1892
2143
1660
1417
1420
-266
-1443
-1144
-875
-1292
-1282
-905
-1523
-1816
-1230
-1006
-1445
-947
631
942
1013
1812
1823
2012
2302
1186
-42
-88
462
133
-853
-711
-668
-1473
-1199
-547
-450
-220
51
94
-333
-470
-255
-286
-5
382
562
330
301
860
776
245
462
1064
317
-633
-313
-401
-338
-122
-780
-645
-343
-600
-195
166
284
431
584
442
-57
470
439
-576
-364
-148
-567
-795
-191
1088
896
-155
67
340
-130
-164
327
45
-794
-634
-456
-163
503
106
101
659
542
-89
-513
34
509
45
-307
-291
-651
-38
556
-92
227
774
508
-155
-421
-383
-886
-846
-563
-457
-138
394
1242
1376
481
401
786
167
-64
-122
-420
-529
-764
-715
-534
-524
-888
-120
1163
363
-764
103
1254
430
-118
348
626
423
-456
-162
-346
-953
384
826
-592
-563
1196
67
-1804
-77
691
-737
-1200
-10
1261
838
334
501
677
535
-194
-149
-33
-595
-842
-1087
-170
544
-908
-246
1488
720
195
65
360
549
-695
-939
-407
-201
-504
-3
773
-158
-34
314
-118
-111
47
363
-5
439
798
273
73
-704
-502
-184
-587
-218
7
117
365
1004
307
-1548
-373
866
209
9
-692
-372
475
24
-274
-144
322
254
-341
-32
999
738
-259
276
440
-418
-826
-565
-54
-343
-606
-357
-40
612
349
-482
432
1343
735
316
214
58
-121
-200
-562
-948
-879
-1569
-1470
7
418
633
1414
1426
715
-79
-118
650
495
-315
-101
29
-793
-1031
-351
429
404
-119
440
509
-545
-483
3
148
265
-555
-990
-223
-98
263
510
-74
350
630
155
151
794
587
-329
-444
-584
13
-136
-979
-193
-65
8
109
-344
14
110
-94
-166
268
1012
1057
285
-75
652
517
-403
-1204
-972
35
-901
-846
904
494
511
863
-386
-25
575
-900
-1895
-1169
77
664
166
-24
1505
1484
388
963
28
-398
580
-269
-985
-1031
-1026
-642
116
27
-778
-202
826
1488
937
-186
-248
-177
279
277
-333
-145
-169
-369
-288
-443
-461
-225
358
498
-122
183
364
88
309
10
40
270
99
258
597
291
-904
-880
-271
-767
-604
306
709
697
711
102
-772
-223
37
-862
-800
-109
801
1543
1012
198
-209
-381
-466
-623
-524
96
419
-335
-824
1
620
-310
-359
769
715
648
317
38
288
-744
-1403
-557
353
-153
-573
770
1090
614
398
-745
-573
275
-316
66
175
-625
-113
-387
-705
412
830
491
-117
-282
621
177
-1161
-304
160
-259
663
1184
1054
-88
-733
51
-519
-488
-4
-487
226
371
-321
-407
-674
-180
331
300
690
509
491
362
-550
-668
-834
-982
-51
269
-475
267
1900
1529
564
112
-524
-930
-390
-138
-1006
-236
143
-556
236
24
-38
291
406
988
-109
-167
212
-631
-357
-228
209
210
-612
335
1184
575
-75
-754
-630
337
-258
-573
439
297
333
608
-133
-1047
-1119
180
812
-117
-154
503
434
48
-736
-588
149
326
287
253
891
-53
-588
-199
-1273
-321
365
130
1020
1217
597
-451
-26
7
-745
-274
-435
-612
-572
-229
286
-135
16
194
153
27
-473
948
1638
836
281
-1148
-1214
-1541
-1136
151
-209
1131
1072
697
1655
1214
419
-983
-305
34
-1035
-677
-628
-664
-879
-17
1124
478
37
151
-414
-697
-342
123
526
-569
533
2178
426
178
-540
-892
860
-647
-1750
-934
-1165
71
925
660
1679
1326
409
25
-442
-303
-1002
-940
-393
-506
161
305
573
1089
128
-917
-362
715
571
313
-84
-621
-33
-78
133
-42
-641
478
-530
-812
523
-708
-584
986
1172
353
402
497
-454
-314
-659
-1288
-412
492
647
605
375
136
175
-476
-277
588
-118
-525
108
109
-54
-190
-684
3
400
3
23
-198
287
85
71
1214
725
-13
-57
-199
-493
-564
-669
-1142
-636
-241
-306
4
560
1720
1210
-374
-30
535
66
-502
-502
-123
-507
-1198
-398
527
142
1037
1714
806
874
613
-720
-2026
-1066
304
-1348
-1317
-76
-392
78
937
1073
588
754
429
-530
104
355
-390
-281
167
107
16
55
-56
-410
-199
209
-54
197
18
-292
-63
-158
607
941
-71
-870
-553
38
-107
-393
-510
119
506
64
62
-198
-81
616
-392
-199
1052
-143
-302
-14
-17
395
-91
240
-105
-254
-565
-1027
970
1426
907
926
396
-618
-1375
-261
-396
-1490
-887
-507
-584
174
930
912
607
305
334
-103
200
1104
-210
-703
306
-182
-544
-199
336
497
-762
-618
221
-7
571
-246
-638
982
1041
565
107
-158
-233
-1438
-1823
-646
-543
-1018
53
894
1209
1229
1163
1876
998
-708
-1186
-422
300
-810
-1093
-91
-161
-56
751
854
-62
27
949
-274
-1419
-889
-674
-1127
-1801
214
1952
472
710
1193
826
930
997
1372
-708
-2028
-830
-936
-996
-403
484
452
548
427
-948
531
397
-862
662
-72
-498
424
372
304
21
187
30
-700
-1082
-996
-561
-289
-84
949
1646
1162
1376
1142
0
-473
-859
-1337
-909
-462
-537
415
-262
-847
883
643
111
-346
-350
635
-37
-173
-44
220
989
1229
452
-1290
-814
-234
-301
240
-98
415
729
177
-927
-1623
-68
295
-543
197
269
-234
623
678
543
678
-160
392
581
-621
-754
-659
-426
16
53
288
454
881
651
-1371
-1489
-545
-537
599
738
102
521
650
346
479
248
-363
-221
-160
-30
-602
-690
578
979
616
-1121
-1292
-45
-663
-611
454
660
31
398
42
-162
1624
656
-764
-396
-86
486
-139
-843
3
706
-330
-759
-104
-372
-420
-422
508
1353
384
226
960
1186
-70
-399
101
-1441
-1775
-783
-138
-529
-218
2066
764
-956
450
499
-631
-872
638
917
-733
-767
30
775
1296
927
360
-43
-525
-746
-503
-723
-914
4
738
177
-206
-601
-1415
-425
624
1111
1976
977
645
471
-1488
-966
-133
-253
978
406
-1107
-1291
-600
590
-18
-503
830
468
-666
-266
269
438
615
884
877
272
-273
-883
-1003
-571
-923
-221
735
194
408
352
161
313
-378
-3
323
-71
-352
-709
-116
204
140
402
664
672
262
79
-888
-1505
-725
-151
466
787
-47
-393
963
467
-1087
94
504
-272
-167
33
689
1392
995
-300
-364
-548
-1915
-1321
-1192
-1521
801
1371
392
777
1373
1725
328
-313
46
-587
-241
-929
-625
1127
728
479
-246
-1187
-1136
-838
-660
-1243
-218
373
-455
142
587
1146
1229
670
1440
1449
515
143
73
-147
-483
-506
-470
-6
-757
-2358
-1123
69
-463
-516
-751
277
1052
-386
-674
-566
-113
1259
1102
1515
1960
896
856
1057
735
225
51
71
-1248
-1949
-1921
-2256
-1247
-303
-130
240
-54
479
1306
-243
-1292
-225
554
433
237
710
1130
880
169
288
1720
1766
646
-205
-749
-203
-28
-1320
-2743
-2281
-774
-1501
-1957
353
1111
167
1137
1617
193
364
1518
1044
930
1614
998
210
-586
-970
532
756
-641
-879
-1104
-1541
-1698
-2146
-1745
-1030
-500
1257
2281
1519
97
-808
71
-142
-318
1964
2252
1519
1769
734
-29
392
508
-683
-1740
-1502
-1268
-1235
-2830
-3161
-1327
-889
2123
3610
1235
1444
581
-1054
-1079
-99
2103
1347
4
200
-894
-680
924
1349
1289
1088
-244
-1984
-1469
-1195
-2506
-1914
-1393
295
2170
-325
-1039
-111
-862
-146
1460
3555
4390
2619
883
-310
-893
-506
-557
-979
-1164
-1828
-1727
-1081
-1646
-1645
-1109
-327
2490
2929
37
-498
-220
-1310
-1238
1142
2642
1179
384
1129
1402
709
830
1661
146
-1468
-1071
-1484
-2715
-1908
-995
-2226
-3072
-495
3717
2559
-899
-881
-323
542
1295
2009
2722
971
-1097
-696
493
670
1306
1734
-12
-1395
-276
133
-1080
-1415
-1810
-2134
-2991
-2244
2567
3238
-260
-1251
-1865
-2077
236
2896
3502
2530
1162
335
259
-52
797
1955
591
-1156
-1191
-585
-1350
-2548
-2690
-2573
-1900
-1495
1069
4541
2356
-567
-520
-665
-703
-355
1239
2999
1759
-801
-926
454
1170
1325
615
-156
-811
-820
655
484
-736
-1372
-2697
-3526
-3037
431
2898
455
-63
742
-452
-348
693
1946
2601
884
-1093
-483
895
1714
2629
1842
-188
-1324
-1089
-1120
-1809
-1502
-2565
-4087
-3401
-1570
2612
4437
992
-191
628
218
-12
379
2409
2819
-19
-1232
46
390
453
1677
1043
-221
-842
-1229
-23
-235
-1538
-2605
-2976
-2327
-2650
491
3972
1178
-1139
-267
258
315
1127
2865
3522
1790
-760
-1343
-680
-233
936
763
-447
-382
-497
397
1480
152
-1810
-3375
-3304
-2861
-1827
2306
3012
278
129
-356
-945
-283
993
3062
2563
-184
-1296
49
1378
1630
1765
921
-234
-1306
-1344
9
-395
-1646
-2353
-2665
-2985
-2744
1327
4135
1675
-239
-433
-219
278
237
1019
2780
2053
-1376
-1604
984
1126
650
1384
807
-942
-1151
-360
291
830
-813
-3275
-3284
-3079
-2657
1340
3626
740
-915
-321
-198
224
1497
2912
3213
1886
315
-344
-571
242
861
-704
-1858
-915
-252
-578
-142
63
-1533
-3009
-1807
-994
-1298
2303
4202
1536
-20
-2002
-2680
-760
282
2234
3522
1093
-465
864
1617
1126
406
-223
-705
-1494
-1216
623
870
-384
-1423
-1954
-2263
-4402
-3503
2185
3929
1411
-124
-580
-669
506
1919
2145
1699
651
-102
-378
-41
1098
1163
20
-1070
-1183
343
1477
347
-449
-1207
-2747
-2395
-3258
-3975
949
5083
2967
-922
-2771
-2163
196
2345
3396
3421
1223
-825
-260
663
1811
2390
777
-1446
-3155
-3139
-1635
-544
-1060
-1485
-351
-193
-1165
-2146
19
5252
5391
682
-2848
-3758
-1813
1369
2687
2136
1816
797
-1044
-1273
335
1618
1130
-483
-2212
-2637
-809
1840
2397
1080
-628
-3015
-3421
-3469
-4179
901
6372
3880
-1415
-3632
-1614
2109
3400
2298
2024
1570
-1283
-2217
-336
1520
2772
1066
-1401
-1480
-985
-435
206
64
-1411
-2469
-2300
-1941
-2228
-3263
348
6681
6134
386
-4531
-4566
552
3412
2234
2156
2238
49
-1542
-110
2026
1719
233
-1250
-2373
-1748
-605
959
2082
365
-1803
-2427
-2510
-2874
-4673
-3119
5208
8372
2150
-2857
-3686
-1313
2795
4219
2598
799
-1134
-3138
-2412
894
3499
2767
-128
-1858
-932
435
277
585
131
-1425
-2167
-2276
-1257
-929
-2704
-3848
1489
9269
7044
-1816
-6552
-4814
620
3812
2060
323
1039
493
-1078
-981
1255
2802
741
-1536
-1788
-1294
277
1619
1214
90
-918
-1243
-1551
-2384
-4132
-5718
172
9922
9398
59
-6795
-6104
-494
3514
2930
2172
2830
751
-2371
-3317
-1145
1963
1369
-694
-1664
-2089
-933
1027
1952
1557
851
546
-117
-482
-29
-627
-2749
-4928
-2235
4649
6181
902
-4824
-5158
-954
2807
4014
2464
1804
938
-1584
-1643
-324
584
1034
-59
-1786
-1223
-18
250
1777
1608
-9
-371
-741
-1557
-2952
-4787
-5610
1347
11787
9872
-1798
-9315
-7496
-869
4220
4212
1634
2842
3574
-220
-3950
-3897
608
3386
456
-3107
-2837
-645
812
1446
1457
1529
792
525
307
-866
-659
-1966
-3634
-4342
-2542
5569
8170
1225
-4873
-6150
-1626
2900
2671
2199
3010
1717
-1558
-2466
-550
2061
2827
-174
-2295
-1350
-1074
-1548
-203
1915
1362
291
876
781
15
-1444
-3238
-4986
-4926
1249
7605
5341
-2153
-6375
-2798
3846
5415
2112
19
1253
1216
-1512
-3400
-2603
769
2573
884
-652
-586
-758
-973
698
1182
182
743
113
-1343
-800
-671
-1906
-2867
-3391
1228
9536
8169
-1953
-8613
-7618
-1295
3901
3284
476
1460
3151
1252
-2006
-3897
-1469
2341
2692
1009
-883
-1093
-387
-317
317
1110
1764
1142
-596
-770
-833
-2229
-3258
-4557
-4376
3048
11376
8231
-2270
-8883
-7886
-1206
4296
3622
1178
1347
1972
1051
-1494
-3387
-1512
2038
2621
375
-1036
-1235
-1317
-453
840
1758
2371
1697
-437
-1404
-39
-253
-2656
-4668
-6468
-2454
8497
12071
2658
-7284
-9173
-4577
3006
5777
2374
1587
3060
1624
-1868
-4062
-3246
-228
2917
2741
8
-1435
-1542
-1223
-25
1698
3178
2700
-565
-2755
-1997
-728
-693
-2689
-5910
-3473
7483
12466
4644
-5403
-10120
-6649
1126
4220
1521
1389
4642
4465
1036
-3445
-5423
-2250
2146
2790
48
-1867
-1858
-280
1319
2072
2616
1906
84
-1789
-2248
-1068
-591
-1802
-3767
-6284
-2531
8760
11664
4186
-4164
-8720
-4875
1962
3900
1483
488
2329
2574
118
-3890
-4995
-1075
2825
2333
-456
-1354
-1448
-606
2338
3666
2220
1031
212
-1095
-1830
-1660
-1410
-2575
-5283
-5786
1768
11026
9385
676
-7127
-9151
-2658
3461
2907
780
1226
3214
3944
431
-4419
-4232
-99
3434
3504
445
-2329
-2616
-776
-75
-154
1709
1997
-548
-1988
-1303
-14
-147
-1338
-3388
-4054
3306
10866
7242
-1812
-9307
-9817
-1745
4462
3701
2290
2259
2006
2580
-100
-5366
-4768
-863
2061
3442
1158
-616
8
193
678
1935
2279
634
-1340
-2649
-2895
-2256
-2067
-2456
-3950
-781
7403
9512
4118
-4191
-8989
-4820
2587
4504
1581
656
1639
2568
1199
-4240
-6406
-2749
2146
5051
3416
23
-996
-473
140
369
869
1790
729
-1684
-3294
-3193
-1751
-1415
-3273
-3477
3566
10194
7456
25
-7349
-8580
-2147
2763
2922
2668
2998
3241
2785
-1233
-5322
-4600
-1526
1481
2431
1304
648
112
-235
293
422
1017
1682
-2
-2314
-2466
-1983
-2603
-2124
-2381
-1492
5510
9634
5856
-1163
-7714
-8048
-2390
2272
3081
1917
844
2841
4264
-215
-4219
-4156
-1625
2335
3051
615
-1066
-1298
189
1633
1319
1265
1058
-114
-1132
-2681
-3693
-2294
-1557
-3105
87
7108
8344
3459
-4287
-8728
-5304
42
3027
3568
2103
1535
2532
1566
-1798
-4578
-4229
-258
3403
3852
1254
-1284
-635
709
1025
811
821
1164
48
-2080
-3524
-3638
-3196
-3088
-1241
3022
6258
6272
1365
-5297
-5509
-1594
1242
2848
2025
620
1238
2698
1316
-2248
-4252
-3660
-369
2605
2975
1434
112
-125
148
1207
431
-243
654
126
-768
-2379
-3286
-3102
-3362
-1534
2001
5097
4881
523
-3108
-2485
-71
1112
1645
777
32
1767
2558
190
-2914
-3525
-1815
68
1332
1407
354
87
638
405
680
1447
1860
1483
-195
-1933
-3374
-3762
-4482
-4205
737
5349
6476
4344
-1216
-4501
-3007
-628
925
1029
159
882
2479
2517
583
-2092
-3681
-2546
1079
3194
1640
-855
-1086
434
1402
1282
626
765
887
12
-2090
-4154
-4034
-4968
-4106
1914
6708
7507
3199
-2103
-2962
-2474
-1154
-23
-810
-757
1831
4552
3662
-52
-3136
-2962
-795
1017
1595
573
21
-377
852
2281
-371
-1596
-933
-454
487
-1522
-3246
-3707
-3100
1759
5243
5506
3813
-631
-3675
-4274
-2255
180
-878
-975
1059
2948
4953
3269
-906
-2820
-2992
-1028
882
1400
1776
694
517
865
322
7
-1458
-1680
-289
-850
-2224
-3567
-5249
-2509
3723
7185
6848
1635
-3173
-3951
-3170
224
1194
-467
288
2049
3923
3897
668
-3631
-5709
-3695
-138
1452
1249
1426
2191
2847
2503
1155
-326
-1885
-1978
-776
-1623
-2770
-3080
-4538
-2746
2640
6473
6276
2010
-1558
-2438
-1905
-581
-643
-1609
-1161
915
3471
3767
1144
-1479
-2934
-1968
-294
-86
850
1436
2134
2822
1483
110
-848
-1458
-1271
-996
-1840
-4112
-5770
-3754
1735
7106
7465
2375
-1337
-3244
-2605
1056
321
-2176
-2502
-550
3605
5062
3215
-149
-2661
-2864
-2099
-99
782
-31
310
1122
2593
2649
-340
-1705
-1100
-76
-320
-2270
-3677
-4431
-2258
1669
4948
5792
2832
-134
-2789
-2781
-115
-575
-1986
-1857
-196
2951
4469
3215
529
-1663
-1880
-1198
-638
-939
-966
495
1602
2480
2069
318
-453
-406
-835
-2222
-2807
-4711
-5581
-1148
4284
7417
5203
970
-1642
-2949
-668
375
-1446
-3232
-2500
1971
4969
5549
2698
-2347
-3243
-2631
-1435
1039
895
-282
-767
1149
4251
3379
508
-1748
-2329
-2430
-3258
-4254
-5892
-4475
-8
5771
8901
6256
2089
-2394
-1939
1155
-1040
-3531
-3954
-2824
644
4446
4903
1888
-356
-1402
-1510
-124
474
-1126
-1799
700
3096
2967
1734
-303
-1766
-1457
-2238
-3586
-5802
-7008
-2568
3401
8103
8964
4877
511
-2002
-1283
-551
-1667
-3268
-5471
-3236
2133
5044
4924
972
-1365
-519
-580
58
-194
-1214
-1751
-319
3487
3234
1207
4
-950
-1193
-2686
-2899
-3993
-4779
-2092
1406
5999
6850
3184
68
-1199
-707
-559
-1410
-3177
-3528
-763
2450
4343
3582
463
-1509
-1173
-1044
-631
-3
-733
-549
925
2606
3295
1890
-278
-1736
-1933
-2073
-2942
-4379
-5026
-3283
961
6177
7570
4209
-95
-1649
-354
133
-610
-2816
-3927
-1169
2016
4412
4172
954
-1602
-2462
-1370
-569
-1422
-955
533
763
1296
2841
2828
876
-532
-994
-1777
-2787
-4340
-5217
-2914
1455
4249
4712
3920
1262
-675
-237
395
-477
-2961
-3947
-2416
860
3847
4480
3115
69
-1962
-2024
-807
244
-678
-1762
-1331
780
3012
3935
2348
-480
-1360
-1916
-3854
-5483
-4509
-2031
562
3672
4825
3626
2033
1326
1707
748
-778
-1664
-4208
-5091
-1660
1692
2738
2343
1466
-189
-258
2330
2101
-689
-2320
-2363
486
3436
2282
75
-813
-1889
-2153
-2126
-3884
-4875
-2625
294
2512
4503
5078
3751
1576
566
331
-474
-2025
-4157
-4696
-2307
1226
2700
2404
1741
641
1085
2026
881
-759
-1347
-1484
-868
712
1529
564
-1060
-1494
-855
-1466
-2647
-2073
-1691
-622
1727
2864
3688
1851
-352
214
679
605
-1568
-2357
-852
-285
549
627
468
490
510
-28
406
2579
1481
-384
-752
-1051
-481
-334
-37
-660
-2074
-1556
-1401
-1903
-918
-386
-31
2004
3887
3379
472
-334
934
19
-778
-1208
-2408
-2632
-1196
1206
1570
1134
1648
1304
1084
365
-332
-184
-829
-743
-936
-580
1180
1000
762
470
-358
-1147
-3212
-3356
-2002
-1158
853
2285
1711
497
383
1963
2327
1085
134
-1129
-1196
-791
-772
622
1045
294
-423
-789
25
707
347
-259
-283
60
1411
1444
-358
-85
216
-584
-1941
-3838
-3661
-1942
304
1639
845
1247
2340
1868
2241
1772
299
644
-178
-2144
-2352
-255
763
-691
-640
-437
-517
418
1108
1030
380
1231
1601
703
323
-894
-1424
-1016
-1559
-2387
-3165
-2629
-207
843
1030
2169
1924
1633
2086
1819
2481
2047
-1137
-3087
-2752
-1094
-129
-1487
-1289
254
119
-347
115
1479
2064
1290
987
1671
1281
160
-284
-712
-1150
-2411
-2318
-1629
-2390
-1341
-458
-489
545
1091
403
1026
3197
2977
1672
512
3
1226
1317
-759
-3115
-2408
-766
-1168
-1328
-552
836
1443
1456
1313
903
1285
591
-797
-1233
-1437
-950
-999
-2045
-1781
-576
75
-110
568
1390
574
2045
3305
1131
300
-142
-1341
-1165
-413
-471
-695
123
423
109
375
411
252
348
103
-14
913
990
-714
-1525
-804
-1300
-2875
-2154
-356
-173
742
1802
617
378
1101
1205
2413
2311
263
-536
-1065
-1850
-933
537
405
-3
-481
-1572
-195
1824
955
-481
-214
1355
564
-761
126
-916
-2051
-1242
-979
-1852
-1666
81
144
494
1123
969
2451
3031
1967
690
219
518
-110
-1161
-1732
-690
172
-687
-748
-25
178
100
33
-417
-1003
-519
785
742
-744
-1070
-848
-646
59
-619
-1133
251
872
92
1047
2446
1013
820
1948
1505
1682
659
-1492
-1855
-1432
-1230
-1393
-1207
-925
-604
592
928
-70
406
1811
812
-854
-1470
-2029
-785
455
-1006
-1592
-454
115
1044
2465
2474
2240
2707
652
-1261
668
792
-1469
-1844
-1686
-1484
-223
903
408
-437
-78
-264
-943
-230
416
-41
314
-10
-1868
-904
493
-143
273
223
385
772
287
975
1082
905
788
123
156
-157
-410
-388
-516
-170
240
-106
-17
957
-304
-2145
-1156
30
-630
-751
189
181
456
868
-231
-950
-109
64
-855
255
2048
1738
671
-235
-210
724
1087
405
-292
342
164
-1791
-2149
-1616
-815
807
642
185
677
485
160
141
-449
-1170
-445
342
150
-632
-826
137
113
121
838
1442
1564
167
-470
874
1826
902
-620
-898
-834
-1161
-195
5
-2096
-1665
428
387
-240
-366
-143
312
378
-124
677
1483
-71
-1203
-719
19
637
764
-182
-210
1116
1252
760
-64
-106
849
217
-942
-945
-299
-124
116
-166
-1132
-109
719
305
90
-1053
-1747
-1136
-843
-1295
-480
1052
642
483
1402
1825
1605
936
486
255
915
1322
929
250
-1926
-2428
-775
-653
-1391
-972
698
765
-1076
-1281
-299
-218
-201
447
1201
1264
644
-125
-946
-440
437
-9
-231
-250
213
1399
1409
608
858
1397
560
-931
-1930
-1350
-423
-345
74
-395
-762
110
606
385
-482
-545
-90
-531
-1177
-689
-178
-675
-163
163
845
2617
2882
1845
210
402
725
-666
-1201
-1810
-848
894
252
-561
-323
-443
-1175
-1271
-1145
-23
1105
662
756
200
-364
286
244
-884
-2236
-1062
1168
1337
810
421
830
1690
847
-126
505
652
-40
-897
-1156
-344
171
60
-746
-946
-242
-127
-2
-416
-1164
-1079
-228
849
675
686
962
-456
-751
-637
-1404
205
1629
1039
1039
1682
1436
534
733
232
-1302
-1787
-1160
-28
10
-115
-175
-376
733
728
-850
-1278
-909
-949
-779
-202
-371
-420
410
-237
-702
1020
1378
1185
1904
1589
1229
1548
850
-815
-548
-285
-1751
-1305
-53
-688
-1501
-567
-215
-574
639
854
269
543
119
-933
-710
152
-546
-1059
-861
-429
1055
1370
563
418
1151
2314
1295
-193
410
16
-1063
-1097
-602
-462
-937
-105
616
360
575
672
-37
-1193
-1212
-1631
-2034
-427
167
-40
-216
-683
486
1769
2067
2315
1433
227
523
797
-492
-1069
-596
-1130
-471
885
239
-253
47
-434
-1010
-25
280
-1133
-994
-599
-634
167
667
1034
9
-1105
96
330
-354
375
1085
880
623
552
-265
-522
383
457
462
970
322
-531
-237
-545
-679
501
651
-418
-905
-134
-562
-1735
-1708
-2183
-892
571
-200
647
1242
603
1090
1859
2403
1962
287
-418
170
-175
-717
-325
-412
-1055
-647
315
-416
-382
412
-815
-16
936
-665
-295
-56
-774
-372
-680
-780
-521
-738
-313
654
904
574
1622
1659
29
865
1064
-185
582
500
-111
121
-450
-609
-225
-463
-1170
-863
-183
-1222
-1223
319
-217
-1208
-131
951
609
-31
9
-13
-109
579
1153
1657
1153
-178
16
95
-151
78
-218
-1132
-968
1309
1770
22
-497
209
-113
-1399
-783
-122
-649
-352
-309
-1227
-883
435
503
531
-377
-1003
548
929
681
455
464
716
333
815
848
-153
-172
710
30
-1023
-491
-179
22
-693
-520
788
64
158
107
-1032
-1080
-879
-443
-862
-688
429
367
414
-299
-741
1038
1833
883
945
1456
684
433
595
-232
-143
645
-551
-2154
-1501
-613
-639
-921
-311
862
374
632
793
-726
-696
-341
-764
-891
-125
108
-566
643
1133
-25
455
1366
1047
512
787
1250
820
-268
-439
-419
-1466
-1346
-136
195
288
534
139
-308
-535
-1497
-2176
-1668
-12
1540
1156
332
-46
-375
-397
-188
56
153
1359
2069
822
535
1119
1038
245
-515
-767
-1099
-1045
-1109
-1369
-801
367
1153
1446
2079
1068
-784
-1144
-3045
-4030
-1925
-732
336
894
1594
3082
2687
2489
832
-960
-682
-1381
-903
-1203
-1230
768
984
859
515
1015
1170
-297
-487
-1211
-1002
1032
1077
-166
-646
-453
-1125
-2746
-1544
557
-219
-180
346
560
1377
621
-370
139
937
252
732
1615
341
280
-414
-880
454
-84
-1365
-861
607
-697
-1171
1830
2315
1045
584
429
-247
-2215
-4099
-3379
-348
141
-306
876
1460
2765
2241
283
807
165
-1719
-2095
-464
671
-464
578
1762
772
58
-541
570
373
-1387
-494
513
1335
1146
59
756
-208
-2020
-3400
-4531
-1947
-182
-56
1742
2442
3498
2672
541
1914
923
-1647
-1935
-1813
-738
-616
-550
406
552
1054
511
-190
948
857
-225
294
650
-459
-624
759
-30
-1935
-2042
-3809
-2507
2162
1021
345
2117
2306
1841
-628
-343
9
-1938
-1279
-492
838
343
-239
2306
820
-684
458
515
505
-364
122
1015
-218
-658
60
-81
-395
-137
-781
-2782
-3548
212
1400
-863
1061
1532
1317
1081
321
1904
-1110
-2224
-102
-1290
-772
454
2009
2136
710
598
-524
-1081
-1085
-406
552
-278
638
1680
403
1137
356
-2388
-2706
-3882
-305
2156
-1864
841
2149
404
954
-46
1467
-405
-2151
691
9
-824
361
2099
1174
-1241
123
574
-361
333
107
-863
-353
485
772
793
-46
314
604
-1247
-3150
-3243
-799
-1171
-1472
2049
1666
1300
2361
2062
1884
-483
-170
171
-1652
-956
-1383
-581
586
-469
-67
529
1165
1586
1036
789
835
523
-726
-813
-126
-1704
-1420
-2172
-5302
-813
242
-2182
2849
2713
1770
3246
2713
2807
-1262
-1641
-90
-1867
-1052
-1438
-970
438
917
1428
199
634
1042
83
61
-442
-202
-74
-421
707
-680
-1491
-1798
-4000
1009
1120
-3136
2268
2604
670
1246
1296
2719
-256
-238
-877
-3525
-415
-432
-1345
225
1267
1229
799
1724
511
-423
1018
105
-1580
-279
1442
706
-1628
-1483
-1803
-4436
-95
1030
-2078
3038
3204
271
1152
1152
1213
-800
-888
-1209
-2620
-37
263
-523
886
1153
537
600
1693
1438
320
580
-423
-956
-25
-739
-978
-889
-37
-2188
-4500
1067
-180
-2461
2838
1101
960
3494
2480
1127
-800
204
-2229
-3894
491
153
-1278
200
1413
1665
1668
2056
290
-296
673
-957
-1614
-1179
-318
971
-26
-265
-2938
-3683
1429
-1668
-1921
3544
738
1355
3056
959
103
-49
1089
-2058
-2096
914
-1403
-79
1759
439
0
-36
578
-341
27
1109
-16
1198
1217
-567
-218
-738
-2126
-4892
-2569
1491
-2894
-891
3252
1149
3263
3657
2531
1412
-494
-807
-2667
-1339
-973
-3010
-853
-405
-636
1977
3089
1379
220
1336
670
-203
571
-276
-295
-985
-1406
-1427
-4368
-236
1401
-3182
1409
1730
-30
3485
1330
-141
845
1796
-122
-2449
56
-1331
-1411
610
-1643
-843
773
494
727
1827
2733
1175
1345
1542
-803
-1067
-2202
-2602
-2016
-3340
-581
-1158
-2737
1897
1573
1779
3547
1730
1610
784
-137
-1127
-978
317
-1499
-1318
361
-430
-3
1380
334
136
1643
711
124
1142
-132
-1429
-1418
-2173
-992
-1810
-2884
786
-1
76
1583
-604
2086
3085
1930
2417
1593
1100
-1605
-2066
-2396
-4444
-1402
440
350
1013
644
1271
1711
1712
473
-899
556
315
-515
-696
-2152
-1297
-1433
-489
696
-1677
1296
1308
-1811
1392
1502
200
1239
1520
-6
-577
1169
-778
-2038
-861
-1633
-913
800
814
1341
2949
3108
1292
-860
-1053
-881
-1246
-2245
-2995
-2558
-3010
1012
1581
-1154
3000
1080
65
2276
-300
1182
1440
1008
1278
-708
-1576
-1895
33
60
-1883
-1578
-999
648
1905
1484
2183
2919
1473
-85
322
-413
-3854
-3572
-3551
-3960
769
-92
741
3828
378
1659
1966
524
913
-98
736
-816
-1163
-624
-1888
-127
379
405
1316
4
31
1102
189
207
1217
735
-127
594
-54
-1259
-833
-3788
-2097
-210
-3807
466
720
-560
3858
2030
1852
1889
-240
111
443
258
-2036
-870
429
-2038
310
2030
69
669
222
-876
329
478
-697
161
2021
60
-857
-2110
-3562
-78
-2780
-1964
2554
-773
1790
3039
1367
3191
1762
881
48
-1165
-3002
-3727
-1073
-862
-169
1082
269
1751
2029
567
1607
1431
581
623
489
-1098
-2043
-797
-4098
-2888
-53
-3175
365
445
-951
2854
1629
2789
4858
2563
441
-257
-1750
-3664
-2628
-2637
-2024
1209
1294
1369
3175
2106
776
528
64
-641
-1210
235
-492
-1281
-1902
-2631
-202
-3029
-1487
2254
-1395
1562
2276
602
3438
1976
1622
1830
335
-1007
-1607
-311
-2578
-2319
736
-1057
433
1391
-986
-39
-332
-53
1044
1189
593
53
955
-1886
-1028
-1146
-4108
358
-1717
-1343
4056
1146
2573
3811
1517
1284
264
-840
-2088
-1540
-2693
-3146
-418
18
1446
1782
1073
1719
910
1171
569
-77
64
-816
-983
-2397
-310
-461
-4964
-1025
-359
-2459
1597
1342
1791
4120
2976
2708
2181
-483
-1852
-767
-2298
-2992
-135
-796
-405
1925
710
431
720
514
446
-153
348
-23
-172
-1754
-2251
-218
-2908
-861
254
-3251
2702
3656
5
2071
1701
1391
1965
496
-1148
-663
-1350
-2852
-953
-710
-100
2130
2425
1656
-548
-1201
-897
-215
1007
712
662
-1903
-2921
-603
-2587
-1724
109
-2188
340
1409
948
4174
3537
2303
2408
1019
-656
-1495
-1422
-1768
-612
-792
-1917
-921
120
1334
1138
939
673
-189
-410
-148
-286
-2281
-1238
-1888
-2590
372
-977
1222
2243
-156
2923
2691
1610
2335
1250
135
-1193
-1864
-2997
-3041
-1412
254
2309
1503
255
1057
-96
152
1311
47
-1126
-1820
-217
-524
-1653
-259
-1765
-1561
-856
-474
2270
1514
2010
3804
2257
1144
339
-505
-1230
-1580
-1492
-2024
-1063
-597
-667
799
565
265
178
625
1611
1097
942
-87
-252
-1297
-842
591
-3317
-1656
-1124
-2793
2236
987
474
2617
443
1935
2181
29
578
637
-733
-1062
-79
-932
-1662
-431
451
1119
-418
-1457
105
478
-103
-637
1215
351
-2087
-795
-2687
-978
1683
-210
2157
1868
921
2337
750
394
90
-976
-1041
-486
-968
-1038
459
-823
-816
315
-762
-112
1522
1921
708
583
-175
-1081
-560
-2002
-350
-721
-1561
1429
-1410
-606
1700
622
2439
610
-523
-282
263
1378
-409
623
243
-366
577
-800
206
85
-584
102
120
-75
-797
-53
-376
-961
-1585
-1389
-231
-1238
1898
1102
-2159
2040
1336
276
1697
-369
-29
575
-40
-615
-436
235
342
434
-488
464
1026
521
1108
-49
-641
-1169
-586
131
-1261
-891
-2125
-1567
6
-911
1463
448
-993
1194
601
864
1014
943
1653
873
-46
-779
76
117
-321
242
-469
128
157
-719
-490
-721
-219
337
534
-537
-671
203
-858
187
-735
-1322
785
-798
543
1823
155
-100
-33
761
-493
-260
429
-214
911
113
527
1361
817
974
-16
-876
-1401
-1165
-729
408
1026
-462
-987
-1795
-983
-1411
-2614
940
592
515
3161
1650
1891
1448
-219
-427
-785
-414
-1772
-782
602
-231
1420
1095
-133
-495
-711
41
-494
-7
1138
1428
843
-428
-2001
-2752
-664
-977
-1548
-302
-996
612
1706
1305
2436
2363
1127
-546
-990
-586
-253
398
796
741
153
892
1125
-414
-1843
-2952
-2143
-594
-328
303
1051
-133
-875
-179
2
181
-517
-394
970
988
987
838
572
510
284
512
777
937
543
364
352
-720
-1226
-1100
-1642
-1343
650
439
-1506
-505
-500
-1309
55
-176
546
1274
-83
437
820
387
-429
-545
606
335
779
978
516
1239
1209
1066
222
-783
-590
165
329
-1625
-1929
-1263
-2353
-2481
-1507
-241
-145
291
1523
1215
1486
1588
808
491
356
472
335
507
956
1242
1261
672
-404
-1582
-1063
-989
-2607
-1877
-169
919
1426
636
-13
-1685
-1673
-280
-1404
-1085
-466
71
2524
3001
1582
445
609
692
-432
-647
-584
-476
367
770
1202
1064
279
-86
-794
-442
-522
-1900
-1856
-796
-686
-2050
-820
381
-141
1620
1421
84
180
628
108
-1129
556
1917
1971
1833
922
457
217
553
-520
-1013
-267
-938
-1104
-1925
-2091
-1197
-825
-492
-1702
-275
1773
147
496
1862
1807
926
224
616
-695
-906
228
-150
696
1161
446
684
1001
586
-364
-1040
-826
561
577
-857
-751
-1715
-2830
-2205
-2383
-1657
-366
1046
2875
3090
3247
2497
467
-723
-758
-337
-1469
-1685
-50
940
1777
2123
1266
143
652
804
-1062
-2260
-2458
-1846
-1976
-1950
-157
-690
-751
1174
616
697
1610
1005
490
123
452
576
384
857
878
886
489
-12
107
-385
-497
296
217
-664
-568
-546
-1424
-1146
-597
-697
-481
-825
-597
793
246
-844
137
476
-223
935
2467
2088
1449
0
-1291
-16
360
-357
-203
-165
-255
-189
555
670
62
75
-272
-639
-730
-1443
-1873
-1515
-1405
-887
37
706
1580
1402
1045
1575
1356
659
-374
-921
77
863
818
642
579
-227
-976
8
-332
-1860
-1716
-739
251
354
623
813
-371
-635
150
-66
-249
790
-23
-2115
-1986
-317
717
295
597
1373
1880
1907
1092
1375
732
-411
-166
-99
-297
-1065
-1081
-570
-820
-356
-85
-911
-1568
-1185
-177
-938
-1604
-30
157
248
1285
1544
1992
1698
1586
1251
163
127
-165
-381
273
641
146
-240
-85
-471
-1425
-2015
-1355
-447
-177
-700
-1470
-1076
-125
408
4
267
1230
629
787
1546
1079
547
-192
-218
-132
293
1172
406
1155
1464
-370
-100
-499
-1470
-774
-562
-710
-826
-1125
-977
-645
-802
-841
-1017
-628
623
721
617
609
42
517
1420
1572
1923
1695
952
1009
588
-71
-337
-581
-323
166
-486
-1957
-1839
-1251
-1288
-1155
-1497
-1547
-985
-381
863
1437
359
295
975
872
1071
1128
865
1038
1644
1233
228
505
391
-763
-588
278
-89
-146
-562
-1180
-573
-1498
-2421
-1678
-1030
-483
-386
-145
122
-584
133
1766
1316
672
875
1789
1066
-1002
553
1629
747
766
197
-49
614
879
-408
-1179
-485
163
-292
-2152
-1935
-1409
-3054
-2887
-946
140
-3
629
2900
3451
1789
574
388
593
283
-442
-664
419
1407
551
-132
409
894
539
-307
-533
31
-384
-1802
-1789
-1630
-1870
-1053
-195
-3
-191
339
647
-797
-872
1489
1595
190
475
625
901
1462
1920
2186
1078
-292
-698
-287
-608
-1268
-1604
-1226
267
-301
-1229
-692
-515
23
-231
-465
205
81
64
-817
-2064
-913
394
843
1749
2189
2237
2012
1093
331
-235
-726
-387
-30
-533
-1010
-201
757
-105
-292
-195
-1437
-594
476
-813
-1887
-1213
-66
-414
-847
-182
111
256
1334
1626
1151
1486
937
369
340
-109
137
357
328
295
377
576
-88
-612
-469
-610
-915
-1135
-933
-688
-1649
-2184
-1122
141
605
-108
165
1236
969
750
885
772
823
926
1066
831
-37
91
421
-262
220
545
16
642
1021
-522
-2495
-2323
-1312
-909
-1176
-2019
-1087
446
998
1156
296
168
696
-210
-370
523
565
967
1008
407
969
1546
1363
667
82
180
258
-541
-1697
-1562
-1662
-1261
846
1009
198
-299
-1017
-1174
-1908
-1524
-79
23
175
455
1023
1395
-409
-913
643
825
1552
2637
2036
1047
-16
-190
-145
-1328
-1779
-386
1117
761
2
-428
-916
-632
-1678
-3036
-2150
-831
-231
-477
64
1543
1400
1569
2453
1321
715
1182
430
-643
-1521
-1225
-478
-78
812
817
626
921
783
217
-150
-492
-1433
-1103
-288
-1058
-2197
-1559
194
407
271
416
351
-68
-521
317
510
117
334
720
821
1118
2273
1267
311
1287
141
-1213
-923
-513
-356
-770
-764
-115
-532
-1303
-1577
-1801
-921
-18
73
-472
-779
537
1303
1295
934
1413
2238
393
23
840
207
469
474
-175
-827
-649
-153
-519
-88
290
-199
-408
-301
-465
-618
-344
-937
-1429
-476
100
-366
-922
-539
85
-114
58
377
1005
2379
2687
2396
1703
83
-672
-103
-185
-1492
-1796
-859
-4
54
-353
664
1467
382
-425
-573
-903
-1260
-2245
-3110
-2239
-956
623
2231
2331
2278
1599
685
438
37
936
1006
-230
-22
8
-356
-39
-129
-495
364
92
-987
436
619
-978
-1635
-1012
-264
-1207
-1304
-652
45
525
361
1112
676
181
81
-444
346
778
614
156
552
1573
751
68
433
970
1367
554
-804
-1091
-668
-536
-1343
-2524
-1976
-586
-92
-513
-1378
-868
223
118
775
1657
500
67
1320
1483
752
707
1244
1211
715
898
523
-971
-996
-511
-1149
-1081
-547
-571
-868
-283
576
97
-544
-625
-647
-828
-671
-518
-678
-4
840
694
416
991
1385
1270
940
595
772
456
124
403
567
-258
-1417
-1104
-356
41
-181
-248
52
-840
-1051
-788
-1756
-1990
-371
1043
619
622
1376
588
-711
-1005
-92
974
1310
1832
1888
1123
1076
1323
87
-1327
-1421
-880
-88
-872
-1654
-536
229
117
-795
-1161
-1286
-1025
-168
-448
805
1492
-51
-193
146
638
1465
1262
358
239
291
-417
170
1462
1163
555
401
-257
-914
-1187
-447
56
-1591
-2196
-1223
-923
-208
419
-218
-645
218
824
244
653
1598
1002
720
657
7
-157
-273
429
982
609
503
0
382
985
-432
-1403
-1252
-1852
-1827
-1065
-989
-933
-1157
-80
1847
1113
73
410
1276
1324
-768
-1251
409
1369
1801
1595
1773
1730
-654
-1907
-669
-419
-648
-743
-544
676
601
-836
-2231
-1914
-545
-1184
-789
304
-488
-185
427
558
1183
1385
1420
1648
1620
822
456
482
-412
-966
-1019
-769
-348
522
1552
-387
-1364
498
145
-663
-1161
-1672
-1975
-1782
622
1138
221
16
514
1687
89
-283
851
39
-187
47
987
1041
457
1279
1603
966
-530
-680
-146
-1202
-1634
-1352
-624
-675
-1517
-1099
-1037
-170
630
-481
400
1614
533
-1054
-798
1495
1613
1089
2184
2246
966
-474
62
151
-815
-665
-1564
-963
-131
-1268
-902
78
377
-961
-1429
-774
-969
86
69
402
1612
1570
1295
-212
94
782
11
348
243
583
582
354
549
-995
-909
391
120
79
-400
-1206
-766
-140
-552
-1161
-1121
-1578
-1269
410
569
263
955
1446
1005
778
1598
1079
212
-435
-1030
468
966
226
340
795
1239
609
-327
-1545
-2092
-1469
-1129
-975
-927
-312
-708
-784
481
1
-86
10
102
1549
1551
1110
284
-1103
-177
946
951
987
851
1380
1244
171
275
-135
-1334
-1137
-1434
-2843
-2341
-453
38
-829
182
1397
-127
151
447
-306
1123
486
-38
1422
837
-710
-1612
-653
1483
3086
2658
570
603
769
-954
-1849
-2180
-2221
-1627
-625
477
38
-1444
-1249
548
102
-1434
-1016
-632
1089
2430
1563
2110
1659
256
526
1305
943
-269
67
-118
-708
-583
-1150
-916
-466
695
1548
-614
-1585
-580
-1602
-2586
-1837
-1023
86
440
173
472
893
1591
1998
2122
1312
-311
-367
1052
1397
307
-57
299
337
-862
-2251
-1356
506
890
255
-88
-1062
-2165
-2408
-1766
-470
-111
196
312
637
1493
939
580
96
-141
961
1348
1727
2079
1938
1528
164
-1170
-1788
-1609
-1130
-1277
-1151
-235
-361
-1629
-1470
-345
309
451
184
212
-130
-106
-36
-312
754
561
250
1428
1079
1080
1609
904
318
-316
-491
400
748
58
-772
-781
-1482
-2668
-2262
-1887
-523
895
970
1646
757
-16
176
-20
603
170
-457
178
641
321
369
813
633
907
730
-555
-1406
-894
-176
-875
-781
686
140
-1172
-858
-770
189
947
434
1181
1245
925
-332
-1949
-1091
-489
-113
808
1582
913
-587
-902
-651
962
1142
466
1478
486
-906
-1068
-1325
-1193
-1027
-683
-396
-223
147
909
1518
567
216
1337
839
-1234
-1952
-598
337
899
1234
135
-86
-208
-922
-293
422
107
-495
51
184
-520
-414
-690
-364
736
1042
504
-97
84
-53
217
582
-337
-395
433
832
280
-643
-253
-343
-1359
-597
3
-1042
-468
977
1443
1749
729
-502
-388
-425
-900
-1190
-909
-337
686
1298
724
334
84
12
125
516
550
-535
-1010
-810
66
799
295
-414
-608
38
53
414
1179
111
-418
88
-168
-1041
-1366
-161
494
-56
300
366
-45
608
236
-622
277
735
-22
8
12
-354
165
61
-363
-265
-228
543
629
174
333
-601
-1276
-505
409
848
46
8
470
-374
129
32
-1456
-964
-174
403
1384
1038
-131
-97
384
382
180
-827
-1038
-334
-223
213
552
382
697
863
24
-386
-647
-1204
-352
187
-102
-62
-309
95
668
1006
948
-711
-1529
-417
460
377
-158
233
1024
521
-384
-432
-243
-629
-970
-343
806
656
-180
190
235
-257
462
1421
801
-126
-169
-899
-976
-530
-823
-200
-706
-1105
801
1702
1198
269
-131
-276
-914
-583
-20
513
1380
1233
100
-1014
-1621
-825
626
214
-545
-284
54
653
613
168
284
740
211
-681
44
-525
-1792
121
1789
421
-828
-60
783
8
-673
-257
-249
7
45
-680
-75
362
325
855
477
347
202
-815
-576
-189
-514
-203
-131
-47
105
-218
97
710
861
631
230
-346
-106
289
-725
-728
-122
-354
14
789
711
-570
-806
55
580
569
-606
-788
-116
-560
-479
-102
256
1290
927
501
1511
1114
-43
-510
-1010
-1579
-1729
-557
417
-631
-566
1423
1268
-61
-131
804
887
-882
-624
156
-1030
-587
358
118
315
282
230
722
221
-110
-187
-238
232
-564
-45
611
-727
-230
665
-110
-973
-146
849
-310
-855
825
1471
-33
-184
141
-302
251
-89
-823
-645
-306
325
236
-438
-275
526
866
844
896
129
-963
-944
-874
-1512
-1391
326
1635
1475
1522
745
-266
538
452
-1449
-1707
-113
-272
-628
-244
-654
192
873
818
703
330
697
-29
-354
273
-736
-922
-134
-137
219
-264
-924
-7
623
729
505
533
316
-41
500
-699
-1160
-144
17
913
424
-773
-358
55
39
-206
-288
79
30
-117
375
-38
-692
195
1256
684
-479
-230
75
194
91
-884
-389
108
-588
-158
91
563
1135
-209
-28
840
-325
-822
-120
464
-368
-988
33
96
-423
-112
-127
49
1137
1207
225
253
508
-652
-810
142
-223
-18
17
-712
-498
142
367
-630
-573
579
636
40
-392
34
420
612
17
-516
426
89
-465
79
-16
122
-330
-883
323
690
-139
-350
138
553
496
762
341
-201
120
-256
-892
-980
-927
-617
214
605
648
456
170
604
56
-532
-465
-869
-714
-475
156
961
1131
1391
813
-162
-129
-215
-633
-712
-761
-447
-481
-699
441
1291
462
-92
270
432
829
324
-1103
-866
-102
-121
-213
-269
-384
-15
400
241
841
1030
256
215
-339
-1183
-650
-175
-540
-641
-276
-466
-801
889
1836
777
1408
1179
-500
212
1231
-71
-1627
-2073
-1793
-638
-409
-604
-192
182
1818
2572
1739
883
-327
-1092
-1436
-980
-623
-841
-138
132
455
991
161
148
767
630
600
-333
-904
93
518
146
-785
-1665
-1070
75
-69
-500
12
449
1633
2062
-67
-1080
-822
-601
159
415
478
130
-324
552
1378
871
-363
-1046
-789
-513
-388
-80
-31
-407
-261
371
246
-451
37
1030
105
-813
13
512
95
-5
560
275
-222
-108
-540
-546
-382
16
468
121
531
126
-830
-517
-145
796
1047
-23
-345
-164
334
703
24
-240
370
291
-615
-1310
-1396
-592
984
532
-907
165
1145
1342
759
-609
-13
328
-402
-868
-1141
-884
-433
409
217
524
1840
1145
482
191
-347
-289
-798
-1598
-1628
-543
70
440
1276
345
-219
665
588
567
576
216
11
-442
-563
-807
-1021
-376
306
870
754
287
213
-208
31
490
-350
-1160
-1426
-1073
-92
40
-213
151
723
1588
1565
776
1020
371
-1231
-1478
-1243
-302
470
-535
-487
190
-63
1056
1707
640
552
676
-640
-1015
-5
-833
-1151
-935
-1665
634
1497
-517
-639
-535
164
1075
847
1274
1740
563
-589
-791
-2079
-2043
377
854
-444
-176
1146
1671
1641
419
-728
-373
-904
-933
231
-773
-1466
79
84
-616
-121
-184
-388
574
2385
2624
866
85
-185
-1076
-1497
-1645
-1006
410
503
419
1016
796
647
98
-410
-136
-1007
-1216
-629
-979
-415
655
586
512
806
-527
-1986
-473
1799
2158
1088
-1
411
1106
-169
-1296
-1219
-1343
-1022
-531
301
1070
929
1491
1411
-81
-370
-859
-2226
-1036
110
-774
-148
47
-232
659
528
503
338
651
1931
640
-877
-493
-140
-103
-677
-940
-453
-671
-567
1695
2948
1330
5
-892
-2141
-2209
-870
-414
-379
468
-661
-663
1857
1756
1158
1881
1333
57
-9
-195
-1676
-1455
-741
-1391
-956
-464
-145
768
304
-380
719
1790
1586
1181
-129
-1243
-73
92
-1147
-1133
-689
47
1021
548
-240
912
900
-1268
-1697
-934
-573
335
1125
101
132
1394
-251
-393
1630
925
-323
-1171
-825
584
164
-452
-485
-422
141
451
477
-65
-767
-545
627
1023
-165
-626
-271
-116
-477
-563
170
-619
-402
1541
1092
297
717
1249
946
-922
-1720
-1103
-508
253
-110
-596
399
783
217
-133
-584
-508
487
622
67
406
684
-256
-2003
-1547
560
-91
-470
1053
1007
1075
1798
891
-508
-758
-297
-122
-608
-923
-698
-204
810
889
-366
-909
-1019
-715
195
194
134
109
131
789
52
-163
1013
893
731
506
-557
-912
-446
-532
-722
163
330
50
657
525
8
-173
-434
-760
-988
37
964
328
-30
-231
-472
-12
313
444
272
-197
-264
-9
-46
-478
-4
598
-119
9
946
792
543
211
-524
-451
-263
-698
-240
-169
-1083
-2
168
-1134
-317
-259
130
1696
700
-326
226
860
1265
428
-953
-743
121
42
-279
-497
318
537
-590
78
104
-926
-692
-36
1409
1317
298
-39
-621
233
-622
-2424
-1172
-110
113
281
657
951
419
726
1284
1181
182
-509
-635
-1186
-103
111
-766
191
259
138
623
-70
-745
-545
190
-388
-1756
-216
1211
187
489
-267
-1796
-205
629
-113
479
1841
2189
1548
1241
850
-259
-1012
5
-158
-1855
-1323
-884
-1429
-1626
-1470
-1138
-1174
614
2220
1514
967
1049
1010
149
0
-107
-965
-97
637
526
498
624
1587
1288
334
-247
-1208
-1121
-921
-1133
-1014
-1242
-1909
-2175
-599
148
-630
863
1358
-98
915
2011
1503
1536
1935
1769
1219
1268
792
-392
-760
-1537
-1862
-893
-887
-1153
-528
-911
-2242
-2117
-1907
-1939
-788
59
1494
2457
1454
1262
1795
1798
1692
2134
1852
476
107
-111
-1220
-1196
288
-18
-949
-414
-490
-870
-1580
-1437
-1357
-2897
-2458
-1811
-919
1171
1782
3058
3338
1620
1094
1257
1358
297
-372
-75
-1399
-1175
408
292
767
1616
973
-509
-735
-972
-2144
-1465
-1233
-2007
-1897
-2024
-991
903
1283
1029
1397
1201
1227
2086
1429
1089
1758
533
-242
320
-967
-1746
-880
-827
92
1442
941
-489
-1323
-1246
-1422
-2093
-2158
-1202
20
774
603
486
1125
679
-149
333
1791
2875
1992
1182
1186
276
-615
-1763
-2003
-494
-429
-855
-295
108
21
-434
-295
-499
-1203
-1068
-1009
-963
-486
-107
947
861
59
1562
1128
306
2130
1909
762
334
662
310
-876
-679
-1084
-176
1046
-36
-1034
-1512
-808
-401
-862
-1325
-1654
-1295
-1339
-1124
-111
1681
2257
1413
1690
715
944
2809
1599
79
-1215
-1682
-279
-136
17
1008
1265
406
-259
-142
-1317
-2234
-1528
-1264
-1839
-2496
-1975
-613
57
1250
2668
2303
1979
2313
1258
719
1373
-112
-962
20
-607
-418
-142
136
1437
120
-438
-356
-2272
-2151
-1102
-885
-730
-896
-1017
-1348
-545
1031
1401
1896
1536
410
559
1056
1922
2159
1224
-786
-2133
-1022
-861
-193
1838
1338
-426
-319
325
-1532
-1822
-259
-460
-304
-1662
-2371
-824
-1348
-220
1889
1476
871
306
1097
1868
1283
1297
480
-266
-264
-136
562
542
483
769
669
-1223
-3450
-2231
-780
-300
1117
1490
449
-1327
-3180
-3307
-1154
422
1214
2147
1498
1574
1595
1065
1676
639
845
1446
-659
-1105
-720
-580
25
-37
-107
-651
-994
-44
201
-586
-1168
-2221
-3183
-3012
-1921
143
2036
3334
4051
3085
1248
-58
-574
-240
314
972
839
-88
39
-590
-788
956
997
-387
-1197
-957
-748
-1152
-2289
-2346
-946
-2190
-2045
-295
625
2821
2872
2982
3041
387
-1159
-677
523
1214
1346
555
131
-391
-1806
-1305
-873
-251
1090
831
570
-657
-1835
-699
-798
-1553
-1127
-619
-619
-1609
-183
1781
1924
2472
966
-75
118
407
1896
1709
1293
547
-856
-1958
-2441
-717
-218
-129
617
386
563
-441
-1157
-445
-478
-321
-157
-1020
-1556
-696
-677
-505
2212
2457
162
405
1393
1475
1904
1566
-522
-1256
-620
-1295
-1014
-128
774
1899
271
-1245
-1337
-2078
-1448
-159
478
489
-40
-609
-2004
-1924
-269
740
1793
1834
2194
2476
715
379
960
-47
-1131
-691
-118
-869
-1209
176
1281
-169
-735
120
-282
-39
-56
-147
36
-1351
-2704
-3241
-2476
-969
793
3580
4776
3628
1968
492
-545
-1950
-1673
346
553
894
846
-435
-779
-1843
-1502
146
215
748
1215
503
114
1
-1244
-2961
-2876
-933
-418
-965
1190
3782
3245
663
-106
-424
-1467
881
1958
941
1928
863
-1644
-2440
-1957
-1527
-705
1094
1101
525
1062
113
-1672
-1411
-15
509
191
-212
-404
-1059
-1656
-1344
237
1304
451
1236
2879
2538
1414
479
-81
-1502
-2196
-842
-17
9
525
1208
797
-579
-1560
-1245
-1111
-1086
537
1522
952
-239
-1560
-2861
-2479
163
1232
2177
2956
1676
617
-900
-1309
-387
220
661
1016
1870
1107
-38
-600
-1376
-924
-596
-5
830
832
761
-280
-1749
-2820
-3445
-3027
-2323
92
3356
3636
3198
2304
444
-1188
-2991
-1310
1158
2099
3555
1997
-377
-1189
-1984
-2103
-1215
667
2061
1939
496
-1137
-1822
-1956
-2213
-1288
1083
1080
-750
-862
67
101
-652
-988
4
1649
1676
1986
3101
2156
639
-783
-2356
-2333
-786
354
1091
1350
815
251
-1481
-1987
-772
-234
865
935
-329
-1280
-2083
-3200
-3549
-1648
1275
4062
4126
2287
1033
176
403
-379
-647
751
1031
1112
476
-249
-20
-565
-1150
-1191
-1442
-936
922
1146
-713
-208
506
-2160
-3399
-2406
-1500
428
2164
3061
2927
1182
-708
-1289
-491
588
1629
1874
1393
1307
-191
-2364
-1641
100
279
271
978
1564
356
-2015
-2714
-1594
-1988
-1625
1495
264
-1440
675
-160
-836
955
658
-583
245
1615
2511
2972
2208
1791
-111
-2229
-1776
-1466
-857
652
1713
160
-1501
-1152
-2117
-1917
315
1934
1823
535
-280
-2001
-3054
-2107
-1066
-99
907
2500
3502
2135
358
57
158
504
1581
1595
-368
-1487
-331
-189
-1773
-2630
-2230
-1182
-151
1263
2296
2682
2665
463
-1847
-2563
-3386
-4074
-2386
1519
3101
2784
2125
490
102
-213
101
1468
1336
782
-171
-1044
-1804
-2541
-1409
255
1077
1053
1299
1386
305
287
86
-1246
-1600
-883
-567
-1313
-833
-330
-713
-108
339
1344
1193
440
2192
1957
495
682
-570
-2430
-2334
-810
280
644
2217
3044
27
-1925
-891
-1925
-2236
1001
2494
1764
1665
289
-2746
-3790
-2836
-2405
-498
2099
2514
2010
839
427
90
-666
183
1649
2451
350
-821
-287
-1843
-1058
488
-479
-1164
-249
1241
2143
1844
508
-241
-1359
-1712
-1400
-2417
-2713
-1776
-27
820
933
1262
785
450
2071
3999
2435
685
214
-1712
-2953
-2433
-1383
-470
329
1357
2365
1986
353
-1053
-724
399
667
522
-1077
-1826
-2373
-3907
-3141
-1048
958
1359
2641
3868
2261
1680
585
-187
706
155
-1511
-2482
-1832
-841
887
2344
493
-890
723
984
103
510
878
-175
-935
-456
-1855
-2414
-1769
-2242
-816
801
1337
495
15
1620
2422
2319
957
246
789
234
-568
-1820
-2809
-1656
561
1383
1891
1943
-72
-720
-439
-863
-262
-309
-517
173
-31
-1192
-2172
-1684
-995
276
2422
2487
1300
-392
-1094
-478
-222
604
786
1345
2086
1374
529
-904
-1315
-952
-987
-523
-766
-515
-224
-889
405
1271
396
1318
1193
-1202
-1568
-1183
-1979
-2106
-2012
-661
1748
1609
1758
2991
3220
3154
1342
0
-710
-2425
-2121
-1562
-2248
-1736
-888
-164
1550
2137
1437
1614
1353
253
-173
-957
-3531
-4550
-2775
-1197
994
2441
1529
1471
2219
2446
2128
67
-1197
79
278
-630
-1057
-874
-428
-267
639
451
-837
-803
55
991
1068
-90
-1958
-2197
-1108
-680
432
424
-166
1165
1701
638
-640
-923
-497
223
1815
1706
514
584
214
-196
178
441
282
-390
-955
-568
41
-960
-2094
-1017
43
-28
-194
-1251
-1203
188
433
1476
2072
311
-1210
-493
1080
677
860
1966
976
-563
154
642
-1439
-154
1355
-28
989
54
-2712
-3357
-1864
114
-539
-125
1054
223
648
1548
210
-1331
-1025
-392
-227
-103
53
1116
2528
2382
1567
944
249
-189
-662
-168
-107
-1801
-3327
-3047
-803
683
1230
1193
1329
2031
1014
-345
-1406
-1439
-1417
-2262
-1042
-136
-663
-47
1505
2477
3070
2356
540
1087
1116
174
316
-1449
-3456
-3041
-1568
-839
289
1207
245
1259
3336
1964
-1212
-2628
-1912
-924
-506
-918
-1455
-846
455
929
1088
1681
1741
2658
2876
509
-899
-1342
-2443
-2856
-1206
606
1225
1888
1355
800
1019
-76
-2138
-3180
-1734
-656
-882
-254
722
1434
976
-22
149
651
557
832
1149
494
-16
-657
-1761
-1681
-309
801
741
602
1121
1324
1187
915
-263
-1982
-2735
-1825
-761
-711
-325
771
1220
903
983
1040
629
528
829
727
-814
-1998
-2309
-3114
-2435
182
2050
2074
2067
1841
1361
1745
724
-588
-966
-1758
-1464
-698
-871
-178
1310
1146
309
389
200
-800
-977
-547
-1296
-643
231
-1792
-1643
1598
2448
1345
861
286
571
873
-491
-1016
-698
-641
133
1122
490
-721
-164
907
766
-95
-156
48
-109
-924
-2345
-1128
143
-1262
-1043
842
1806
1538
896
487
498
1369
1252
-1075
-2809
-1558
89
-351
-680
61
762
1491
1724
985
750
1149
355
-1044
-1654
-1907
-1879
-1354
-1429
-1304
711
2142
1846
1060
450
1598
1972
-672
-1750
-529
-788
-990
-571
-1394
-812
1426
1673
-6
176
1856
1243
-160
-556
-490
-86
-250
-1253
-2412
-1152
1801
1765
-319
21
1705
844
-1231
-2465
-1570
1288
1353
-383
-425
-196
289
1206
768
-572
-238
626
180
222
530
-469
-823
-34
-950
-2137
-974
869
1029
778
1919
2055
1376
331
-1198
-1151
-1313
-1956
-1812
-873
239
1037
1479
314
226
720
-44
161
-79
-57
706
-48
-1344
-1753
-940
344
655
442
1641
2798
2121
738
-852
-1810
-1720
-1652
-2137
-2559
-1249
1696
2220
267
624
2091
1832
677
-18
5
-391
-605
-1183
-2457
-1445
705
725
-729
-868
1463
2694
869
-514
-281
-48
-481
-959
-493
171
715
1098
326
-1119
-1382
-247
219
142
391
712
1248
348
-960
-495
494
900
-600
-1669
-607
-352
-68
-8
-875
-277
967
1501
1092
59
119
892
343
-905
-1225
-770
-600
-486
369
1203
1541
619
-271
-106
-349
-50
-20
-552
-1149
-1515
-209
285
-124
513
881
218
201
686
-195
-537
-137
-355
-63
765
891
663
941
690
-139
-1001
-1609
-1713
-884
550
857
259
-254
247
479
25
317
106
15
5
-256
71
-550
-782
521
246
-488
1061
1386
-561
-1121
-501
-905
-769
725
1252
1062
483
11
295
235
-6
-516
-333
493
-171
-1072
-733
-995
-1180
103
517
230
204
212
657
1079
672
-229
-13
422
312
-292
-739
243
424
-458
-623
-147
412
1071
702
-1202
-1029
617
47
-1508
-1412
-280
-246
-41
1173
1353
1080
1118
445
-431
-1265
-991
462
953
183
-808
398
1275
-480
-944
-476
-225
259
-265
-1498
-1137
292
752
597
-331
151
1534
1345
1183
240
-816
-740
-569
-668
-964
15
1412
868
-663
-678
-140
-256
-260
-1066
-1380
212
1401
808
364
1174
1063
4
-720
-1571
-1874
-435
1329
1099
235
503
856
611
-106
-922
-577
1017
960
-940
-1732
-903
287
-371
-1213
141
1019
713
-191
-495
182
250
806
864
48
83
426
553
-613
-1685
-1074
-5
805
474
158
720
855
726
-38
-1460
-1345
-210
-692
-1530
-628
1291
2613
1888
-33
-743
173
682
-321
-1550
-2035
-1079
141
-506
-689
702
1271
1451
1370
898
1085
784
98
-511
-1262
-887
-306
-835
-1469
-1264
-429
427
510
-191
230
964
849
1099
934
568
-211
-1006
-293
-362
-632
-140
218
526
-433
-792
-98
233
47
-949
-63
1008
-233
-614
315
987
1358
1674
1094
-3
-594
-1014
-946
-1115
-1550
-1547
-1204
258
1649
1208
335
686
1042
-4
-1644
-1383
547
560
20
480
329
688
1099
464
-544
-956
-856
-1417
-839
586
1071
1419
1048
707
715
-8
-647
-1071
-1076
-819
-813
-815
-702
114
638
-161
-1033
-878
-212
218
534
338
947
2546
2367
1824
2534
2561
528
-2004
-2549
-2887
-2869
-1212
-917
-943
-459
-1275
-1352
179
1208
544
404
1627
1998
987
-454
287
1502
1068
774
-447
-795
-240
-972
-1219
-1561
-999
852
1465
1283
1414
1349
501
192
-472
-2507
-3258
-2919
-2399
-170
1969
1269
186
604
1078
1745
2113
479
-1635
-744
2048
2105
-444
-1593
-511
134
-852
-1500
-562
77
-31
432
980
1369
1544
1478
344
-1214
-1927
-3924
-4269
-1659
585
2284
1252
-25
1681
3313
2746
32
-1610
-1124
-739
-1192
-1053
85
1094
2372
1784
258
433
-56
-890
-1040
-940
-1227
-1338
-271
289
816
142
-2269
-2376
7
2317
1942
-334
-913
847
1879
224
-318
-156
-535
1125
850
-1518
-1113
555
1387
914
-723
-859
34
-178
-239
-180
502
1075
-48
455
1300
-408
-2180
-3060
-2944
-701
1764
688
-741
892
1717
1570
1544
300
-594
-367
-114
25
130
-442
-432
1351
1643
64
-374
-697
-315
802
-650
-1599
-427
16
-98
-725
-572
-304
-985
-80
1165
1314
611
-739
-347
569
-360
-965
-264
521
741
438
-106
-297
1344
2568
328
-1924
-900
401
53
-342
-567
370
985
-74
-53
342
327
-378
-1575
-1884
-1808
-824
588
1074
715
696
725
473
148
-1322
-1339
482
1066
283
196
1080
674
452
593
55
273
112
-59
313
95
592
377
-1650
-2144
-1360
-470
-989
-3064
-2218
1041
3903
3415
-140
-512
1362
576
-1071
-780
-131
-153
-569
-436
203
292
1417
1829
528
101
252
-784
-2370
-1443
-30
66
883
1428
1342
1148
509
-933
-2816
-3703
-3481
-2250
826
4192
4277
2173
1547
848
-1534
-2683
-1114
387
-494
-1055
-286
-4
1522
2777
1079
-293
-791
-1646
-393
759
-71
686
1501
614
-376
-765
-1517
-3225
-2569
-1669
-1748
1612
3617
1349
333
1468
1767
-1
-1235
132
1470
936
-324
-607
54
-351
-1683
-1587
-752
-553
137
74
435
2164
1632
472
-159
-403
439
1155
1585
-450
-3727
-4957
-4134
-1616
1480
3439
2923
3295
4694
2402
-1292
-3366
-4249
-3567
-1343
750
1713
2506
2601
1527
515
-127
-519
-1407
-2264
-1408
-25
1029
1448
-30
-970
368
642
-864
-2525
-2611
999
3669
2181
371
-274
-618
-2110
-2674
-301
1449
1602
1147
741
1186
983
561
-467
-3157
-2714
51
847
1915
2186
381
-625
-67
305
-202
-373
-1037
-2187
-2742
-2448
-187
2494
2019
218
1733
3009
838
-1307
-1789
-143
906
-141
-297
-1019
-1952
118
2046
1971
1404
-150
-1257
-716
-95
-562
-994
-630
-874
310
2543
1895
120
-2000
-4535
-3465
534
3122
3839
1725
-1189
-156
-104
-2463
-1379
695
1175
2144
2923
1570
-134
-1115
-2706
-2992
-1665
-142
1055
1416
1877
1681
563
-51
-466
-1367
-1567
-285
-188
-1408
-1668
-2259
-1024
3681
5093
2075
-675
-1698
-850
-653
-993
12
134
-427
-219
252
1349
1617
525
144
570
1274
404
-930
-1012
-2817
-3251
-356
885
906
1782
1228
344
-446
-3263
-922
4150
671
-2883
689
2555
-1090
-4269
-2966
761
3406
2721
909
1608
2040
-361
-1129
-681
-2651
-3539
-1707
1168
3202
2427
715
214
627
165
-910
-768
-1778
-3592
-1957
1080
1803
1517
1511
781
194
490
-530
-1028
700
590
-863
-1177
-1241
-540
504
90
-181
1480
1379
291
1135
444
-423
-102
-141
-921
-1658
-1280
-316
2361
1578
-847
-4528
-9733
2531
15031
4460
-5108
-1595
1106
-2971
-4821
-2532
2138
7872
3556
-2913
-149
1360
-3132
-5548
-2199
2342
4018
1580
-2333
-2684
-131
591
273
1701
2305
1777
938
-874
-1787
-1792
-1250
88
1348
2229
1432
-457
-1487
-2318
-2225
-296
67
-820
912
2096
1028
147
-364
-171
-193
13
830
1360
1292
-298
-2245
-2346
-144
1163
1482
2424
1858
-153
-1221
-754
-2180
-3695
-5232
-5196
4710
10080
2344
-2204
-543
457
-1227
-2571
-285
3702
5120
1341
-2964
-3398
-3384
-3883
-2705
412
4706
5631
1989
-415
-747
-1199
-804
-7
1049
885
-1432
-1672
-152
162
-292
914
2354
1786
1064
-1404
-3449
-6357
-6140
5346
9658
1707
-2542
-1705
-939
-2822
-3581
-1108
4610
8073
2408
-2199
-1093
-1921
-4232
-3922
-470
3760
5039
2404
-457
-1222
-1827
-1888
-734
64
947
970
342
-178
-1699
-1657
603
2136
1493
739
515
-594
-735
-418
-462
-259
9
-7
-1686
-2328
-809
170
1112
1743
2117
2407
1213
226
-1075
-1886
-486
381
1171
653
-388
-925
-2069
-3503
-6444
-7
9963
5457
-1688
-2180
-502
-799
-3805
-3908
898
7020
5193
-2243
-2559
427
-419
-1455
-299
2582
4391
657
-4572
-4551
-1985
-395
927
2236
3223
1989
-619
-2389
-2566
-100
1340
1465
1841
906
-344
-1984
-2141
-1182
-764
885
2350
2237
1115
10
-1629
-2962
-2485
-1415
858
2955
2265
521
-375
-1726
-2018
375
1442
1713
2497
1372
360
-479
-2417
-2442
-1135
-434
-143
-890
-553
1519
1533
-36
-16
374
-110
-642
-916
-690
-497
283
1078
394
558
1340
566
-203
250
1417
2119
1635
368
-1845
-2940
-4616
-7293
-388
8810
4681
-2474
-2396
52
148
-1909
-2195
1741
5149
2084
-1461
-32
141
-1763
-1254
560
2687
3019
-1473
-4741
-2165
63
-954
-347
2168
2602
1235
-985
-2077
-193
981
755
1231
808
-193
-818
-2210
-2298
-184
1448
2346
2254
92
-1688
-1265
-1680
-1518
1956
3054
811
-524
-894
-1441
-1985
-678
413
386
1506
1143
139
339
-656
-1065
252
1232
1438
466
-1059
-1051
-306
-256
-108
-233
-218
366
459
236
-241
-46
615
367
-401
-1021
-908
-683
-491
405
1154
241
-760
-171
632
1471
777
-683
-43
774
312
-803
-459
410
-354
-682
-422
-235
98
356
24
-565
81
796
487
-272
-678
-44
706
1033
421
-262
457
-226
-1987
-2930
-2839
2027
5692
1495
-1983
-1129
-421
-775
-1000
72
2147
2619
201
-1535
-1019
-307
-90
-136
534
796
-526
-1190
-229
391
-324
-306
782
1296
921
-283
-896
-234
461
-119
-785
-569
-2251
-1864
3334
4244
-335
-2089
-638
-148
-274
-823
-440
2325
1718
-1932
-2048
-341
240
487
831
1075
855
316
-454
-813
-406
-221
758
1879
365
-1287
-1098
-1057
-751
-51
254
545
70
-98
-9
-707
407
1854
867
-1173
-1617
248
688
-483
-500
135
759
523
-405
-252
110
567
1264
396
344
1072
409
-800
-1244
-831
-2162
-1745
-3332
-5772
5763
12765
1113
-6300
-3206
-134
-145
-1447
-136
5713
6119
-3397
-6324
-621
1206
495
307
796
2942
1450
-4318
-4640
363
2082
1555
1582
866
508
-908
-4272
-3137
2111
3292
1316
189
-703
-1289
-1445
-675
1124
2836
2949
169
-2058
-1751
-1452
-1106
-253
1415
2637
504
-1876
-1537
-1314
-868
682
1055
2106
2785
-224
-1942
-724
-478
-949
-344
868
717
-309
-871
-728
-284
-194
680
966
-41
69
175
-30
508
1118
1514
492
-572
-450
-1053
-1171
-633
-85
324
-365
-343
-463
-1125
-991
57
1453
923
1990
2713
-896
-1935
-528
279
442
-670
-716
-186
-345
-1007
-403
1031
624
1105
1681
603
15
-1118
-1598
-491
222
-105
-208
588
-524
-1154
387
844
1362
1418
341
-284
-422
-1101
-1631
-1155
-1268
-289
-1145
-1461
5420
6047
-1673
-3199
-905
-626
-340
-248
104
3304
3031
-2648
-2706
749
-327
-1049
1031
1872
922
-875
-3146
-2926
532
2335
1732
1490
575
-594
-1201
-1213
203
394
-523
-371
32
711
168
-862
227
1349
1093
413
-440
-1145
-1289
-1301
-968
-382
247
756
394
1029
1602
952
812
717
554
-101
45
-992
-1992
-559
-1583
-1073
-3067
-4373
7345
10378
-1610
-6483
-2933
335
776
-512
902
5428
3405
-3580
-4730
-2044
870
2278
1334
751
1784
-333
-5811
-4059
1318
2375
2863
1870
94
272
-889
-3045
-1323
2402
2741
470
-1464
-1480
-1245
-1759
-99
2714
3301
1387
-1007
-1373
-63
-659
-2303
-300
1898
271
-1389
-1690
-1187
369
1562
1638
1539
1657
-12
-2063
-1085
109
-570
-246
972
1154
669
-811
-2104
-1758
-81
1866
1461
154
-325
-602
-540
-464
-337
-51
1609
2186
458
-404
-584
-512
-762
-578
242
451
261
-861
-1349
-200
890
497
-406
6
1006
499
-698
-276
175
209
-324
-1028
-241
82
421
616
-86
298
423
-308
229
1230
1015
-59
-1192
-1124
-228
273
-278
-513
544
533
-59
-964
-1343
-287
252
219
171
1382
1378
-437
-545
377
785
-639
-1832
-609
1168
1031
-77
43
-536
-742
400
769
619
183
-550
-456
672
92
-861
-19
-374
-712
368
326
-218
-70
-11
-371
-614
137
984
766
376
186
-270
-620
-510
-115
679
1005
721
569
-123
-736
-544
-706
-1747
-1116
1001
370
-905
558
1685
563
108
628
-24
-475
-361
-472
-641
-246
870
569
-153
116
-165
-640
-598
-363
-396
-65
418
-343
-75
1484
914
-44
693
1124
854
-127
-1407
-1312
-788
-595
-323
-147
76
62
396
1020
1058
913
-58
-1503
-1307
-371
-955
-1344
483
1724
499
319
1739
574
-973
99
335
-663
-659
-502
-1325
-1071
746
1135
703
1284
1627
872
-296
-1307
-982
286
-265
-1046
-434
-233
-810
-1791
187
2808
-1
-2030
-726
-300
112
146
932
2252
2320
1750
150
-763
-367
83
-181
-757
-805
-537
-579
-1705
-765
1031
86
-553
328
-862
-3436
821
5778
2061
-1621
-1899
-1182
-215
-291
515
2326
2258
39
-413
-198
-1416
-1382
-591
-150
-14
-145
-69
-14
17
534
1669
2029
951
-871
-1800
-860
-632
-1623
-1460
780
2843
1514
-905
-1898
-1407
-335
-139
949
2213
1461
-1096
-1875
1028
1793
416
500
112
-871
-1062
-1056
-753
-1
218
957
1375
70
-2169
-2435
2209
4402
888
-1524
-2915
-3240
-1193
-858
-321
2493
2805
1336
-307
-663
688
252
569
1400
616
-238
-1127
-936
-232
-148
-70
400
-392
-2236
-2220
-722
551
948
1814
1893
207
-766
-707
-61
-671
-53
1819
120
-1162
-376
605
1465
1162
1212
1208
1028
213
-1503
-2427
-3099
-1939
-2563
-4580
697
4821
2755
1581
390
842
867
-1454
-230
939
144
413
-673
-1882
-268
1315
753
931
1634
526
-966
-1523
-1338
-889
-497
-823
-596
192
-231
243
970
1206
1101
-92
-105
-632
-1302
6
973
924
260
-168
-311
87
-430
-1221
609
1089
404
119
-861
50
955
165
257
1025
438
-734
-2239
-3590
-1917
453
1349
1245
575
761
26
-671
786
1844
1349
390
-215
-761
-1053
-827
-602
427
1418
1248
850
220
-513
-1534
-2244
-1591
-722
87
-528
-1189
1766
2995
969
1133
479
-1724
-1763
-1173
67
1317
790
472
48
-20
1076
40
-479
1153
102
-908
-281
-1646
-2071
-255
311
939
2170
919
-218
-189
-1290
-1009
323
430
18
-408
-1064
-1131
492
1774
1378
502
81
-417
-1350
-490
931
25
-385
548
719
1145
804
-205
20
-226
-1198
-1929
-1515
-407
140
-225
-1290
32
1904
927
571
1340
183
-583
529
826
717
-795
-1659
891
771
-1091
-414
353
369
281
98
-220
-115
-486
-1336
-760
143
478
89
-882
-594
302
739
722
-83
-293
-202
-499
507
1814
884
-722
164
1399
524
196
358
-748
-955
-891
-1527
37
826
-708
-569
-877
-1476
660
1480
-45
-140
305
640
976
-479
-765
915
524
-389
282
619
315
-170
-649
-411
200
1081
1212
18
-559
-357
-730
-1487
-933
-337
-804
-436
57
663
729
-510
-2
1493
1084
32
252
589
-202
-623
-298
-523
249
1473
410
-47
-313
-1100
514
49
-1383
130
-410
-1483
36
594
184
30
-225
585
1170
441
307
323
-296
-1080
-1357
11
1185
97
-220
1557
1321
-643
-1001
-791
-1088
-902
277
1305
587
-610
449
1519
11
-504
341
-194
-1017
-901
-763
-683
-130
-766
-335
1447
267
341
2140
1029
31
171
51
94
-515
-767
-238
-682
-441
9
-860
-388
812
1247
120
-1684
-451
1266
556
119
109
-359
-148
-310
-608
-633
-1008
538
1982
1270
213
-82
529
239
-199
-541
-531
91
-853
-812
-268
-975
-337
-260
-417
1217
1646
974
485
-80
99
229
-395
-604
85
-479
-1450
-397
584
396
349
1223
1223
431
-672
-1885
-367
-504
-2101
9
1809
1214
-77
-59
1038
-133
-1564
77
558
-974
-57
986
488
158
421
735
308
53
-438
-853
-579
-703
-637
-231
-134
429
769
359
268
-242
-266
-8
-773
-474
187
59
1087
1707
354
359
168
-981
-209
-500
-1126
-493
-353
-415
-373
189
438
469
1042
1252
292
-401
-144
-622
-885
-533
-161
-66
-399
185
592
484
1087
1042
270
-156
-273
-330
-962
-1364
-859
-112
236
137
456
871
1034
548
-77
-20
6
141
263
289
-884
-1965
-988
-305
-315
-152
764
1127
298
227
615
652
-167
-36
448
-828
-645
659
487
-49
-458
-506
-250
-561
-214
782
790
192
-269
89
406
-368
-1181
-671
321
-311
-287
1045
751
270
424
217
-75
-753
-691
59
-150
-174
153
313
542
-101
-31
860
576
41
-750
-922
-222
-79
-61
-371
-171
-169
-515
353
730
182
-476
382
1093
183
487
345
-265
-344
-366
268
-267
-1191
-952
-581
-56
958
635
-167
673
846
208
-328
-367
318
-362
-1033
-228
-288
-924
58
1133
867
488
95
294
1158
425
-791
-645
-410
220
141
-1052
-806
265
673
-339
-810
165
105
39
297
174
208
-230
-371
611
1087
317
-501
-774
-157
660
463
12
-16
-142
-413
-442
-301
-362
-577
-240
98
167
678
663
53
-14
539
217
-328
790
628
-1027
-1362
-850
196
337
-415
103
1038
742
-426
-96
498
-594
-406
484
316
250
26
-684
-876
209
510
-322
133
718
-251
-407
735
652
384
-114
-1395
-1310
-107
801
-121
-842
850
1232
-191
-360
-79
-93
248
-176
-545
262
667
-263
-1098
-97
890
210
-132
573
604
674
305
-1182
-526
233
-41
399
-257
-690
-199
-75
-465
-526
-22
-268
-320
181
896
1665
1244
66
-713
-823
-318
227
-375
-659
524
356
8
684
-277
-936
24
343
-423
-597
-75
-218
365
606
244
588
-12
-397
-604
-619
127
464
981
537
-689
-346
890
553
-388
-403
-435
-401
-682
-347
27
-421
272
578
554
781
-267
-265
706
-53
-219
635
-8
-823
-963
-425
7
-376
357
487
-661
-7
1169
1147
477
109
606
-217
-1287
-375
379
115
-741
-1005
-704
-235
556
72
-86
145
-196
650
1199
419
53
-67
-907
-484
477
-337
-871
111
1247
604
-84
620
170
-686
-471
-150
91
150
-566
-370
675
547
275
-262
-719
-649
-443
385
-121
-930
-123
338
132
76
300
837
1126
533
-39
-19
-44
380
473
-849
-1702
-754
215
-238
-175
793
310
-262
721
683
-430
37
548
-537
-1238
-611
308
350
-267
52
841
182
-131
315
76
510
46
-283
255
-880
-537
209
-726
-788
184
893
392
597
567
-377
258
300
-375
-385
-651
-207
1015
1168
-750
-1866
-433
339
267
-37
-111
848
88
-503
515
925
760
-397
-293
221
-1173
-983
303
-533
-1191
227
972
956
1084
575
369
137
-449
-644
-621
-731
-455
423
413
-157
302
1114
503
-1043
-730
142
-722
-778
-279
-513
-203
105
411
836
1041
1134
874
183
-172
129
189
-13
-641
-475
-635
-1765
-414
426
-364
63
623
627
201
52
314
459
-350
-991
-238
311
356
84
343
670
180
-114
-347
32
106
-953
-894
-132
237
276
-167
409
612
57
431
-198
58
898
-352
-811
-615
-497
125
218
141
148
-95
229
766
228
-223
-195
79
425
-471
-1197
-252
524
55
-119
-197
-429
377
356
-23
1045
976
-105
-453
-637
-613
-466
135
358
-504
-456
154
-63
103
1221
1201
81
-444
-486
-62
-214
-709
-733
-421
612
936
622
179
-454
1
39
-636
73
678
226
-250
-557
-417
-221
261
489
287
282
-506
-601
-104
-409
-492
121
690
21
123
920
280
-148
553
529
-1022
-800
215
-532
-190
674
684
-98
-920
241
786
-102
216
-42
-1005
-89
614
-632
-1232
-137
840
997
559
-178
-176
-120
-309
-209
-522
-32
897
639
233
115
270
204
-6
37
-933
-1873
-1004
336
99
-55
1377
1203
88
62
-172
4
66
-168
-190
-524
-236
222
160
-410
-453
579
548
333
604
-231
-302
-103
-1127
-234
808
-399
-625
-106
394
1055
736
375
277
-537
-1268
-1042
-493
472
622
-80
603
919
501
152
-985
-949
203
-58
-484
502
588
-110
371
212
-253
39
-767
-1057
12
244
284
186
-168
140
583
665
-31
-557
-410
-46
317
-24
47
495
730
843
-430
-1061
335
141
-1445
-995
-385
-631
234
861
642
765
1353
705
-1331
-1477
160
800
-57
-985
-869
566
1597
390
-479
90
836
678
-829
-1478
-679
631
18
-1975
-823
1503
1655
633
199
653
324
-215
-173
-1072
-1615
-497
105
-153
-35
469
791
988
1177
602
-29
-41
-291
-1174
-1538
-646
-64
-9
207
-56
-420
346
1116
362
-202
437
833
565
382
-530
-1460
-131
598
-631
-538
195
-290
-604
-348
279
1504
1320
-126
-495
29
161
-321
-760
-1235
-754
419
346
387
1210
1403
507
-160
152
-189
-684
-623
-942
-1052
-1132
-871
174
539
1011
1503
994
739
238
-495
-284
-85
-718
-346
405
-759
-523
631
164
133
-223
132
1117
265
-733
-998
85
899
-387
-1408
-1192
662
1712
147
-109
991
986
-167
-1231
-1325
-972
96
-212
-1240
390
1943
1956
1137
637
1138
173
-684
-856
-1944
-2187
-1490
-717
-448
79
1406
1522
1164
1219
244
-246
457
85
-623
-1185
-1415
-172
319
19
207
493
1174
1153
241
-946
-1403
229
1364
-107
-1393
-822
-410
-338
397
29
-438
1029
1116
92
718
754
-154
-743
-1045
-875
-78
702
-86
-561
431
675
771
926
-198
-1325
-797
226
56
-866
-1053
215
1282
1012
394
-490
-1057
-591
-206
173
897
1065
985
665
-78
-702
-1055
-495
-176
-679
-358
-326
-335
1172
1627
121
-705
-17
569
-299
-1087
-383
90
19
258
338
381
-62
-573
104
621
573
503
121
-180
-553
-830
-747
-291
0
-456
-53
1047
1239
484
-291
-357
264
869
-598
-1779
-453
362
331
-33
-149
109
-80
357
692
80
-96
602
206
-802
-346
140
241
-369
-1037
160
654
469
846
-418
-1146
-175
-325
-371
144
-171
441
1548
898
-336
-884
-791
-342
-148
378
465
-125
450
1015
803
144
-1079
-951
318
14
-1305
-509
974
240
-203
444
153
-64
127
-18
-399
-1137
-966
-62
302
582
481
612
723
114
142
-51
16
1206
458
-1219
-229
741
-440
-985
-659
-440
-88
-154
-641
-222
1024
728
141
498
-26
-273
-75
30
395
-31
-479
-480
-316
411
762
307
-260
-155
773
759
-342
-379
-205
-933
-1199
-607
-34
35
746
1283
516
264
14
-266
70
23
-475
-939
117
358
-716
257
689
-102
-85
171
288
331
62
-621
-266
124
-241
-345
-535
162
1405
1330
-41
-680
-312
56
-5
-1006
-857
220
442
99
-158
-247
-677
230
607
-298
270
513
536
922
338
-513
-368
64
-177
452
-69
-1864
-377
1202
-164
-222
685
66
20
169
-788
-802
100
-60
-450
372
633
168
658
185
-788
378
874
168
407
-384
-912
99
-67
-887
-1267
-690
842
1684
1225
-470
-891
619
332
-837
-713
-208
641
978
423
-512
-834
-58
-132
-353
-327
-516
649
1327
437
-122
79
270
466
412
-842
-1379
-729
-137
-44
-502
449
1199
693
604
-30
-676
-939
-790
147
121
-276
471
722
433
752
784
404
-103
-566
-1188
-1192
-90
-532
-1100
12
208
25
1042
1608
608
128
614
261
-135
-314
-826
-752
-850
-797
39
357
787
559
-470
-199
604
299
-326
221
-101
-694
73
-435
-465
1027
827
11
892
1262
-143
-930
-367
-179
-1155
-1421
-656
-109
27
181
1348
1278
-686
-520
466
-379
273
1305
542
529
-256
-1523
-951
-142
-374
-537
634
1078
881
1344
528
-727
-821
-915
-1104
-1167
-1089
-145
670
1168
1470
608
-428
284
1280
-48
-457
-188
-1046
52
79
-1367
-331
493
-29
774
1054
27
417
483
-715
-1419
-1064
461
1092
-218
-534
279
354
1015
407
-1109
-631
-536
-593
260
630
487
762
655
-331
-680
-495
-230
-242
-118
-385
-556
890
1321
453
-145
-114
469
477
-360
-794
-463
-701
-604
-225
-74
4
29
903
1235
1079
231
-709
-479
-1477
-1824
482
1905
930
332
694
319
351
390
-1069
-1600
-1135
-1338
-496
-21
-480
306
1389
1431
326
384
808
196
-34
-517
-151
651
470
38
-387
-848
-1092
-1018
-1116
-134
792
706
1022
974
921
751
-460
-1452
-357
282
-1483
-1796
-394
2
3
1021
1651
1667
1176
41
442
-13
-1272
-767
-1101
-1953
-512
1283
473
196
995
664
945
949
-218
-1043
-1498
-1846
-640
659
158
375
1149
1065
-236
-1648
-903
322
454
666
1094
900
683
720
-139
-1414
-997
-447
-1485
-1175
-464
-522
1074
2715
1970
702
408
-410
-740
-1005
-2205
-1689
-20
488
-58
460
1366
1281
912
286
435
101
-700
-422
-1009
-2047
-1112
233
105
826
1733
1525
1348
-9
-1296
-1274
-858
-1
545
546
159
-562
-1137
-829
191
-238
-547
1287
1467
329
666
580
-50
-362
-1511
-2119
-430
876
527
755
1899
1121
-494
65
-390
-1057
-806
-1037
-233
-474
-345
964
607
-88
441
807
43
499
340
-384
-383
-1259
-650
-543
-740
788
1427
1474
1388
820
-665
-1365
-810
-1135
-1008
-228
-145
205
840
566
255
108
-340
-340
-563
-1015
-66
1722
2172
1567
1215
216
-1563
-2130
-2005
-1444
-313
-43
1245
1641
248
695
996
50
-674
-629
-885
-933
-219
-468
-256
241
872
1142
424
347
-117
-218
281
41
-957
-1079
666
510
-805
-63
641
1012
1317
84
-537
-367
-1320
-1406
-774
-423
778
1865
1421
29
-1053
-1119
-611
-289
-183
-102
596
1378
1242
645
338
-91
-1299
-1769
-834
36
159
1137
1588
325
882
1039
-737
-1897
-2048
-1188
-394
612
854
0
283
1086
257
-736
131
242
-265
-101
335
289
-782
-602
-376
224
2105
1763
530
-175
-1286
-1301
-243
64
-715
-1032
-154
520
731
1029
510
-561
-307
288
-289
-947
-1366
-609
678
1427
2146
1259
-104
-843
-1462
-1312
-328
93
-670
411
1271
81
424
1056
181
-808
-543
287
184
-416
-825
-1131
-592
778
1383
884
-244
-280
371
-182
-416
418
548
-659
-941
-378
-24
586
499
294
6
-393
328
574
-528
-767
-240
647
1942
914
-1137
-1574
-1002
-1098
-1489
-77
362
215
1439
1935
1681
1057
611
-778
-1855
-861
-821
-732
296
244
-113
629
1657
794
-810
-850
-471
-541
-173
43
-533
-900
-626
124
584
764
1122
717
905
1234
-456
-1102
-509
-1007
-808
396
1006
778
77
-975
-1235
4
765
209
-407
-372
353
1304
922
-822
-1180
-360
-401
-247
353
-40
-679
-362
498
1132
1590
2072
523
-2081
-1381
-11
-667
-365
227
-338
-443
409
785
197
-125
-661
-710
978
1450
-315
-1213
-317
119
259
635
187
237
-92
-831
-45
624
346
-409
-165
639
172
-354
-363
133
-60
-901
-468
-114
-525
-637
-483
218
1657
2101
954
27
-95
-254
-996
-844
545
304
-746
179
567
-609
-624
-423
-725
-405
103
483
1080
1279
-5
-341
455
-167
-308
-143
-706
-438
140
341
116
-436
-171
590
341
227
451
-139
-101
293
239
265
-95
-1147
-1964
-933
282
288
854
1227
355
-23
873
662
-654
-926
-886
-113
480
-384
-212
439
493
346
-307
-435
26
881
1078
-218
-904
-348
208
-418
-1086
-399
-137
-309
324
840
587
792
1276
818
-96
-992
-561
-3
-899
-1072
-650
-311
-52
163
505
741
1161
671
-11
-224
-338
209
-79
-950
-841
-136
34
47
258
-208
94
776
800
863
81
-720
-704
-709
-335
435
595
401
337
351
325
-452
-1095
-958
-782
-391
72
195
125
458
916
585
-2
1
410
248
-523
-391
359
272
-390
-469
304
367
84
171
-459
-471
331
468
-92
-307
46
-378
-741
67
653
-11
-702
-646
-80
408
218
387
654
735
420
-33
411
428
-71
-926
-1043
-336
-707
-788
-166
368
631
889
671
-186
-261
-100
316
414
-330
-451
-350
-393
-299
101
648
507
101
382
991
570
-874
-1268
-167
138
-939
-695
784
634
-9
119
58
-27
227
-9
-875
-130
665
105
372
163
-500
-168
606
471
-822
-792
43
-8
15
301
360
39
-194
551
1052
97
-849
-1116
-543
87
-127
135
364
-69
-157
825
1341
-58
-351
220
-578
-671
-254
-662
-538
263
501
302
435
956
832
-141
-646
-883
-802
-268
-508
-433
191
-83
193
1085
524
-326
176
450
70
954
1584
100
-1028
-581
-401
-829
-512
-84
-549
-1308
-776
1016
1030
258
242
-102
227
638
295
-416
-307
473
-92
-616
266
1006
18
-162
863
-25
-418
-619
-1402
-292
492
291
502
-4
-710
317
639
-781
-642
37
-67
15
-221
-414
-74
207
1014
1315
132
624
1498
82
-1089
-871
-383
-538
-819
-710
158
497
-594
-253
690
454
-88
-83
690
617
706
621
-1274
-1504
-598
-902
186
1679
1151
-295
-794
-284
-168
260
647
504
329
-274
-483
-408
-79
-117
-268
406
336
192
-54
-409
384
938
338
-905
-1602
-1502
-526
1126
1469
318
-164
1179
1752
44
-912
-661
-1106
-1628
-1289
-588
-27
1068
1659
903
831
927
383
90
-100
-223
-370
-1005
-1583
-459
820
-202
-1348
16
1168
15
-203
172
-78
78
682
1586
1239
61
-1294
-1158
282
-159
-326
-167
-521
-33
441
448
-457
-705
40
-165
-59
802
246
-319
769
273
-1159
-911
-253
772
1330
795
601
353
-234
-345
-100
-633
-1159
-401
-354
-366
659
394
124
564
182
-146
-397
-696
-356
7
-70
345
938
283
-383
-281
-184
349
234
-67
522
269
587
883
-1205
-1956
-201
369
-11
279
-107
-206
164
-246
393
970
640
625
161
-884
-1390
-647
-311
-531
313
886
-245
-466
973
612
138
584
