-37
-204
-7
356
528
698
1080
1327
739
-685
-1359
-1186
-1620
-1489
-1024
-781
191
879
1433
1608
913
559
433
216
-59
-389
-937
-1148
-351
17
68
530
-29
-1097
-1082
-794
-1237
-1059
309
1306
1818
2367
2651
2280
1409
318
-1087
-2213
-2706
-2180
-1254
-790
326
1521
1984
2235
2026
899
-604
-1300
-1998
-2936
-2938
-2178
-1127
-250
424
1043
1994
3323
3479
2258
790
-86
-199
-789
-1390
-912
-666
-815
-652
-855
-1192
-688
-279
-865
-971
-103
402
694
1480
1687
1397
1608
1046
69
2
-477
-1637
-2133
-1390
-249
24
200
1021
1420
1497
1365
277
-702
-1045
-1252
-941
-891
-990
-25
814
997
1042
772
198
-492
-657
-899
-1380
-1115
-265
631
866
1093
1432
1244
896
-255
-1267
-1043
-880
-1082
-962
-148
926
1218
956
776
276
-347
-778
-980
-660
-145
422
918
1146
929
412
237
-308
-1293
-1459
-935
-401
-252
-107
1181
2327
1612
695
442
-28
-1024
-2037
-1659
-603
-236
-483
-735
79
618
-131
-551
-210
421
809
820
810
736
746
563
-198
-464
42
-443
-1513
-1202
70
966
1103
969
766
638
769
-217
-1921
-1889
-1085
-966
-376
296
467
927
1257
1319
990
-268
-1200
-1323
-1114
-36
539
-300
-378
594
799
150
-131
111
121
-249
-298
336
751
499
252
566
980
478
-398
-397
-72
-354
-759
-1052
-825
224
863
623
-116
-624
-675
-900
-1265
-1176
-183
445
216
589
1797
2350
1541
569
-510
-1560
-1860
-1461
-955
-838
162
1325
1615
1768
1825
1496
132
-1093
-1594
-1791
-1611
-1631
-1252
-676
-260
392
1068
1568
1208
446
662
1346
1162
749
898
1058
634
-792
-2010
-1547
-295
-228
-1652
-2030
-583
259
573
804
539
1107
1255
258
-103
-34
-253
-1095
-1690
-1210
-454
-51
280
1008
1691
1852
1167
99
-445
-949
-2053
-2634
-1416
138
409
280
1301
2472
2484
1851
115
-1270
-1142
-1035
-1336
-1464
-506
333
809
1822
1564
579
78
-439
-521
-184
130
206
247
452
10
-978
-1575
-2097
-2163
-1134
138
1092
1153
1078
1739
1320
301
194
-192
-1340
-2238
-1999
-1280
-563
512
1073
1160
1689
1818
951
448
567
608
506
452
934
598
-608
-1156
-1580
-1511
-512
356
378
384
226
-855
-1017
-197
273
-191
-1087
-622
-88
-423
-182
397
614
487
105
-44
415
708
386
237
789
1100
502
-190
-797
-1157
-1446
-1671
-786
-29
134
685
887
727
360
295
813
520
87
102
-606
-1129
-681
-139
495
1149
1113
548
187
23
-514
-1074
-951
-175
352
206
262
554
364
-500
-1014
-478
348
879
103
-1090
-564
21
-716
-587
309
321
330
478
936
1447
639
-429
-482
306
357
-694
-1012
-155
733
804
275
-749
-1263
-1051
-1126
-1136
-1105
-630
340
1295
2133
2257
1919
1067
-489
-1653
-1687
-846
6
-273
-552
651
1859
2036
1178
6
-629
-1125
-1680
-1841
-1121
-407
-23
361
502
545
232
-91
-186
101
765
953
1152
1224
321
-782
-1110
-532
-110
-668
-1040
-574
68
410
476
1092
1336
285
-327
-376
-742
-890
-629
-256
-60
-209
-302
-30
300
47
-465
163
1110
1080
995
1196
1369
561
-1383
-2192
-1613
-1136
-1053
-1118
-712
158
1357
2549
2651
1676
606
-31
-313
-41
-109
-1205
-1638
-901
-387
-699
-835
-857
-828
174
1126
1689
1531
621
142
-341
-635
-575
-696
-850
-863
-1128
-1332
-29
1731
1812
1050
1128
808
-594
-1305
-1094
-697
-415
400
1191
890
765
586
-268
-292
706
948
592
1045
1236
356
-575
-1168
-1626
-1716
-1371
-1371
-1707
-892
497
1225
1934
1572
314
-96
-270
-662
-1281
-1611
-800
356
787
800
823
877
631
204
408
260
-48
135
-67
-474
-1071
-894
-334
-158
208
-120
-75
694
860
781
735
580
222
-325
-1019
-1650
-1919
-1226
-115
688
1640
1819
1270
694
-473
-1122
-480
110
175
192
375
372
-64
20
-116
-970
-1252
-1243
-307
1246
1825
1978
1739
915
108
-827
-2110
-2587
-2272
-1885
-489
873
1090
1164
1285
921
181
-15
-82
-235
-238
-680
-695
-179
414
603
-15
-126
-332
-1056
-1272
-805
243
995
1281
1254
1034
679
583
1070
769
271
76
-561
-765
-487
-230
-436
-1044
-925
-198
319
660
249
-390
-182
-547
-1117
-1137
-1153
-609
-106
606
1847
2270
1672
772
60
-770
-1448
-967
-58
106
223
487
683
1149
795
-326
-926
-1098
-1171
-1219
-1107
-482
327
792
1207
1007
81
-548
-926
-842
-614
-39
1316
2018
1971
1273
335
-18
-606
-900
-748
-977
-1249
-1324
-729
13
328
1439
2548
2088
1236
191
-1091
-1501
-1948
-2242
-1562
-911
-541
-12
873
1511
2062
2208
762
-683
-1237
-1572
-1301
-774
-340
385
1035
1422
1321
188
-622
-620
-532
119
324
-89
-60
150
686
856
270
-533
-1153
-1112
-1298
-645
1040
1354
1338
1523
1378
974
171
-363
-1237
-1616
-862
-29
221
-879
-1805
-1904
-905
838
1179
979
333
-447
52
752
623
-155
-436
-342
-151
304
264
133
720
1293
863
246
-639
-1366
-818
-166
430
548
454
329
-794
-1348
-1096
-852
-611
251
1422
1527
1742
1874
1151
535
5
-798
-1938
-2282
-1485
-506
456
1134
1368
986
-76
-1148
-1934
-1980
-1286
-978
118
1750
1712
1584
1270
462
654
291
-659
-1365
-1433
-451
655
1418
926
403
337
-511
-989
-1422
-1785
-1925
-1139
979
1485
1640
2333
2165
1964
1152
-154
-1818
-2823
-2421
-2008
-849
462
1324
2115
1668
475
-205
-15
-39
-471
-628
-776
-644
-823
-763
-36
679
1321
588
-538
-1150
-1303
-337
407
1052
1707
1888
1658
558
-760
-1646
-1676
-1550
-1406
-859
-531
54
986
2055
1887
538
38
-383
-425
389
551
-82
-303
2
-170
-311
-182
-26
-197
-578
-189
-238
-422
367
937
1124
1203
816
-287
-1703
-2866
-2918
-1481
124
1045
1521
2111
2306
1760
1046
219
77
-198
-1384
-1992
-2150
-1835
-746
315
1471
2173
1264
178
128
-313
-949
-689
-173
264
835
964
48
-729
-877
-1175
-1292
-649
506
570
-34
449
1053
1242
1164
703
220
-133
-77
-233
-537
-317
-273
-54
-93
-937
-1106
-781
-356
1
137
493
631
719
834
1068
587
-865
-1590
-1715
-706
525
655
1075
767
-7
133
436
688
409
-11
168
-438
-1638
-1466
-795
-329
623
1075
927
368
-534
-401
23
-41
598
1029
146
-820
-731
0
513
818
737
357
-42
-659
-1088
-1581
-1626
-97
966
433
227
146
-324
-540
-1024
-492
1383
2189
1579
762
330
-44
-94
-204
-836
-769
-104
601
741
169
-410
-831
-767
-880
-1184
-1156
-1281
-1032
-107
962
1951
2836
3121
2061
610
-507
-2116
-3115
-3080
-2408
164
2140
1862
1808
1510
260
-523
-564
-412
-148
-94
-170
-485
-1657
-1765
-630
125
920
1284
1415
1032
-168
-185
313
564
1394
1191
-671
-1963
-1662
-1085
-791
-47
758
1341
1329
191
-627
-884
-990
-611
-270
315
565
79
183
1111
1860
1394
396
-445
-1042
-1017
-1517
-2500
-2404
-1281
344
1747
2012
1753
1583
1168
330
-505
-693
-962
-932
161
811
712
350
-97
-439
-373
-64
-470
-518
49
202
73
-360
-391
-312
-618
16
892
410
-291
-94
312
308
51
416
836
-10
-670
-184
113
330
891
711
2
-84
-370
-1449
-1851
-1290
-680
89
953
1117
593
-5
-263
453
880
-57
-565
-644
-657
-75
174
339
711
239
221
1740
1835
385
-399
-1302
-1941
-2095
-1948
-928
286
1177
1368
1798
1985
1116
810
116
-804
-478
-112
-797
-1829
-1591
-1049
-412
928
1309
1066
530
64
247
-81
-296
-89
-505
-1395
-1660
-1619
-2266
-1407
988
2513
3708
3746
2077
612
-652
-1444
-1170
-1000
-443
519
236
-119
196
46
-269
-654
-1323
-1447
-903
-860
-1047
-466
794
2161
2337
1707
1239
597
150
-99
-340
-695
-1004
-1154
-1627
-1410
-616
-380
176
1360
2030
1477
528
280
57
-777
-1232
-1060
-811
-299
334
567
407
617
958
183
-683
-38
846
348
-439
-773
-939
-621
-680
-655
-22
203
792
1333
697
-311
-349
288
455
769
611
-148
-246
-161
-107
-102
-139
-230
-328
-735
-1401
-1164
-653
98
1249
1618
1370
839
247
-463
-1372
-1562
-799
-104
-105
-464
-203
937
1657
1622
1199
950
1037
168
-870
-825
-663
-629
-484
-880
-1064
-402
-173
-629
-1429
-1386
-463
-39
979
1766
1125
935
1645
2212
1833
817
-229
-1310
-1641
-1168
-1079
-1091
-686
-21
710
386
-207
117
69
-374
-215
343
636
833
672
-101
-224
-533
-1296
-1130
-1346
-2000
-1370
-101
546
1138
1885
1903
1796
1922
1535
882
538
621
398
-798
-1901
-2165
-1832
-1007
-612
-668
-150
328
-235
-975
-1070
-1085
-433
894
1317
1197
1875
2696
2682
2029
597
-630
-1065
-1142
-1107
-1698
-1492
-614
-131
437
465
264
-368
-897
-858
-1649
-2363
-1422
500
1281
590
-479
-138
2139
3070
2019
1039
646
678
484
-158
-599
-374
-51
-373
-1194
-1247
-314
183
-333
-1629
-2530
-2328
-1212
212
322
-46
712
1943
2969
2519
816
228
622
978
914
232
163
302
-734
-1658
-934
489
776
-518
-1986
-1616
-174
162
-995
-2579
-2337
-171
1285
679
-745
-877
835
2728
3067
2120
544
-100
1127
2118
1537
-433
-1802
-1379
-990
-1092
-1544
-2311
-2517
-1739
-681
-102
328
301
48
558
1538
2400
2180
880
466
1334
1921
1720
661
-974
-1805
-1597
-1018
-411
-63
-99
-156
278
405
-233
-1015
-1899
-2131
-1714
-1209
-399
-526
-1499
-1808
-216
3350
4911
3023
1215
1614
3463
3977
1770
-962
-1714
-1207
-1629
-3086
-3923
-3126
-1842
-557
722
511
-461
-1108
-1691
-637
1406
1904
1309
1014
1933
2810
2091
1187
621
-52
-750
-1664
-2241
-1725
-490
594
988
569
437
1101
1197
-192
-2138
-2854
-1846
349
885
-2062
-4261
-2344
1668
2791
35
-1027
1578
4696
5075
2005
-185
818
1933
1473
-717
-3673
-4275
-2356
-894
-1501
-2890
-2653
-631
1335
1330
-309
-96
2591
3454
1671
490
1164
2169
1259
-382
-661
-139
389
521
168
-491
-642
-364
-419
-1050
-1871
-2067
-2337
-2572
-1842
-805
-1621
-2696
-340
3014
4637
3230
1314
2876
4230
3042
260
-1319
-197
-184
-1175
-1929
-2631
-1365
547
41
-1698
-2649
-2332
-1178
-1395
-2194
-1067
1746
3999
2878
949
1920
3016
2091
524
-374
266
530
-995
-1932
-1260
244
1301
931
127
86
-6
-1662
-3817
-4123
-1403
582
-1887
-3544
-1032
2792
4357
1833
1115
4230
4474
1191
-1585
-1215
809
117
-1888
-2287
-1190
804
741
-1815
-2980
-1768
-139
63
-1259
-1223
416
804
306
139
1249
3179
3454
2625
1702
1262
1371
280
-851
-1026
-1241
-1290
-1744
-2242
-1734
-845
-541
-1833
-2882
-1890
-80
342
-2120
-2262
1817
4203
2982
260
1676
4913
2621
-291
-274
1201
1995
-729
-2358
-1079
-326
-754
-2622
-2766
-244
297
-936
-1271
-634
-141
-882
-1081
45
1141
2068
2045
2231
3511
3253
1560
401
340
98
-1731
-3053
-2537
-1709
-1682
-1808
-478
604
-922
-2831
-1383
1946
729
-2286
-516
1958
1218
-1567
-744
4060
3989
1833
2166
2959
3940
1246
-2648
-2916
-2045
-1865
-3720
-4171
-1308
-768
-1808
-999
1028
2211
926
580
1936
1754
701
375
1219
1883
1289
659
300
265
333
-494
-502
711
254
-1082
-1421
-1619
-2842
-4331
-4606
-2090
1645
-63
-1611
2574
3839
1618
-702
1016
4788
2272
543
1816
1879
1413
-1478
-1708
881
705
-996
-3224
-3267
-2437
-4019
-4030
-1855
-106
-124
-232
2318
3432
2436
2666
3676
4472
2657
195
-343
-660
-957
-1774
-1267
223
-130
-671
-904
-274
-470
-2084
-1849
-2010
-606
813
-3122
-3098
1035
1293
-24
115
3624
4075
983
2419
3165
1719
195
-1670
-924
-1073
-2052
-2261
-2489
-838
-674
-1649
-791
334
9
-1656
-236
1853
544
115
1264
2521
2198
1036
2202
2394
1597
1355
-98
-665
-1205
-1929
-1492
-961
-333
-2069
-3206
-3190
-3839
-513
-810
-2950
1177
2575
1811
1230
2138
4876
2493
1424
2308
1237
1429
177
-474
-680
-1680
-1697
-2488
-1498
-1378
-3446
-2974
-1852
-1188
-1291
219
3322
2479
1500
2289
2330
1227
-353
1379
2038
997
2077
1586
1194
510
-1019
-1347
-2158
-2578
-4260
-4853
-3962
-4038
-148
721
-1720
1445
2695
1208
1006
2307
4467
2340
1274
2236
1581
1944
352
-168
344
-1241
-1443
-1661
-1443
-2592
-4220
-2686
-1784
-1513
-2038
-907
2090
1612
1388
2785
4078
3819
1968
2615
1924
-35
391
29
-295
-669
-1061
-1125
-2362
-2635
-3284
-3144
-2947
-3758
-456
-584
-2715
603
1542
1451
2090
3032
4975
3617
2842
2648
1834
1710
-436
-847
-749
-2298
-2189
-1949
-1889
-2449
-2880
-1795
-1075
-1209
-2094
-619
1689
716
702
2298
3109
2436
1810
3286
2583
999
1333
1079
2
-1763
-1636
-1103
-1698
-1878
-3211
-2711
-2767
-3246
-551
-1603
-1801
1454
1564
1347
1294
2564
3432
1806
2302
1902
846
827
80
484
-4
-535
-172
-532
-1068
-2712
-3110
-2386
-2640
-3229
-3049
-496
1014
1036
2502
3931
3813
2207
2367
3167
1390
299
-22
36
683
44
-102
-84
-1033
-2892
-4383
-4126
-4538
-2715
-1392
-3662
-1018
2062
1337
2085
3641
4883
3664
2434
3092
1897
265
-1310
-1631
10
-412
-1435
-988
-451
-830
-2004
-2106
-1858
-2097
-2459
-1691
765
1243
947
2029
2647
2291
1632
2869
3136
926
98
157
175
18
-292
-793
-1207
-1225
-2679
-3563
-3613
-3338
-1564
-3199
-3756
812
2242
1944
2533
3580
4228
2254
2550
3191
2041
1259
-493
-110
309
-1288
-2013
-2114
-1809
-2421
-2633
-1980
-2151
-2103
-1569
211
1332
760
1462
2607
2870
1822
1058
1902
1719
1216
744
433
414
-492
-283
-733
-2022
-2404
-2657
-2928
-3290
-566
-174
-3184
-611
1018
-279
573
1375
3083
3319
2332
2986
3043
2810
1127
-151
397
-969
-1997
-1694
-2005
-3109
-3704
-2492
-1439
-944
-1199
-839
816
529
-108
899
2270
2553
2399
3463
3511
2448
1808
647
-228
-922
-1697
-1144
-664
-1388
-2031
-2179
-3397
-3763
-1552
-3217
-4632
-352
373
-51
2143
3222
4873
4726
3804
3982
2669
1258
-283
-292
106
-2280
-2714
-1611
-2010
-2099
-2356
-2105
-802
-879
-1707
-708
632
62
-201
1653
3205
2498
2102
2672
1956
1426
1171
292
-267
-1230
-2127
-1796
-977
-1373
-1801
-1155
-1694
-910
-220
-3153
-1987
1177
-569
-725
1106
2218
3481
2728
2398
2927
2004
732
-409
448
820
-1665
-2130
-1310
-2000
-2150
-2295
-2321
-1116
-1245
-1487
221
916
612
1031
2330
3242
2171
1667
1999
1368
1039
306
-374
159
-417
-1400
-857
-676
-1753
-2125
-1746
-2138
-1416
-438
-2503
-2282
955
-87
-1119
1341
2260
2779
2547
1148
2312
2952
1772
1082
703
1142
96
-1847
-1972
-2468
-2962
-2892
-2747
-1405
-962
-1498
-154
1676
1420
671
1342
1774
1780
1927
1457
1588
1852
1091
57
-525
-480
-1214
-1337
-685
-1243
-761
-599
-1709
-1285
-389
-669
-1872
-1180
282
-387
-21
710
501
1295
1379
441
943
2168
1341
351
776
601
467
-74
-977
-1081
-1229
-923
-620
-319
10
83
756
516
52
-29
-1246
-1915
-1306
-807
-550
376
1305
1437
1748
1892
1590
1438
830
-228
-562
-564
-975
-1076
-820
-723
-537
-269
-881
-954
-61
-656
-976
-124
546
1065
816
439
210
333
341
-248
96
666
631
287
71
224
302
304
-332
-802
-682
-1069
-1390
-1250
-895
-371
15
264
685
1095
1508
1951
1592
823
309
-70
-72
-194
-357
-198
-324
-196
211
-63
-636
-657
-66
-104
-1243
-1839
-1096
-448
-700
-590
354
1445
2142
1635
545
331
242
-442
-933
-945
-562
-202
22
102
145
468
364
492
911
449
-27
-188
-587
-1197
-1285
-1057
-767
380
1033
1063
1276
846
442
595
625
127
36
428
289
202
-354
-928
-755
-902
-875
-973
-557
434
-537
-1614
-528
576
212
-140
85
544
1205
786
-41
-474
-244
544
42
2
1183
1746
1463
231
-665
-1073
-1193
-984
-1404
-1003
-134
18
183
-261
-167
799
1021
851
479
626
845
200
-152
-446
-259
501
287
-306
-486
-7
774
507
-153
-54
398
486
-727
-1919
-1262
-395
-1084
-2449
-1704
625
1304
527
-314
135
1790
2171
795
-579
-549
398
784
303
-107
4
279
545
316
-616
-1016
52
839
-275
-1458
-1228
-463
148
-23
-510
272
1306
975
200
524
1526
1544
944
428
-238
-718
-1192
-1415
-851
-435
-703
-507
371
485
-172
-723
-1237
-1312
-446
137
-641
-1101
-141
871
1391
1257
602
693
1361
1488
827
27
-217
-348
-762
-1031
-747
-134
33
-72
217
538
593
266
-213
-38
51
-261
72
327
-70
-429
-415
-275
-305
-292
-399
-20
418
-74
104
403
259
248
-55
587
803
23
-280
-917
-914
-372
-87
-16
-494
-221
-102
-213
437
149
-257
-121
89
728
773
649
426
-191
-328
-612
-614
-70
172
318
476
472
203
181
55
-330
-66
12
-363
-378
-356
-277
32
-173
-269
458
827
686
625
511
31
-285
-368
-892
-894
-453
-101
304
368
473
473
362
80
-309
-118
-242
-624
-488
-206
7
-100
-135
296
256
-204
-43
291
194
-203
-467
-359
-296
-48
233
139
164
259
431
719
670
587
341
104
650
440
-334
-343
-797
-1186
-1244
-1335
-715
330
1145
1057
961
1018
490
19
-547
-897
-1153
-1272
-588
57
589
834
661
594
395
274
7
-565
-676
-536
-285
162
383
615
674
462
197
-488
-914
-728
-527
-482
-278
14
-102
10
117
213
913
1002
639
293
-56
198
495
704
591
-20
-366
-570
-837
-1064
-881
-304
-2
143
231
212
198
317
494
-130
-1044
-790
-92
-149
-365
-67
296
473
544
506
331
165
254
170
35
-73
-448
-516
-328
-77
-93
-255
-40
78
222
204
177
-4
-342
374
677
447
312
-267
36
217
-171
-121
-165
65
76
-66
236
-48
-279
93
234
-142
-662
-233
188
-47
131
-165
-351
254
456
266
-451
-1172
-947
-27
223
-270
97
248
-2
255
-72
-36
512
600
959
900
348
111
173
639
212
-767
-796
-943
-1147
-667
-121
27
-25
259
650
724
145
-396
-259
-478
-579
-195
-16
326
726
803
517
411
326
-114
-375
-861
-747
-187
-222
152
292
629
879
57
292
444
-56
-152
-618
-629
-560
-54
779
122
-177
134
119
624
575
-256
-733
-358
232
11
-72
-248
-995
-1054
-917
-895
-1137
-943
549
1294
1270
1199
1248
1158
257
177
-339
-1022
2
310
292
609
555
762
469
-469
-1316
-1636
-1636
-1244
184
1012
592
597
884
1127
817
-305
-932
-1062
-868
-966
-699
463
416
852
1690
1041
686
397
-13
-174
-216
-569
-809
391
473
-136
193
-225
-488
-944
-1587
-1473
-1416
-969
-37
998
1273
1291
1622
726
-376
-653
-701
-829
-1063
-746
332
1565
1524
1109
1673
1165
222
373
-392
-1365
-1090
-723
-568
-819
-304
715
332
-81
-100
133
295
23
163
-266
-530
-435
-799
-339
-578
-1218
51
904
735
1045
912
691
796
515
55
-418
-756
-554
115
92
-209
291
536
433
160
-767
-1153
-766
-1117
-965
18
81
604
1281
1511
2110
1093
-290
-140
-463
-938
-835
-915
-580
-61
203
410
331
-179
-1017
-1306
-1226
-738
163
415
539
543
856
1035
163
197
400
-544
-1056
-472
489
1101
1249
1312
1503
950
98
18
-623
-1884
-2124
-1425
-761
-110
795
1162
600
-146
-429
-405
-549
-856
-1283
-1085
13
819
1343
1776
1326
239
165
518
-304
-506
-56
-146
-90
-74
366
704
43
-373
-570
-1328
-1527
-775
-398
-443
-154
730
1329
1433
1808
1420
493
-214
-992
-705
-49
-947
-1425
-237
89
133
509
-749
-1586
-720
-383
-68
953
734
112
1012
1621
899
231
150
7
307
870
422
61
-233
-260
382
-479
-1795
-1728
-1209
-1204
-1005
-493
-911
-348
1074
1352
1611
1240
330
381
575
150
-166
33
-216
-128
869
878
62
-307
-95
-96
-617
-628
-662
-834
-726
-609
119
133
-377
487
1048
529
581
1240
1057
631
692
37
-740
-1280
-1857
-1632
-1272
-1265
-358
789
919
1626
2004
951
731
-102
-1659
-1494
-1094
-706
-56
-133
217
975
968
879
815
207
-332
-653
-556
131
217
236
737
738
555
-2
-900
-1217
-1304
-1357
-1051
-461
496
1388
1107
666
787
261
210
733
-140
-1139
-431
455
348
395
571
409
179
48
4
-873
-1882
-1651
-1089
-648
218
1049
858
395
735
740
84
65
257
-458
-702
-93
-183
-29
551
468
4
-476
-503
-530
-549
-299
-225
-395
-719
242
1238
479
448
1204
917
362
507
526
86
528
1119
720
237
-403
-968
-605
-291
-656
-1283
-1698
-1467
-751
215
513
149
-120
-359
214
380
-1338
-2406
-1039
533
865
598
-269
432
2495
3085
3090
2272
926
-26
-952
-427
37
-1715
-3707
-3485
-1448
-288
164
1427
1329
274
977
1711
1445
630
-862
-1949
-1765
-954
-518
321
480
-256
617
1465
1347
1371
740
-406
-711
-139
136
543
1142
278
-1039
-888
-815
-1867
-3112
-3583
-2014
203
1132
516
-426
1140
3708
4514
3986
2274
50
-1878
-2001
142
786
-841
-2178
-2609
-1899
-761
54
167
-686
-1013
-121
1664
3090
1970
-665
-1432
-260
409
383
77
-717
-1273
-478
1903
3544
2807
1196
255
8
-450
-996
-1851
-3371
-4983
-6790
-5271
423
3841
2685
-417
-150
4727
7895
7618
4924
1056
-1543
-2871
-2097
-1148
-3071
-5946
-7274
-4849
-720
1070
1816
1913
1528
1834
3260
5955
5268
382
-3402
-3755
-1505
147
-607
-2405
-2890
-2030
-47
3538
4858
2567
-157
-658
961
1604
329
-2376
-4837
-5882
-5712
-2125
2915
3995
843
-1678
1645
7793
9586
6241
1257
-1689
-3020
-3672
-2551
-2885
-5985
-8076
-5842
-450
3100
3436
2176
1477
2436
3854
5060
4457
679
-3840
-4741
-1863
551
-67
-2847
-3653
-1300
1054
3184
4425
3399
1095
-583
576
2027
450
-3224
-6325
-6586
-5542
-2911
1832
4548
2955
-577
749
7255
10114
6544
831
-2653
-3337
-3452
-3171
-3135
-4854
-6921
-6270
-1593
3311
4313
2466
772
1986
4752
5632
4648
1819
-2541
-5243
-3364
200
87
-2990
-4747
-2855
1022
3714
4332
3302
1867
1199
1497
2079
952
-2245
-5300
-6069
-4638
-3744
-2782
406
2949
1818
-1031
738
6601
8637
5512
644
-1317
-224
-725
-1964
-3396
-5229
-6122
-5778
-2278
2003
3386
2658
1920
3465
5034
4444
2779
-333
-3624
-4966
-3624
-1614
-1485
-1997
-1888
-16
3429
5354
4623
2816
1674
887
88
-537
-2013
-4126
-5952
-5727
-3450
-2920
-2098
1782
4461
3851
1543
2081
6009
7278
4271
-794
-2957
-2113
-2661
-2966
-3172
-3499
-3710
-3660
-288
3161
3449
1502
-253
1131
2796
2917
2013
-587
-2935
-3228
-1708
-11
353
-480
-1009
574
2960
3638
2666
1385
834
648
43
-688
-1514
-2862
-4379
-4648
-3491
-3846
-4473
-970
3753
5256
2532
-193
3185
7947
7681
2961
-1171
-1619
-2774
-4040
-3696
-3604
-3475
-3926
-2055
1890
3829
3269
610
32
1927
2798
2511
516
-1862
-3042
-2607
-654
860
738
-845
-529
2705
4195
2728
619
-911
-1666
-1595
-1124
-1672
-3310
-4357
-4132
-2551
-597
-1306
-1968
1685
6315
7371
2944
-746
2706
7456
6971
1354
-3276
-3796
-4044
-4556
-4437
-3895
-4319
-5055
-2237
2675
5528
4412
1517
797
2078
3717
3534
1010
-1597
-3473
-3347
-1264
120
-214
-1505
-1053
1438
2978
2698
938
-647
-1118
-1238
-1147
-1353
-1650
-1944
-1735
-106
1411
-23
-2518
-202
4508
4889
358
-3422
-588
4929
6243
1996
-2664
-2854
-2139
-1943
-1599
-1775
-2191
-3577
-2661
1809
5073
3850
126
-757
1407
2862
1850
-1013
-3577
-4399
-3222
-832
994
886
-482
-358
2581
5035
4229
1603
-558
-737
41
-46
-1083
-2399
-3399
-3142
-774
1164
573
-2304
-4820
-1528
4840
6029
315
-5142
-2053
5492
8740
5283
-1278
-3763
-2223
-461
396
-1109
-3527
-4995
-3416
1737
4612
2478
-1062
-1996
358
2882
2923
-160
-3669
-4379
-2637
465
2487
1554
-393
-337
2841
5508
4058
49
-2649
-2133
-333
554
-373
-2322
-3462
-2973
-904
422
-602
-2896
-3329
712
5635
5632
-173
-4130
509
7515
8517
3064
-2578
-3264
-1705
-1274
-2813
-4607
-5264
-5498
-2808
2501
5497
3369
-613
-432
3068
5442
3810
-801
-3921
-4183
-1918
780
1105
-14
-1214
-760
2426
4639
2893
-962
-2856
-1265
598
643
-701
-2057
-2316
-1936
-826
-16
-1016
-3876
-4661
795
7280
7695
1404
-3897
278
7968
8722
1904
-5260
-6221
-3576
-1843
-2094
-3849
-4788
-4537
-1619
4070
6661
3677
-757
-1066
2512
4927
3221
-1158
-3224
-2163
-300
869
148
-1369
-2492
-1597
1427
3417
2150
-1107
-1960
401
1947
1065
-883
-1924
-890
441
1173
998
-786
-2698
-4846
-4380
643
4479
2920
-2711
-3911
2813
8972
7880
475
-4465
-2739
289
1044
-1452
-4609
-5103
-3320
314
3638
3733
988
-1504
-57
3527
4076
778
-3113
-3754
-1885
-459
-353
-1649
-2721
-1898
1102
4331
4996
3235
1030
588
1445
1071
-601
-2158
-2471
-1508
-762
-157
384
-1024
-2919
-3730
-4037
-1922
1841
3389
1424
-1315
522
6247
8855
5049
-1492
-3701
-1016
418
-1194
-3996
-5297
-3938
-1472
1463
2542
1262
-369
-789
1980
4150
2458
-758
-3056
-2429
-541
32
-950
-2308
-2046
38
3165
4884
3696
1592
433
759
806
-701
-2629
-3477
-2336
-904
-133
536
429
-270
-977
-1401
-2282
-2657
40
3168
3159
-93
-1749
2564
7053
6111
618
-3711
-2122
508
115
-2516
-4441
-3337
-2049
-751
813
597
-478
-779
892
3082
3083
976
-1488
-1743
127
1134
402
-950
-1212
95
1551
2330
1674
223
-633
-589
138
-155
-1258
-1964
-1419
484
1346
1363
925
-133
-703
-1181
-2305
-4288
-3564
708
3201
1366
-2175
-844
4961
7869
4772
-1326
-2348
978
1222
-1275
-4031
-4432
-2676
-1584
-119
1148
855
-76
-118
1822
3128
1594
-1207
-2645
-1392
511
438
-1175
-1969
-847
1402
3251
3394
2102
982
929
1147
626
-1093
-2906
-3068
-1815
-558
-126
297
811
1006
928
-141
-1915
-4286
-5015
-1821
1989
2643
-796
-3065
1755
8349
8305
1877
-2877
-1137
1781
1274
-1588
-4238
-4290
-2709
-379
1560
747
-985
-1698
80
3692
3938
459
-2395
-1624
1199
1728
-353
-2567
-2431
-374
949
1387
1165
702
626
1224
2076
896
-1247
-2027
-1502
-160
30
-595
-220
464
759
103
-1131
-2043
-3407
-3555
-286
2978
2207
-2130
-3536
2475
8399
6994
520
-3117
-75
2804
1336
-2516
-5294
-3770
-1261
166
1230
538
-594
-625
1109
3194
1803
-1772
-3115
-948
1386
368
-2017
-2554
-809
1218
1464
786
425
1018
1962
1780
1063
55
-860
-718
161
804
-84
-858
102
1070
703
-704
-1718
-1975
-2206
-3524
-4003
-511
3181
3023
-604
-2459
2666
7760
5587
-680
-3813
-335
2866
1049
-2416
-4471
-3292
-1080
-18
485
-250
-1310
-872
1527
3390
1836
-503
-716
648
1889
803
-1721
-2654
-1828
-651
40
450
774
567
682
1364
1570
705
-652
-761
206
716
447
99
69
242
333
-117
-409
-428
-1696
-4360
-4281
341
3127
624
-3505
-2776
4181
8291
5025
-841
-2715
905
2760
14
-3687
-5092
-2933
-848
1
745
-50
-1188
-584
1701
3043
1164
-889
-63
1954
1882
-305
-1527
-908
397
929
160
-177
131
-56
-188
276
312
-569
-786
93
774
554
-360
-526
535
1247
512
-561
-547
-582
-1652
-3420
-4465
-1861
2263
2733
-485
-2583
1297
6944
6698
1642
-2315
-1227
1585
1057
-1881
-4422
-4107
-1683
-136
145
-674
-1982
-1819
584
3182
2752
392
359
2303
2973
1592
-210
-832
-705
-356
205
212
-647
-1474
-1266
-351
75
-557
-1417
-884
784
1456
778
403
1233
1832
848
-590
-1080
-466
-648
-2174
-3555
-4417
-2335
2046
3388
551
-2640
-659
5431
7558
3251
-1704
-1438
2026
2219
-1303
-4035
-3855
-1997
-545
-566
-1601
-2524
-1926
498
2459
2181
760
706
2507
3026
1217
-415
-580
191
798
674
86
-466
-711
-272
152
-856
-2475
-2815
-1096
722
689
-233
-308
1350
2503
1443
-108
-697
-224
-32
-924
-2025
-3032
-2956
47
2946
1381
-2395
-3001
1898
6737
4861
-633
-2808
229
3417
1853
-1932
-3524
-2069
173
440
-1215
-2764
-2485
-127
2303
2207
258
-72
1727
2944
1584
-1012
-1529
-402
281
247
-300
-714
-1288
-1325
37
597
-326
-713
530
1838
1470
363
-288
256
1105
469
-781
-1146
-301
129
-747
-1788
-2484
-2404
-2298
-1319
1306
2530
1180
-1244
-1122
2499
4479
2366
-512
125
3027
3211
320
-2359
-2575
-1083
-369
-1359
-2612
-2413
-935
631
727
-977
-1770
174
2814
2967
965
152
1336
2295
1140
-1083
-1841
-1039
-211
-215
-578
-732
-569
8
273
0
-338
-430
29
541
511
60
-262
-226
151
469
124
-44
-27
-654
-1456
-1914
-965
495
6
-1677
-2038
313
3256
3676
2204
1427
2395
2878
1351
-463
-1331
-1167
-913
-1628
-2764
-3320
-2848
-1470
167
624
227
1186
2816
2903
1210
-457
-541
-410
-1023
-1361
-1082
-99
996
1115
597
251
33
-224
-454
-577
-203
104
-183
-59
272
-117
-848
-878
-45
623
1016
1550
1946
1674
796
-202
-1382
-2510
-2719
-1525
-154
-273
-1345
-1472
127
1963
2478
2046
1725
2044
2383
1457
-581
-2466
-3009
-1885
-878
-984
-1097
-416
617
948
443
-22
344
601
53
-431
-324
300
412
269
27
-749
-834
-290
326
650
410
489
1057
1038
-1
-957
-980
-131
863
1444
1202
440
500
622
36
-782
-1609
-1679
-1193
-862
-824
-1109
-1272
-824
163
904
650
112
5
274
969
1204
791
415
424
857
1068
884
345
109
58
-690
-1430
-1824
-1966
-1742
-814
121
432
796
753
535
158
-101
572
959
825
545
511
557
265
198
-257
-788
-793
-310
442
344
28
114
363
508
-35
-563
-693
-705
-632
-481
-473
-811
-660
92
810
1102
776
354
-122
-675
-980
-760
51
228
-807
-1681
-1054
530
1330
1350
1339
1450
2012
2132
1300
670
384
47
-295
-1033
-2111
-2892
-3046
-2535
-1792
-919
295
1273
1500
1454
1514
1055
242
-53
-39
-97
-119
165
571
675
743
904
763
353
-1
-267
-591
-690
-511
-792
-916
-609
-505
-159
-307
-786
-542
-12
225
-74
-145
85
758
1885
2175
1477
436
-67
-194
-405
-845
-1472
-1392
-1042
-670
-396
-300
257
524
451
355
60
137
624
780
288
-181
-313
-398
-374
-388
-562
-481
-16
382
573
1029
1518
1484
1185
582
-176
-595
-685
-853
-1401
-1796
-1625
-713
444
1158
1585
1658
1120
40
-622
-786
-951
-1165
-1488
-1070
-548
-309
551
1531
1637
654
7
170
257
-6
-74
-2
-598
-648
-18
203
139
28
241
112
-379
-441
-193
132
233
332
547
744
686
-166
-883
-778
-385
-13
-199
30
837
811
590
549
286
-152
-245
-292
-665
-888
-1162
-891
-814
-572
856
1373
1043
533
-4
-29
-66
-130
-94
-348
-346
84
240
783
463
-274
21
-476
-563
-322
-651
-379
159
753
715
55
-513
-563
-163
206
252
-166
-90
188
23
161
215
383
922
-80
-684
937
1503
412
-1125
-1535
-38
1200
867
-180
-866
-914
-188
-520
-1258
-981
-759
195
519
91
27
366
1224
749
129
240
74
-159
-552
-122
840
1073
1085
445
-272
10
-371
-471
-547
-1303
-949
-724
-432
-721
-998
-80
172
635
950
1637
1930
721
228
193
445
-31
-483
-100
-500
-695
-711
-745
-372
-126
-44
-50
102
430
65
-533
-548
-385
1
-161
-737
-1003
-176
1234
1293
791
512
1128
1330
432
-527
-869
-4
-570
-468
365
14
282
-941
-1375
47
624
774
364
-218
46
609
444
161
-687
-583
147
-289
-247
-915
-665
381
34
129
269
94
-384
-661
-580
-203
553
183
-314
-84
148
542
511
860
1728
1298
1007
421
-939
-1268
-942
-19
-416
-1001
-622
-444
-151
-1045
35
1727
987
686
304
957
1246
-755
-1228
-405
-60
-230
-1303
-1703
-777
71
142
-43
415
1011
1433
423
-1150
-563
354
899
509
-444
303
858
174
-452
-164
343
314
-451
-1265
-560
-34
-330
-15
283
258
261
155
349
-118
-1214
-294
785
692
675
306
439
184
-402
-89
-103
-389
-302
-47
44
428
406
-301
18
111
-493
-852
-1241
-562
-37
-413
-75
231
667
990
201
-213
267
685
522
-88
-322
774
1551
506
-502
-479
638
675
-1216
-1872
-1619
-1365
-855
-221
661
993
1381
1775
1280
481
-261
-726
-852
-1028
-975
-711
-642
-45
398
282
525
605
749
688
1
-442
-648
-502
154
569
339
6
9
206
-176
-382
878
1768
1198
242
-640
-1346
-1495
-896
-590
-1320
-1611
-650
176
652
657
507
1443
1848
1101
447
406
925
350
-893
-1066
-1083
-1088
-737
-778
-479
2
-80
111
414
398
234
185
324
325
304
322
-153
-589
136
426
-106
363
997
1298
1155
-15
-645
-324
-562
-1527
-1962
-1102
-669
-1280
-779
331
474
234
621
1559
1855
1636
1484
1137
486
-395
-841
-539
-483
-1113
-1640
-1542
-454
402
-175
-503
62
775
922
209
-241
-148
-197
-658
-848
-73
713
802
783
948
1084
846
288
-20
-112
-524
-1314
-1453
-336
366
-716
-1384
-4
1049
878
501
271
585
895
595
-148
-490
58
602
52
-621
-335
-420
-375
14
-255
-663
-1118
-761
-88
-273
-606
-278
717
867
498
893
1332
1070
182
-622
-742
-194
14
-495
-748
-483
-43
135
106
-50
-115
554
586
-67
366
550
-66
-275
107
810
798
371
423
557
290
-411
-854
-631
-108
-98
-882
-1562
-1116
-366
-769
-1241
-623
407
395
-180
819
1801
1161
393
164
455
1015
1086
270
-570
-469
283
318
-859
-1696
-1710
-1016
-111
280
866
774
410
1126
1159
137
-735
-796
-149
261
111
-94
412
896
538
44
-141
-416
-1184
-1334
-535
-22
4
-333
-597
-130
895
1229
332
-222
173
512
511
500
152
-268
-404
-770
-564
-236
-655
-1037
-899
268
926
535
256
295
1347
1337
-359
-818
-182
228
-58
-882
-809
304
955
687
-31
-45
604
84
-520
-118
-299
-999
-1128
-347
717
557
-490
-522
249
900
1106
634
268
200
427
1023
964
-117
-1306
-1725
-1447
-1163
-1343
-1484
-1081
-191
896
1710
2078
1644
989
807
845
582
-751
-1860
-1355
-385
-340
-894
-921
-282
592
956
715
236
71
842
1298
566
-156
-109
-247
-923
-952
-247
405
522
260
606
940
114
-523
-729
-1219
-1426
-1462
-1214
-1045
-607
689
1488
1805
2066
2101
1635
645
-214
-834
-1260
-1482
-1229
-929
-696
-355
-288
94
404
225
314
557
573
892
1120
626
138
-256
47
349
-390
-1047
-1247
-600
8
100
280
155
256
579
305
-712
-1133
-855
-627
-181
-344
-167
874
1371
1229
799
582
130
-493
-321
-305
-823
-597
-277
-504
-325
178
589
418
169
541
581
312
131
59
100
-189
-346
183
517
-70
-532
-95
111
4
153
3
131
285
-165
-680
-1243
-1066
-642
-599
-424
-257
299
852
1066
649
141
475
395
86
-101
-271
187
366
49
-47
88
133
36
-51
-465
-984
-858
-265
350
785
818
677
638
663
280
-215
-75
-249
-488
233
502
-320
-757
-561
-1109
-1677
-905
-348
-535
24
1140
1569
1397
1277
529
-492
-572
-290
-329
-948
-1023
136
776
965
1062
474
124
159
-122
-875
-1393
-813
-19
288
286
-187
-478
266
1256
627
-466
118
658
544
588
179
-396
-587
-372
-578
-1156
-997
-509
-183
-93
292
1051
1148
832
658
729
365
-393
-612
-1152
-1550
-1004
-48
715
640
617
757
882
696
-150
-850
-1485
-1311
-652
-218
144
-42
182
557
411
132
165
733
1054
895
345
268
584
65
-496
-730
-1006
-825
-477
-518
-620
-384
272
1006
1285
937
671
597
323
213
-293
-1090
-1275
-750
-176
-199
-135
-181
-431
-308
-126
-285
-444
72
329
-20
-301
-147
462
587
335
565
1045
1162
1114
771
374
61
-382
-114
-645
-1629
-1248
-960
-830
-658
-385
221
662
859
545
199
-149
-78
271
33
258
142
170
1154
781
9
-424
-1080
-1169
-801
-427
-416
334
967
840
1195
747
144
-155
-478
-648
-906
-65
353
4
315
691
834
511
29
-1163
-2069
-1458
-1017
-665
23
1072
1804
1203
924
658
-41
-83
-618
-428
-7
-840
-63
466
-33
391
-151
-733
-689
-867
-890
-767
-311
345
913
891
1025
1148
545
264
-138
-206
77
-235
209
666
340
469
406
-153
-405
-394
-450
-878
-1468
-1514
-751
207
630
432
834
1523
741
440
574
-470
-714
-449
-432
-187
154
268
151
234
-158
-346
-684
-1409
-653
17
221
984
944
436
200
-121
-308
-752
-1161
-586
-146
221
929
1118
1672
1925
982
301
-442
-1415
-1511
-1442
-1039
-53
-8
367
991
30
-407
-216
-581
-375
42
265
529
705
926
464
-420
-259
-299
-722
2
136
-277
521
1263
842
-33
-210
304
215
-524
-490
-494
-1133
-684
206
303
-191
-186
500
79
-655
-453
-298
-537
-339
249
138
-17
244
533
518
-75
549
1342
279
-39
318
-95
156
709
656
104
-372
-244
-173
-262
-290
-471
-767
-915
-765
-395
-179
-312
58
564
168
-203
-107
-26
196
216
14
363
535
239
237
63
-249
-37
401
439
422
410
43
218
325
-518
-959
-994
-1057
-479
197
510
479
126
212
500
642
557
-55
-263
121
34
-331
-319
-512
-536
-110
-211
-126
208
296
790
1118
571
-59
-238
-442
-669
-725
-1113
-1849
-1435
-282
312
1164
1446
1159
904
455
839
581
-456
-474
-398
-134
719
734
415
368
-300
-491
-317
-792
-1112
-1041
-703
-630
-246
681
558
-62
-12
88
84
395
694
699
279
213
832
814
167
-443
-904
-1286
-1275
-927
-799
-125
542
731
1478
1595
866
780
380
-500
-815
-985
-680
-112
41
-9
-272
-258
105
255
52
5
-200
-574
-371
-535
-414
338
336
165
225
315
330
413
447
111
-84
97
542
393
-84
-257
-624
-684
-800
-839
-329
-13
200
260
273
208
374
558
79
118
273
331
832
638
4
-354
-672
-766
-503
-424
-115
439
637
864
585
-189
-728
-535
-238
-641
-396
179
113
-133
15
383
37
-191
-114
-530
-674
-37
630
603
437
651
702
590
343
-566
-1035
-794
-921
-765
-212
186
576
1285
1414
562
182
3
-247
-522
-951
-981
-1143
-897
150
932
1094
883
787
481
-221
-344
367
627
-92
-968
-1288
-673
-83
150
264
-346
-645
-307
-54
265
637
923
767
731
613
-31
-314
-593
-739
-662
-348
496
447
69
292
404
499
224
-410
-986
-1106
-586
-292
80
293
59
452
389
-88
310
555
317
176
-35
-392
-410
-257
-285
-276
-333
-265
-216
-207
418
1118
1139
706
134
-225
-183
-98
-101
-170
-314
-501
-335
360
253
-257
20
176
321
267
-364
-768
-1024
-827
-402
21
545
367
531
885
659
1098
1224
452
-217
-767
-1135
-1182
-566
161
-65
-570
-212
529
544
50
-369
-593
-531
-328
52
350
283
215
238
624
1176
1130
673
100
-428
-748
-717
-569
-615
-368
-142
-143
92
206
184
317
353
15
-391
-614
-519
134
427
188
137
184
454
343
-179
-412
-635
-519
-63
456
856
831
760
485
-266
-1064
-1272
-932
-479
-112
173
527
704
816
862
843
675
88
-644
-1199
-1148
-1084
-636
204
438
476
-157
-223
201
-77
672
1391
973
201
-407
-431
-330
-151
-488
-1198
-1076
-663
-339
345
895
1041
1095
760
27
-393
-487
-622
-386
-259
-366
-46
74
535
1179
903
471
272
125
-307
-677
-550
-406
-218
-303
-413
-83
201
284
17
-27
199
171
512
522
4
2
32
-388
-836
-901
-1147
-1328
-844
-628
-379
382
1281
2136
2276
1789
1225
310
-396
-489
-984
-1097
-678
-801
-620
-130
253
506
702
471
-346
-390
-150
-30
474
662
188
-309
-376
-574
-406
-27
29
36
-620
-789
-88
494
1161
1355
671
-351
-744
-537
-407
-167
-24
164
214
-308
-203
213
38
-83
-227
-460
-466
-127
17
32
561
672
371
61
-386
-397
105
630
849
972
359
-467
-238
-204
-632
-839
-760
-292
-37
-196
-162
407
805
550
370
70
-541
-555
-156
298
546
498
556
320
239
250
-381
-1015
-1129
-701
-339
97
473
519
1084
1192
674
432
122
-179
-576
-1305
-2246
-2385
-1400
-603
236
1354
1533
968
825
1235
1501
1207
485
-490
-1282
-1515
-1194
-539
52
525
587
328
133
-197
-302
-244
-372
-597
-392
354
263
-124
47
-40
197
935
1150
723
503
299
-504
-948
-994
-737
-54
179
308
373
198
131
141
174
-144
-129
62
-115
-42
-321
-434
184
525
466
-36
-867
-1025
-456
-48
339
673
958
898
73
-153
-39
11
-20
-981
-1597
-1295
-382
597
721
511
341
529
795
597
209
-573
-1181
-810
-275
-267
-308
257
1027
925
584
563
472
668
421
-386
-661
-389
-108
-163
-393
-747
-598
-55
-41
-116
13
407
704
564
368
116
-261
-946
-1430
-1170
-500
453
1142
862
320
556
884
592
385
202
-539
-995
-535
-98
-136
-322
-570
-562
-315
-240
-208
111
784
1197
810
292
127
53
-53
-74
93
245
47
-522
-961
-877
-450
-219
-120
196
187
248
645
595
510
673
877
495
-403
-543
-345
-279
-528
-1110
-1252
-1060
-347
274
377
782
778
537
795
426
-475
-533
-181
218
765
585
102
-54
41
190
67
-7
-286
-1094
-1625
-1080
-210
437
931
898
772
454
105
-229
-780
-750
-576
-88
695
713
534
812
937
291
-186
-473
-1156
-1236
-757
-387
-45
668
1334
1098
802
536
-318
-686
-671
-964
-1018
-779
-382
160
622
568
276
313
288
-9
-447
-551
-378
-294
310
1199
1431
936
22
-1160
-1619
-1079
-519
-12
388
908
1267
1115
1122
738
95
-313
-821
-1075
-1067
-1017
-1057
-877
-319
381
1361
1375
373
-166
-509
-634
-675
-529
285
759
922
1081
1056
1030
545
-416
-1047
-788
-331
-400
-627
-712
-499
-271
39
343
-301
-493
335
425
299
571
916
786
239
-232
-856
-1119
-1794
-929
1994
1674
-220
-498
72
1680
1664
-1100
-3074
-1922
477
1448
906
-45
365
2243
2860
761
-2062
-2942
-2166
-1131
-651
-1230
-581
1696
2667
2186
632
-1052
-1280
-802
-733
-1145
-645
660
1625
2301
1628
-68
-602
-23
-53
-992
-1693
-1478
-283
1273
1309
277
423
825
928
699
-403
-1292
-1335
-699
-545
-626
-511
-377
108
278
234
-737
-1363
-2288
-1784
3887
4762
1007
521
-59
991
2333
-392
-3597
-3246
-391
887
557
-304
-670
1265
3219
2135
-842
-2696
-2534
-1017
49
-1120
-1760
642
2666
2500
1275
-155
-422
383
772
-611
-1781
-1388
-850
124
642
138
75
922
1198
864
473
-201
210
516
-1
-1192
-2107
-1511
-942
-485
-1104
-1478
-2392
-584
6628
5545
116
-809
-2164
603
3124
-927
-4672
-3597
815
3102
2150
272
-1441
176
2795
1239
-1795
-3177
-2580
-187
1448
356
-699
1248
2755
2071
354
-2038
-3043
-1563
601
382
-281
416
1073
2166
1820
-703
-1993
-1108
-159
487
410
-332
-106
1276
2059
367
-1372
-1936
-1790
-722
86
151
-218
-90
-238
-520
-2685
-1650
4837
3352
-303
-216
-1275
2627
5065
818
-3186
-3774
-1063
608
520
-489
-2426
-867
2198
1657
-519
-2227
-2193
-228
1406
934
71
1249
1870
1351
476
-1143
-1686
-503
622
-294
-940
-330
150
1692
2199
-105
-1627
-1242
-744
-99
-355
-960
-154
1352
2004
1133
398
-39
-285
-212
-434
-1591
-2146
-2427
-3882
1968
7572
2548
-459
-1622
-1779
2878
3210
-1267
-4756
-3319
1087
2072
1371
-557
-2171
966
3360
1416
-1936
-4159
-3244
-456
1383
395
-161
1491
2473
2790
1235
-823
-988
-911
-419
-20
-105
147
255
667
673
-578
-932
-386
-316
-20
-17
-312
216
837
720
137
155
-213
-1297
-1251
-2056
-2770
-4061
-3094
6776
9555
2762
-297
-3411
-1011
4773
2834
-3182
-7329
-4452
582
3393
3754
-1284
-3227
1045
3424
2067
-1647
-4986
-4543
-233
2775
1571
1166
1079
597
2313
2156
-184
-1962
-1742
-97
943
2248
1398
-486
-146
-308
-718
-573
-1117
-1526
-1303
-318
651
1269
1764
502
-471
-684
-1678
-2868
-3962
-4050
-4901
1464
11054
7435
2297
-368
-2955
2127
4769
569
-5022
-6763
-2469
1059
3772
3233
-1821
-2048
809
1788
935
-2486
-5501
-5199
-948
2228
2770
2860
223
-91
2201
2352
1053
-1376
-1824
-448
1512
3007
1227
-562
-342
13
377
100
-978
-1729
-1427
-152
416
1013
467
-1440
-1311
-1520
-2068
-2569
-3291
-4877
-2542
8829
11416
5227
1545
-4155
-2843
2892
2725
-1715
-6904
-5718
-1486
3423
7689
3315
-2433
-2215
-282
1269
467
-3219
-6634
-5141
-476
2629
5043
3187
-642
-297
1239
2608
1316
-1562
-2733
-2496
634
2912
2531
1919
559
9
753
965
17
-1881
-2414
-1805
-573
1235
35
-1305
-1190
-1613
-1737
-2601
-4158
-5860
333
9542
8089
4772
349
-4473
-913
3258
3028
-952
-4527
-3753
-1066
4383
6411
1257
-2316
-2870
-1769
726
519
-2630
-5574
-4881
-1126
3608
6167
2925
-1164
-2519
-1243
1389
1949
630
-1949
-2440
552
2969
3995
2829
-354
-1651
-889
331
884
-630
-2381
-2604
-3
2646
2286
640
-1857
-3219
-3805
-3886
-5162
-4059
4424
6687
4574
3711
-1342
-1232
2144
2716
1319
-2103
-3210
-3238
-333
4804
4167
1130
-326
-1918
-1471
363
58
-2499
-4634
-4209
-1677
2820
4821
2247
-354
-1982
-1079
1510
2629
1308
-1543
-1764
-621
693
2501
1018
-1466
-2095
-1426
688
2088
2178
564
-492
851
1116
1536
796
-2460
-4948
-5843
-6203
-5369
2662
8467
6178
5056
256
-3146
-50
1575
1195
-1889
-4326
-4551
-2368
3395
5857
4670
3103
-63
-2195
-963
110
-1602
-4310
-6086
-5613
-991
4408
5382
3845
1165
-1111
-431
1437
2209
186
-2284
-3308
-2708
971
3473
2388
937
-463
-947
592
1685
1016
-699
-1567
-1666
-1043
872
598
-843
-2617
-4362
-5049
-3322
4955
8472
5695
3881
-2295
-4123
-209
1540
1451
-1490
-4348
-6245
-3620
3080
5672
5442
2849
-1879
-3268
-1001
729
133
-1416
-3523
-4122
-319
4156
5565
4559
1082
-2733
-3789
-1957
458
852
-257
-1893
-2197
452
3071
3645
2505
-3
-2054
-1988
-500
391
482
253
-655
-807
738
1590
1107
123
-2398
-4364
-5746
-4670
2696
6528
5612
4107
-1542
-3099
152
2723
3880
729
-3298
-6576
-5830
-688
2609
4548
3190
-662
-1906
-692
1303
2124
1155
-2107
-4845
-3463
-742
1978
3999
2530
-441
-1605
-1220
-105
1724
2402
530
-951
-1067
-1057
237
1623
976
-83
-447
-372
1011
2606
2663
1372
-207
-1532
-2586
-2135
-1607
-2492
-3540
-4130
-4763
-3586
3110
7681
6781
5395
254
-2729
-410
1275
2060
589
-1750
-4814
-5757
-1434
2416
4975
5442
2114
-1670
-3568
-3446
-2167
26
81
-1944
-1573
213
2580
5310
5435
2737
-514
-2406
-2976
-2487
-1115
-868
-1586
-1823
-1561
-211
1442
1895
1470
742
-35
-465
10
1117
1539
1124
278
-503
348
1547
1382
945
-316
-2227
-3718
-3982
-3364
-2876
144
2700
2487
3409
2627
1004
1524
1643
980
-1014
-3339
-4952
-4848
-1940
682
2892
4419
3376
1969
1139
490
66
-256
-1022
-2763
-3224
-2208
-1123
634
1970
2387
2131
1107
165
-497
-890
-1711
-2589
-3017
-3442
-2170
477
2840
4642
4557
2975
1515
861
821
57
-1055
-2255
-3711
-3424
-1783
-305
885
1369
1665
1651
775
-317
-532
-101
-542
-1351
-1598
-1184
-85
1163
2337
2905
2369
870
-834
-1690
-1541
-1207
-1253
-1162
-1245
-1445
-768
304
1252
2105
2607
2004
531
-565
-931
-664
-449
-141
174
-227
-325
-338
-562
-139
20
-860
-1637
-1627
-1430
-428
1117
1898
2379
2682
2778
2244
1282
1031
384
-776
-1722
-2320
-1869
-1415
-1225
-824
-953
-1022
-840
-554
-88
-201
-302
25
419
1011
1159
821
1110
1911
1839
873
-8
-833
-1375
-851
-311
-704
-678
-475
-604
-123
451
742
867
472
-401
-818
-716
-577
-8
246
254
369
242
383
639
888
802
454
394
280
-58
-105
249
-242
-516
289
85
-835
-1294
-1209
-1125
-973
-972
-2409
-1464
1565
1746
2475
2835
875
693
318
-463
-304
-214
-377
-1826
-2345
-1838
-1023
649
1231
1412
1154
704
1010
1181
1358
689
-291
-1053
-1705
-1471
-1103
-155
669
916
1264
752
736
671
-191
-189
-431
-1151
-2004
-2294
-1422
-758
240
1115
1049
1550
2151
1379
436
271
-277
-811
-1448
-2092
-1278
-374
100
544
592
518
401
1175
1735
739
87
-270
-1013
-855
-10
240
8
306
358
-251
214
548
12
357
258
-640
-808
-1106
-1935
-1208
125
-540
-522
331
438
1597
1705
184
-584
-450
323
673
825
930
378
109
-139
-768
-654
-163
-553
-1105
-1307
-1382
-515
656
751
677
1263
1585
1434
1154
329
-574
-331
165
-678
-1328
-806
-469
141
904
400
-393
-735
-1277
-783
500
187
-74
1009
1053
385
329
-653
-2202
-1640
-208
485
1311
1264
742
958
1038
1024
723
-181
-960
-1392
-1274
-1226
-1861
-1413
-313
-5
965
1460
756
953
1073
373
212
475
390
80
61
-81
-500
-250
74
-473
-907
-1171
-1236
465
1690
589
305
538
298
947
1074
-200
-1393
-1171
-771
-976
-644
-349
-331
-247
-463
-1218
-1158
-401
-337
669
1289
851
1271
1392
1912
2179
1124
678
-41
-681
-713
-1711
-1690
-863
-894
-325
-63
-269
286
1125
1337
698
562
199
-624
-276
505
103
-831
-570
-721
-618
660
-169
-1105
-395
205
898
574
-227
314
947
678
-22
-427
-534
-549
110
275
-796
-1145
-690
-526
-269
-499
-1291
-827
571
1703
1643
520
895
1105
811
1924
1371
750
944
-216
-894
-1592
-2011
-1973
-2227
-1314
-98
-183
-929
-815
-122
1191
2659
2457
1025
-297
-55
906
678
15
85
304
3
-585
-1662
-2260
-1565
-728
-406
315
1229
1365
1102
893
1361
1213
422
565
176
-817
-1317
-1235
-393
135
-643
-1420
-1996
-1822
-284
-499
-1126
-345
-318
-202
372
2056
4536
4177
3141
3085
1130
150
318
-1091
-2797
-4007
-3819
-3184
-2576
-1999
-1395
-402
440
2191
2848
1892
548
-128
1130
1763
2092
1969
227
-369
309
-332
-1338
-1081
-1054
-1176
-664
-43
-441
-884
305
1094
953
1395
1526
770
632
461
-481
-2340
-4107
-3437
-1805
-406
-338
-135
1322
1709
2695
2802
867
-62
328
945
1551
1838
1030
-538
-1736
-950
-301
-1284
-2240
-3124
-3063
-1733
-162
221
452
1273
2344
2660
1053
917
1100
577
988
968
521
-517
-541
233
-214
-550
-178
-882
-1622
-1246
-1723
-1831
-1520
-762
953
2074
2524
2073
1475
929
1388
1242
-1737
-4635
-5355
-3278
-576
1293
2085
1210
830
2274
3107
2283
1875
497
-512
-233
-585
-272
-407
-713
-801
-1157
-1822
-2115
-1422
-1550
-839
267
880
859
97
575
888
1785
2614
2262
1542
324
-325
-1168
-1154
-1346
-2355
-1358
464
922
195
508
441
218
1364
754
-1682
-3249
-1696
139
562
1188
300
-1009
-1506
-383
996
185
-327
-987
-1196
1220
3211
3210
2846
2344
1390
231
-840
-769
-1013
-1931
-2178
-2772
-2787
-1972
-852
-153
23
831
1517
1588
641
659
1041
941
1708
464
-585
411
994
537
-200
-429
-1296
-1357
-852
-1318
-1895
-1447
-92
1145
3142
3986
2357
-370
-1794
-1257
-1843
-3062
-3297
-2867
-2395
-477
1874
2695
3209
1960
1158
1874
2598
3494
1646
-901
-1650
-1864
-1375
-551
-413
-1045
-1048
-752
-639
-889
-1404
-758
-633
-481
399
-509
-553
1149
1836
2023
2326
1711
322
508
1757
1148
-1025
-1669
-1215
-1174
647
1914
243
-1767
-2199
-1308
-478
183
-633
-2333
-2275
-522
399
83
431
88
309
853
740
1188
499
916
1643
1636
2321
1757
849
-269
-917
53
1011
242
-1378
-2489
-3306
-2440
-2196
-2754
-850
1011
1182
1116
765
209
1044
2227
2522
1386
-774
-1455
-1481
-5
2787
3055
966
-910
-999
-804
-997
-788
-1068
-1889
-1502
880
2155
1594
888
-884
-2540
-2872
-1788
-1060
-2059
-531
1354
1247
1999
1439
1216
2843
4066
3941
1332
-1562
-2372
-2274
-2132
-1059
-1321
-2771
-2036
-418
696
1010
1113
562
298
2106
2590
-70
-2430
-1399
-315
603
2130
829
-702
-1035
-566
330
685
745
-425
-1458
-441
1493
1404
668
-225
-1307
-109
-94
-976
-1049
-1779
-2890
-3772
-2293
-199
1527
3150
2690
2361
2575
2008
2759
3257
2439
1909
-835
-3326
-3558
-4248
-2452
414
512
215
-560
-2412
-1625
742
1356
695
-1136
-1246
246
766
1394
577
-531
511
1049
542
965
805
-210
174
518
433
814
454
-78
-164
-437
-434
-638
-1188
-1373
-1380
-321
323
-401
-1922
-3410
-1878
494
2619
3216
639
838
1856
1508
2855
1817
-299
-725
-2106
-2490
-1850
-1434
613
1491
588
946
-27
-1647
-554
284
1092
1598
-1238
-2638
-1782
-1085
1201
2054
732
-268
-950
130
2431
3772
3529
927
-2611
-3304
-1725
-835
-517
-1505
-2198
-715
774
2525
3285
1970
-162
-2550
-4988
-6113
-2083
1893
4069
6023
1529
-944
911
1095
4427
4087
-1411
-4941
-7489
-5145
322
2911
4863
4124
-477
-1931
-284
1145
3392
674
-5475
-6530
-5581
-1952
2661
2133
1334
769
447
3988
5809
3859
1464
-2029
-3734
-2652
-1979
-768
168
-172
429
1746
2317
3396
3111
770
-562
-3154
-4259
-3800
-4932
-5740
-5883
-711
4653
7475
8698
3181
1309
2033
221
1429
-824
-5373
-6662
-7019
-3859
2212
5166
5879
4560
669
-245
211
-747
-1151
-4296
-7867
-5715
-1289
4091
8062
5496
2448
1125
256
1985
2155
-460
-3474
-5650
-4085
285
2899
2727
673
-1668
-1170
1160
1844
1225
-325
-2405
-1659
122
1196
927
-1950
-4172
-6513
-3378
3918
6081
6924
2074
-2898
71
1438
2938
2445
-3584
-6551
-5473
-2568
2772
5538
3614
1461
-952
-1039
1779
1151
-1518
-4379
-7024
-4346
1353
5043
6135
2470
-1283
-836
332
1863
1762
-1282
-3501
-2876
-398
2269
2928
827
-1267
-1699
-66
2247
2999
1957
232
-1083
-786
927
53
-1815
-4503
-7093
-6390
-5117
1943
7394
6201
5773
-301
-2282
2514
2307
2359
-358
-6061
-5533
-1443
2629
5968
4472
147
-1175
-1128
-207
914
-1883
-4912
-5496
-4560
818
5142
4303
2136
-1604
-2367
966
2751
2281
162
-1845
-1942
234
2364
2706
1262
-1574
-2998
-2071
152
1463
651
-889
-574
507
1571
2839
263
-2272
-4054
-5608
-5092
-4250
3326
8245
6664
6036
-800
-3070
1018
82
239
-1587
-6354
-5632
-1714
2424
6264
5730
1251
-1451
-1619
-733
473
-1707
-4633
-4901
-3345
2477
6568
5089
2406
-979
-1922
0
1237
597
-848
-2134
-2513
14
2511
2287
643
-1789
-2801
-1119
739
1386
435
-508
713
2166
3210
2437
-607
-2955
-3344
-3395
-3689
-4680
-6301
491
8104
7920
6829
-1474
-6070
-402
1693
3433
1819
-4551
-5306
-1333
2677
6153
5130
-639
-3101
-2615
-1332
1155
-350
-3957
-4580
-2944
2059
6202
4562
965
-2927
-3815
-720
1606
1317
-790
-1393
-277
2183
4106
2669
-167
-2582
-2742
-941
779
935
-477
-1133
383
2436
3165
2197
-743
-2972
-3128
-2080
-2372
-3347
-4318
-5412
2176
9043
7474
4830
-2999
-5612
443
3757
5284
1616
-5100
-5501
-1316
2949
5372
2009
-3625
-4425
-2472
-42
993
-1163
-3488
-3411
-976
3800
6683
4174
499
-2595
-2886
61
1672
1367
-641
-1692
367
2595
2905
1147
-2286
-4423
-3035
-406
1011
424
-590
-397
1769
3519
3125
2238
-285
-1721
-1643
-1638
-1753
-2908
-4029
-5521
99
7020
5773
3885
-2662
-6582
-626
3339
4957
2444
-4293
-5598
-1099
3293
5164
2891
-2318
-3794
-1054
1533
2115
-296
-3223
-3336
-694
3225
4789
2176
-1582
-4491
-3903
-683
825
859
-366
-810
1451
4113
4498
1931
-1114
-3017
-2499
-26
1419
910
-478
-715
839
2339
1903
342
-2496
-4239
-2130
-786
-667
-1407
-3181
-4267
-2680
4713
7794
5212
2950
-3547
-3996
2604
4641
3597
-891
-6306
-6276
-1070
3502
3399
572
-2818
-3022
45
2219
2064
-705
-2778
-2147
557
4707
5320
1736
-1795
-3697
-2458
386
1434
271
-1196
-914
466
1434
994
-128
-1774
-3465
-1657
1333
2308
2047
300
-425
1413
3401
2677
-436
-3021
-3368
-2060
-1186
-814
-1604
-2274
-3257
-3243
3637
7367
4551
1286
-4318
-3621
2442
4381
3436
-300
-4197
-3832
521
3958
4041
1432
-2703
-3280
-1250
295
608
-2025
-4332
-4364
-882
4893
5346
1965
-503
-2488
-1349
1979
2406
513
-357
-421
-118
1307
1756
88
-2073
-3170
-2098
250
1576
821
-1001
-1520
704
2619
1954
812
-904
-1847
-951
-251
317
-593
-2549
-4926
-3412
4420
6733
4232
624
-5341
-2897
3062
4180
3167
-1730
-5506
-3253
1104
3720
3894
1018
-2939
-3322
-1495
352
1190
-739
-3270
-2965
1162
5339
5465
2288
-2396
-4989
-2736
-242
47
321
-527
-1243
1197
3639
2943
1461
-454
-2439
-1103
1110
1295
699
-422
-722
558
1786
1840
-297
-2706
-2882
-2884
-1738
-787
-2433
-3675
-4113
1262
7406
6561
5030
-740
-4910
-555
3000
5432
3411
-4066
-7483
-3897
1978
4784
3181
-2125
-4752
-2098
293
1546
1084
-1779
-4192
-2762
2760
6100
4523
1202
-3061
-3917
69
1991
1153
-436
-1997
-1289
1131
2839
2126
524
-1182
-2496
-1285
648
995
-291
-1279
-395
1123
2281
2305
597
-1649
-2900
-2500
-347
285
-1530
-4812
-5893
2433
8424
6545
4652
-2610
-5674
649
3843
3361
-311
-5451
-6983
-3040
2791
4957
3228
-1034
-3509
-1938
1058
2134
-78
-2424
-3868
-2805
2748
6613
5092
1374
-2355
-2721
584
2847
1799
-1213
-3290
-2868
-130
1896
1322
-1048
-3882
-2912
574
1985
1828
1446
606
-227
1465
3213
2203
-180
-2452
-2768
-1803
-32
-375
-2966
-5937
-7056
1339
8095
6306
3747
-2978
-5142
689
4944
5950
1201
-4795
-5938
-1494
4721
6787
4268
-1241
-3957
-2380
-337
437
-1694
-4392
-6057
-4322
1870
5192
4110
1919
-1314
-2836
-700
2505
2956
323
-2032
-2115
81
2552
3414
1533
-2380
-3131
-222
1863
1790
145
-1374
-1476
28
1829
1638
-713
-2695
-2080
-791
453
909
-583
-3095
-4779
1039
7053
5800
3940
-2178
-6110
-1577
2653
4039
323
-4437
-5940
-3837
1980
5904
5753
960
-3493
-2882
-648
1113
481
-1866
-4612
-4399
1946
6378
5092
2541
-894
-3075
-1656
932
2090
723
-1501
-2055
-273
1826
2304
1217
-2121
-4257
-2546
-351
1654
2410
1134
-288
-376
2022
3021
936
-1785
-3311
-2624
-1387
878
370
-2589
-4455
-4411
3349
7757
5842
3959
-3982
-5908
-17
3204
3778
143
-4381
-6348
-2514
3324
5727
5098
213
-3130
-2603
1
2132
583
-2035
-5089
-4418
1315
4642
4420
1663
-2987
-3969
-425
2338
2584
1463
-791
-2246
-431
2169
2598
711
-2438
-3540
-1719
901
2591
2122
346
-551
103
1430
1732
107
-2335
-3758
-3380
-1329
983
380
-1243
-4125
-4900
3388
7275
5490
3331
-3632
-3083
2076
4021
4859
439
-5796
-8197
-3840
1330
4034
4738
259
-2961
-2322
1128
3283
1023
-1765
-5239
-4065
1880
4596
4660
2515
-1658
-2838
-316
1303
1320
262
-2446
-3099
-710
1264
2055
1154
-1328
-2799
-1287
1327
2133
1660
264
-572
205
1221
1643
669
-746
-1854
-1589
-343
135
-807
-2517
-4818
-6973
-449
6620
5420
5048
-281
-4107
1570
5118
5758
1853
-4559
-8062
-6786
29
4640
5528
3166
-520
-1031
28
1142
-738
-3508
-5594
-6576
-1693
3346
4951
4527
1103
-1395
-665
1336
1883
1325
-899
-3491
-2025
223
1762
2513
1017
-940
-1811
-408
754
1025
492
-1314
-1607
-232
1802
1725
-182
-1651
-2032
551
2442
1513
-814
-3334
-5641
-5579
1855
6771
5226
4096
-894
-2656
1980
4089
3246
-1637
-6906
-8676
-5696
1019
4457
4532
2230
-652
-791
1181
2288
130
-2006
-4857
-5557
-304
3581
5014
4274
1035
-544
-229
899
790
-732
-2543
-4060
-2536
587
2390
2583
746
-1083
-569
1479
2331
573
-1107
-1619
-1478
244
1377
891
257
-642
-1273
-353
1037
489
-1396
-3317
-4405
-4908
-2782
3461
5538
4143
3185
-22
1269
4989
4494
1272
-4378
-7644
-7397
-3874
1841
3176
2600
2057
965
1969
3148
2413
-1070
-4495
-5520
-4203
270
2904
2381
819
-1106
-504
1482
2536
1157
-1516
-2744
-2432
-820
713
1831
1639
413
475
857
1604
2000
404
-742
-1061
-1563
-926
39
-456
-1436
-984
-147
982
2324
1580
-14
-2495
-5142
-5848
-2460
3448
3870
3000
2422
164
2814
5329
4241
226
-4858
-5927
-5659
-2695
764
260
122
437
755
2306
3741
3179
338
-2257
-3305
-2675
-214
1636
1078
-247
-945
239
2394
2999
1953
-916
-3036
-2803
-1691
426
723
-880
-1165
-296
1394
2633
3022
2234
-211
-1640
-1441
-561
-150
-939
-1407
-1178
-27
1439
1387
321
-675
-1796
-3127
-4377
-3232
1201
3216
2623
2567
1024
1639
4502
4790
2821
-1052
-3648
-4147
-4075
-1836
-497
-1645
-1502
312
1748
2912
3363
2374
563
-1949
-2245
-907
-1231
-1158
-1906
-2570
-466
1775
3613
3471
2177
1463
31
-318
-429
-1559
-2813
-3436
-2622
-1149
619
2021
2910
2806
2221
2345
1831
967
-370
-2081
-3040
-3185
-2283
-1501
-1051
-465
-84
-25
-850
-2034
-380
3165
2987
981
251
154
1745
3218
2873
1270
-994
-2123
-1560
-1103
-985
-1041
-2310
-2765
-1559
625
2940
2954
1713
690
120
237
488
-239
-2260
-3254
-2763
-1268
723
1806
2156
2058
1709
1180
973
360
-1308
-2378
-2828
-2307
-636
808
1240
654
749
1570
1976
2144
1453
-152
-987
-547
-687
-1331
-1449
-1618
-938
-115
-353
-658
-1470
-1820
-269
1655
2272
1350
130
-200
689
2453
3664
2952
934
-981
-2529
-3051
-2576
-2250
-2057
-1667
-645
384
529
898
1303
967
551
398
917
1747
1808
816
-428
-732
-412
-97
76
-344
-819
-610
-157
46
-104
-499
-753
-721
-779
-803
-15
1050
1170
841
1152
1632
1355
565
-399
-1418
-1753
-959
-205
-254
-150
32
-8
184
157
-560
-1064
-609
-254
-153
170
381
776
633
-96
-84
14
92
686
782
333
-40
17
361
236
131
195
119
268
185
-161
-625
-1188
-1104
-796
-498
433
1185
1002
343
-36
-153
-477
-347
131
178
27
-114
103
176
171
732
339
-787
-1244
-993
-236
-143
-290
40
58
258
997
1235
479
139
313
-481
-864
-133
103
130
572
786
187
-609
-566
-170
-36
-373
-1193
-1695
-1172
134
848
684
1105
1898
1486
776
604
25
-456
-767
-1170
-981
-503
-389
-218
340
378
-206
-665
-495
22
503
594
-51
-68
161
-22
-123
-17
1163
1559
275
-494
-237
299
707
579
-147
-698
-1280
-1428
-1575
-1697
48
488
-381
263
91
252
1878
1923
508
-115
393
456
32
-62
-901
-1464
-369
530
325
29
-110
-391
-431
-481
-910
-892
-47
774
823
883
926
642
944
981
-57
-1000
-1009
-350
556
994
341
-351
-405
-553
-769
-798
-1314
-2103
-891
1412
898
-559
-229
638
2177
3019
1379
-603
-715
-69
-246
-725
-1339
-1767
-1258
372
856
-482
74
924
554
830
320
-513
-395
171
210
-298
-303
-134
364
1092
894
-243
-708
-335
-433
-45
658
678
693
434
-510
-1287
-1250
-1726
-1387
688
54
-1663
-1001
292
2286
3461
2271
912
864
1146
422
-702
-1836
-2844
-2625
-880
22
-824
-531
638
1622
2542
1583
-425
-878
-181
-235
-980
-1487
-1125
280
952
559
205
242
1212
1948
1730
1053
84
-203
-423
-1057
-1689
-2356
-2724
-2820
-703
2026
1172
-145
897
2037
2081
1553
269
-1021
-876
-297
15
-299
-1424
-1932
-751
1409
1689
278
233
1107
1329
1056
149
-1751
-2746
-1277
221
22
-593
-488
639
1413
669
-279
-307
233
658
839
524
-45
-102
10
449
737
-210
-1425
-2497
-1717
2339
3372
-572
-1774
-296
0
1050
1504
-165
-1131
-1395
-901
536
-483
-2391
-1714
-395
848
2015
1351
515
1476
1756
817
-227
-1793
-1987
-616
25
-174
-193
302
974
1645
1704
1124
393
-356
-686
-711
-764
-828
-707
-147
490
342
161
163
-934
-2297
-1816
605
649
-1462
-993
32
781
2644
2901
895
-276
-33
417
1114
-219
-2263
-1690
-874
-135
1053
-164
-2202
-764
1365
1081
153
-885
-757
1135
2507
2211
1364
628
91
367
224
-554
-1690
-2778
-2034
-1236
-1593
-1261
-44
927
1813
2920
3279
2423
23
-2328
-3367
-3663
-944
2167
-21
-1792
1028
1616
803
2117
558
-2081
-695
1139
739
-414
-1484
-1094
781
1910
2014
885
-1774
-2552
-178
745
-1483
-2627
-1291
-73
1039
2391
1987
692
1199
2532
2249
59
-2281
-2771
-1654
-316
275
-301
-331
618
701
637
528
-499
-673
-370
-1210
-2546
-3534
-885
4524
4235
787
1767
1704
-330
966
291
-3933
-4888
-2842
-1166
-262
-519
-547
1697
3990
4207
3592
1357
-995
-789
-985
-2298
-3562
-3558
-739
1988
3452
3424
1040
-317
385
192
-1125
-1702
-1757
-1575
-319
686
495
810
1495
1478
1699
1376
-57
-854
-1405
-3061
-4268
-4029
-3662
-252
5084
4621
2245
3393
2686
1022
1738
-801
-5373
-4743
-1996
-1194
-96
497
179
1934
3281
2026
434
-977
-1019
-184
-381
-1172
-1997
-1191
1005
2277
2857
2708
1139
200
184
-1349
-3041
-3333
-3208
-1632
606
529
121
1819
2967
2564
2835
2470
146
-913
-1092
-3023
-4334
-3645
-3358
-1733
3177
4115
1148
1997
2609
1216
1591
174
-3222
-3316
-1488
-816
32
-479
-1283
1490
3851
2759
1107
52
-1191
-1634
-1061
-1768
-2486
-1521
-963
427
3270
3411
1550
1537
2092
1014
-346
-1896
-3756
-2890
-868
-1112
-1320
78
1388
1897
2194
1618
214
4
399
-454
-1979
-2683
-2506
-1684
1488
4624
3189
1345
1703
1119
1050
288
-3171
-4937
-4391
-3015
-219
615
-586
1044
3376
3367
3033
2376
843
-693
-1669
-2689
-3880
-3209
-1445
54
1955
2404
1629
1868
2122
1687
483
-1189
-1613
-1147
-1088
-1346
-1831
-1413
242
1420
2223
2560
1846
1573
1742
937
-773
-2238
-3591
-4980
-3174
327
-415
-1202
2194
3628
2734
2998
2018
233
-490
-1647
-2774
-3156
-3003
-1440
-133
718
2428
2308
1419
2522
2949
610
-1948
-2629
-3238
-1991
589
-437
-1108
446
1459
3316
3876
1790
86
-379
-456
-741
-1886
-3524
-2957
-422
827
958
961
928
1375
1290
439
-263
-1476
-2674
-2734
-1469
439
522
222
1710
2496
2723
2684
752
-658
-577
-1135
-1728
-1856
-1801
-1261
-879
-18
1117
1275
1488
1418
540
117
84
-358
-916
-312
363
-876
-1687
-614
68
122
345
716
1639
2130
1872
1432
-192
-1500
-1468
-2368
-2661
-1023
-188
181
1340
2052
2075
1773
690
-539
-484
-988
-3004
-3516
-2505
-1199
200
765
1281
2388
3270
3341
2481
1231
328
-647
-1925
-2568
-2639
-2686
-2755
-1435
847
1464
1489
1371
1176
1825
1328
232
-101
-573
-842
-635
-429
-91
464
576
666
991
418
-329
-797
-1530
-829
210
-689
-741
364
321
221
525
-228
-1049
442
1331
-160
-433
182
158
644
1377
406
-1276
-1188
-791
-827
-345
-178
-1493
-1966
920
3055
2124
1067
1116
1642
1371
-449
-2728
-3198
-1692
-739
-1129
-777
709
2064
2831
2525
1754
1004
465
-134
-1486
-2363
-2268
-2113
-2455
-1698
125
92
90
2035
3030
2455
2021
436
-1571
-508
1051
-72
-1631
-1537
-880
-563
-203
-364
-157
719
930
940
940
608
500
353
-454
-669
-310
-625
-682
-85
47
-119
-380
-1290
-1004
-640
-955
877
1453
54
-417
15
1510
1850
807
-18
-172
607
1062
41
-1249
-427
1346
1495
569
665
490
-717
-889
-1847
-3270
-2843
-1395
-576
-1149
-1444
-1123
346
3073
4167
2509
-58
-835
270
1164
1084
1066
760
-78
-72
-223
-1405
-1753
-545
-596
-1638
-1844
-2223
-1180
1024
2200
2310
2227
2386
2038
1533
720
-433
-1725
-2287
-2194
-2602
-2531
-2233
-36
3008
3052
1834
1457
2348
2551
875
-1233
-2810
-3420
-3275
-2486
-1516
-657
107
1680
2705
2358
2606
1569
-202
-821
-1047
-1143
-2255
-2637
-1612
-1102
656
3214
3039
1111
-156
-485
399
1537
1069
-80
-169
-85
-230
-525
-889
-628
-688
-845
-204
-268
-1101
-477
687
737
664
453
204
456
858
1082
1105
606
-231
-690
-752
-937
-2100
-2470
-2270
-1205
2135
2419
318
-342
384
1984
1701
415
-1315
-2238
-586
580
684
836
1059
1067
1334
1910
899
-1289
-2469
-2600
-2632
-2389
-2557
-2316
203
2304
2015
1301
1046
1023
1611
2244
1756
790
452
51
-640
-1132
-1695
-1717
-981
-185
229
-27
-64
592
922
751
653
219
-411
-464
-55
480
-145
-1128
-537
-377
-744
-526
-577
-510
-418
334
349
-465
1428
2822
1337
-98
47
418
-653
-1023
-1313
-2487
-1905
-5
816
215
360
1410
1863
1696
1152
-23
-1458
-970
407
-78
-1079
-868
43
846
1324
1076
294
-33
-244
-876
-1146
-900
-586
-204
66
-25
-247
388
1401
581
-920
-788
-648
-654
78
81
213
817
957
986
804
933
1047
626
1
-763
-1193
-1427
-1118
-723
-1323
-1181
-823
-1108
753
2497
1100
-363
234
1264
843
32
-551
-1036
-599
190
693
839
1442
2023
1711
819
-488
-1437
-2320
-2164
-1290
-1595
-2155
-1627
643
2114
2249
2313
1032
349
780
-106
-1646
-1695
-940
-913
-692
135
707
646
926
962
-297
-1090
-724
151
690
567
290
267
853
1311
848
292
379
154
-48
-180
-1038
-1556
-1219
-519
-938
-1628
-1679
-1200
1652
3262
1385
74
471
1277
1167
156
-882
-1757
-1886
-1393
-1447
-1713
-481
1852
2390
1716
1968
1176
433
1041
543
-696
-2188
-2379
-733
-355
-662
-956
-1088
677
1856
1142
389
175
1070
1389
534
-210
-925
-780
-755
-1414
-1469
-1373
-838
135
541
804
1252
1439
1252
1024
1063
919
298
155
228
-661
-1100
-542
-254
-513
-1421
-2237
-3046
-2127
1490
2818
1143
586
1967
2631
2052
1494
7
-1359
-1803
-1809
-1745
-2127
-2062
-1826
-1404
-117
1683
2251
1598
1791
1666
468
-709
-1385
-1457
-1084
-561
-131
382
730
900
1061
1429
1495
1061
374
-680
-445
-9
-987
-1712
-1360
-289
365
828
1124
604
749
1156
492
-124
-410
-116
15
-1074
-790
-611
-1481
-578
398
419
-444
-1035
-452
-352
-1088
-1846
-921
147
111
690
1243
1371
2129
2442
1072
164
-226
-894
-846
-419
-45
-512
-969
-399
584
977
771
735
21
-463
116
724
626
179
9
-333
230
737
-380
-1683
-2288
-1525
-396
266
1079
689
-59
390
455
598
625
-352
-530
-581
-739
-448
-692
-633
-131
195
334
665
1406
1324
825
552
25
-464
-1364
-1737
-994
-259
545
871
912
796
767
1167
412
-50
38
-1017
-1657
-1420
-861
25
487
78
548
1714
1134
-116
-1318
-2341
-2456
-1449
672
845
185
1248
1573
2135
3114
2298
405
-1288
-1399
-1167
-1894
-2260
-2373
-2123
-942
933
2640
2335
1439
1915
1701
919
300
-1257
-2385
-2012
-963
-662
-1287
-1174
-100
947
1538
1563
865
-60
-12
680
180
-955
-1114
-566
326
712
238
-601
-909
-428
21
1003
924
35
279
186
614
946
778
810
-523
-952
-404
-591
-817
-1316
-1297
-702
302
1086
545
107
197
5
-246
-296
-229
-259
-323
-236
-294
-45
702
753
512
587
825
1109
722
207
9
-252
-125
344
116
-655
-1059
-1406
-1978
-2260
-1815
-764
790
2041
2425
2311
1754
2008
2408
1578
-72
-2204
-2606
-1738
-1402
-1508
-2312
-2061
-832
737
2695
2468
773
-401
-950
-395
63
-199
-809
-1577
-925
803
1732
1815
1365
1055
1418
1665
1418
63
-1563
-1291
-579
-508
-572
-1168
-1333
-897
-559
-689
-1070
-290
984
970
721
780
277
480
898
658
99
-1091
-998
-372
-313
-116
-723
-938
-485
558
1689
1400
916
184
-225
215
-2
-466
-871
-983
-862
-711
256
888
520
623
1212
1330
1047
561
-28
-524
-514
-26
-303
-803
-1072
-1807
-1721
-1140
-463
801
918
167
304
1120
1435
1058
792
131
-932
-1283
-1346
-1222
-897
-956
-401
275
529
1649
2470
2019
1289
761
-113
-954
-802
-1017
-1634
-1377
-518
530
917
823
776
373
541
1059
652
-74
-836
-1067
-949
-1343
-1412
-1613
-1596
-878
403
2626
3076
1445
152
4
584
518
349
-268
-1731
-2086
-1155
-291
-316
-705
-495
404
1282
1996
2467
1621
271
21
536
285
-1071
-1930
-2036
-2145
-1913
-668
370
340
1079
2059
2540
2578
1557
935
-59
-1136
-1251
-2135
-2885
-3034
-2844
-2125
-234
2112
2130
1704
2039
2143
2267
2182
1632
-138
-1707
-2230
-2017
-1411
-1840
-2013
-1421
-542
999
2085
2398
2093
1382
1187
939
-106
-992
-1509
-1857
-1550
-1007
-592
-172
130
630
1208
1506
1652
1188
1165
1540
353
-1239
-2409
-3055
-3007
-2398
-875
-160
-408
-1
1484
2674
2666
2628
1894
1072
469
-430
-510
-1233
-2231
-2027
-1445
-953
-334
461
630
766
1165
1522
1429
527
-138
-884
-1129
-932
-1259
-1109
-1005
-592
751
1493
1253
906
892
1394
1669
696
-633
-2070
-2710
-1444
-265
-206
-1044
-1482
-307
1079
1976
2367
1576
218
-178
581
834
-301
-1238
-1651
-1828
-703
385
381
276
151
338
698
618
682
473
-244
-92
421
270
-275
-681
-735
-644
-47
304
-10
-235
-176
307
251
42
74
-726
-807
-41
293
209
-546
-478
86
299
1199
1313
769
462
179
292
16
-401
-1041
-1796
-1519
-1026
-977
-486
413
573
748
967
649
776
1037
1237
810
69
178
84
-44
189
-100
-694
-823
-738
-747
-103
297
-515
-1177
-973
-162
846
1176
510
-522
-753
85
602
241
111
306
56
268
975
728
407
108
-860
-1077
-788
-993
-1112
-549
119
32
47
499
679
587
242
114
385
493
415
334
532
815
665
518
240
-138
80
-102
-942
-1613
-2264
-2490
-1789
-811
-103
439
473
569
1645
2541
2421
1806
1337
548
-681
-696
-343
-887
-1501
-2081
-1752
-742
-130
484
437
-80
-248
-74
563
726
544
418
132
535
690
181
453
908
1080
1049
575
219
161
521
395
-608
-1504
-2526
-3249
-3290
-2625
-1638
-901
-15
371
1158
2612
3173
2934
2169
1919
1840
1202
809
-49
-1231
-1917
-2443
-2402
-1664
-949
-892
-1308
-592
264
-22
303
840
981
976
895
1067
809
545
394
285
353
11
-103
95
133
126
133
186
124
-221
-506
-291
-358
-630
-162
198
58
-280
-604
-507
-827
-1410
-1795
-1977
-1367
-1004
-428
836
1625
2274
2401
2268
2326
2025
1872
1690
835
-299
-1457
-2192
-1856
-1984
-2606
-2072
-1456
-1374
-1090
-332
55
212
1369
2601
3187
3023
2276
1446
486
-166
-771
-1043
-1016
-1611
-1800
-1586
-1247
-508
-45
515
1018
1087
957
938
925
281
-477
-814
-516
-674
-1855
-2859
-2798
-1530
-621
446
1325
1618
2876
2863
2252
1817
851
1106
1045
254
-683
-2304
-3250
-2690
-1434
-217
574
415
647
1082
730
929
737
399
690
-169
-845
-675
-1235
-1249
-825
-726
325
1048
701
342
-155
-191
378
346
-136
-49
113
245
581
574
797
978
417
217
68
-1210
-2210
-2912
-3207
-2264
-1820
-74
1569
1330
2538
2357
1807
2926
2700
2704
2347
634
-994
-2826
-3790
-2779
-1707
-1246
-246
-102
-136
299
-373
-184
782
1010
1508
1002
-265
-881
-2113
-2129
-427
536
1421
1937
1648
1343
1038
866
422
-282
-904
-1604
-1868
-1506
-1388
-772
577
1601
1888
1347
1048
92
-1278
-2749
-3829
-1769
-350
1138
3365
2143
2013
1809
727
1979
1660
942
299
-2133
-3583
-4297
-4628
-2631
-80
1293
2553
2248
934
913
416
166
1002
429
-425
-1010
-1964
-1162
-160
454
2054
2370
1965
1443
260
-631
-1721
-2225
-1743
-1632
-1497
-623
73
989
2433
3231
3338
2415
1077
-250
-1415
-2465
-3815
-5643
-7216
-4062
-480
2021
6418
5460
4439
4554
1680
2446
1793
-569
-1290
-4333
-6338
-5618
-4147
-1171
2621
4199
4622
3698
565
-502
-1194
-1971
-926
-1348
-1864
-2013
-2963
-1269
1557
3091
4730
4777
3006
1303
27
-812
-1667
-2466
-2983
-3004
-2876
-1794
226
1881
3588
4223
3363
1874
780
-391
-1832
-3540
-5322
-5166
-6857
-5053
842
3023
7816
7889
3629
3457
37
-295
1693
-337
-1714
-3904
-6430
-5582
-2128
1365
5281
6802
4195
2075
-748
-2861
-2012
-2627
-2542
-2165
-3690
-2521
-1112
387
4214
5836
5190
3430
904
-847
-1281
-1228
-1629
-1722
-2366
-2619
-1128
381
2293
3518
2818
2030
487
-763
-865
-1487
-2333
-3042
-3756
-4173
-3032
-3737
-1634
4499
5145
7557
6457
172
464
-629
70
2347
-620
-3052
-4428
-5128
-3353
1144
4259
6013
5333
443
-1595
-2585
-3686
-1954
-1946
-3090
-2813
-2223
102
2628
4147
5374
3963
1680
-140
-1219
-1409
-1660
-1108
-1739
-2499
-1656
-406
1112
2117
2181
1377
702
780
956
485
-533
-1474
-2039
-2536
-1748
-595
-985
-1794
-3428
-917
2647
3953
6968
2970
-733
205
-1508
1218
3022
184
-2563
-4911
-5125
-2359
2189
3991
3790
1673
-1628
-1775
-1434
-794
96
-909
-1782
-2168
-1649
578
2666
3977
3020
647
-85
-605
-236
610
-13
-918
-1577
-1514
-1297
-244
1094
944
522
194
-37
912
1973
1409
624
-672
-1336
-649
-398
-567
-2591
-3862
-5501
-4246
2409
4207
5201
4116
-722
139
1537
3173
4425
911
-3165
-5733
-5067
-1914
1763
3442
1797
81
-1359
-1443
245
1013
357
-1946
-3589
-2931
-845
2298
3176
2059
966
-181
606
2420
3300
2291
-484
-2628
-2823
-1459
120
500
-482
-1699
-1801
-308
1251
2065
1626
-217
-1140
-865
-472
251
479
-823
-1744
-2345
-2356
-2694
-2677
2884
4513
3345
4541
312
70
2550
2196
2481
-303
-3948
-6048
-3905
-744
1116
3209
1724
590
616
705
1160
233
-1592
-4629
-5039
-2951
-1026
1640
2025
594
839
1911
3102
3960
2899
199
-1855
-2320
-1811
-240
359
-840
-1332
-798
341
1655
2105
1449
270
-588
-614
-425
-331
-771
-1573
-1420
-1117
-165
-2
-829
-2269
-3017
1959
4223
3470
2930
-1875
-1341
1765
2588
3039
-190
-3608
-5587
-3335
274
1982
3377
998
-509
714
2150
3070
1552
-1263
-5078
-5402
-1976
-202
930
-142
-2713
-1660
1536
3829
3964
2116
-214
-1309
-316
891
1316
599
-699
-1085
-272
1346
1638
574
-840
-1592
-1109
-740
-363
-603
-1559
-2071
-393
1570
1488
871
-1230
-2638
-3443
-923
4305
3087
1958
367
-1646
3105
5336
4392
1016
-4070
-5378
-4592
-1430
-270
-1247
-1607
-1921
868
3554
4031
2386
-413
-2091
-2481
528
1569
-653
-1048
-1848
-1014
2072
3430
2069
-426
-996
-1206
-722
583
-608
-2467
-2753
-1402
572
2069
1829
691
1246
2010
2474
2345
591
-1529
-1812
-685
-698
-146
-262
-1650
-1885
-1476
-1363
-3098
-112
3444
248
690
378
-825
3141
3630
2265
-509
-2984
-2085
-1609
722
655
-660
494
248
1931
3348
1758
-1024
-3123
-2959
-2916
-1307
-1312
-3252
-1661
-279
1529
3638
3650
3311
2305
2401
1763
343
102
-2203
-3710
-2631
-1641
-843
-311
87
544
2520
4068
2505
807
-853
-2596
-2024
-366
-652
-2409
-2434
-1289
-16
1205
178
-2760
-1797
3973
4422
1532
628
-1730
823
4753
3119
-508
-4944
-4745
-2566
-1187
610
-1736
-2127
349
2194
4435
3270
1296
-97
-745
470
127
-505
-1771
-2775
-1553
-176
1604
1570
651
1118
1679
2679
1605
-1470
-3182
-3000
-1882
-1550
-1306
-355
217
1281
3535
4445
2646
788
118
-507
-729
-1149
-2889
-3862
-2235
-482
-963
-1401
-1448
-1761
-1726
-900
3193
4454
1411
1443
1238
2927
6384
4400
615
-2859
-3252
-1363
-2011
-2086
-3771
-5655
-1978
1977
2667
1987
1097
1059
1722
1978
1267
-120
-1656
-2559
-1904
-248
319
-78
213
798
1693
2579
1135
-926
-1112
-1197
-1059
-1208
-2431
-2136
-705
353
756
867
1537
2006
2416
2359
1319
633
-52
-989
-1194
-936
-1037
-1413
-1716
-1603
-1502
-2712
-1343
3015
2691
584
655
525
2731
4604
2563
-1097
-3574
-1942
-20
-1669
-3363
-3918
-2718
1905
4716
3090
1125
662
2515
3388
917
-1080
-2571
-3688
-2582
-2047
-2754
-2206
-1313
-278
1192
2242
2617
2015
1674
1796
1289
60
-1454
-2121
-1207
5
349
530
597
1472
2267
1611
962
120
51
150
-838
-1125
-1303
-1812
-1846
-2037
-2243
-2196
-3347
-2481
2112
3790
2324
1659
2180
4762
5979
2865
-756
-2581
-2179
-946
-2323
-4907
-6143
-4871
-1400
1179
1454
567
370
2220
4899
4606
2388
1343
270
-163
-37
-1423
-2908
-2363
-1191
-579
122
-52
-843
-432
1313
2154
1323
502
785
1572
1255
529
-199
-127
430
-520
-1421
-2010
-1128
1249
1238
-648
-1312
-578
-509
-949
-2018
-3207
-2308
-2169
-3238
-1084
2513
2633
830
1053
3762
5848
4176
1517
741
1143
1855
533
-2747
-4585
-3938
-2402
-1358
-1373
-1637
-656
911
2033
2198
1033
759
2366
2521
746
-401
-1372
-1632
-886
-1062
-1969
-2812
-1713
636
1827
2352
1516
856
1823
1823
-62
-1882
-1919
-1117
-193
-366
-1748
-1058
808
1485
1805
1406
532
601
589
176
-680
-1979
-1957
-1418
-1601
-2753
-2557
386
1319
-83
-495
1462
4187
4230
3063
2001
1196
1508
1271
-233
-1751
-2803
-2897
-1889
-2053
-3159
-3218
-1901
137
1200
1713
1004
737
3161
3583
1258
-615
-530
282
-48
-297
-1416
-1598
445
516
-625
-882
-418
232
41
-103
95
-17
87
507
599
439
147
-120
-85
-22
-56
149
866
966
951
1052
-62
-372
-497
-993
-795
-2034
-2886
-1455
88
-630
-2260
-1497
268
2391
3635
2081
1096
1902
2461
1467
-558
-1169
-794
-988
-1020
-1402
-1995
-1040
141
9
-675
-726
593
1645
1171
654
372
172
668
662
-210
-644
-516
-610
-570
183
237
-32
669
754
181
34
-286
-491
-161
547
946
-227
-1124
-56
704
-165
-1177
-930
-59
701
970
238
1
688
527
-382
-1373
-2156
-2400
-2432
-1340
487
865
252
316
1150
2063
3164
3481
1924
407
236
231
42
-874
-2799
-2833
-1612
-1433
-1379
-1536
-499
1588
2273
1916
1438
1175
987
738
718
331
-1144
-1965
-1738
-1385
-352
-175
-931
-954
412
1942
1787
1710
1360
291
442
-372
-1901
-1466
-723
-797
-1027
-487
178
181
1024
1191
727
486
-658
-617
-320
-373
29
-243
24
-119
-677
-584
-971
-435
536
282
115
654
1358
1383
336
-342
818
2078
1461
-34
-982
-461
-218
-1519
-2110
-2114
-1770
-593
268
1190
1966
2163
2255
1871
1641
650
-1371
-1985
-2090
-2296
-2253
-1663
-203
146
507
875
334
566
823
1299
1774
1174
415
-154
-653
-587
-346
-794
-849
-837
-1273
-1045
-522
-232
-67
280
1077
1919
1270
345
1195
1730
1058
618
-6
-1785
-2342
-1457
-1409
-1248
-665
455
1387
2179
2597
677
-707
-732
-645
-891
-1916
-1379
-756
-654
381
366
107
370
472
947
1073
1148
1182
1034
1439
608
-625
-547
-1107
-2287
-2531
-1652
-523
587
1148
637
92
-205
202
703
789
799
53
243
576
-229
-310
-890
-1484
-902
362
1598
662
400
1153
593
905
135
-1164
-725
-496
-281
-451
-590
223
794
136
-949
-1307
-1706
-1324
-244
439
997
1196
1920
2015
340
-888
-1036
-696
-37
518
608
-76
-893
-641
-219
-577
-113
922
919
709
502
215
389
430
293
-347
-1393
-1732
-1634
-989
196
882
657
411
945
1005
646
448
-87
230
832
322
-273
-547
-1302
-1768
-906
-277
-113
33
112
808
467
-272
-105
-464
-212
728
673
119
-445
-694
-195
401
866
1316
1264
637
377
574
-103
-455
177
184
-354
-786
-599
-1013
-1823
-1347
-893
-886
-1015
-963
-302
-131
-259
661
1777
2453
2907
1716
281
480
910
231
-863
-717
-814
-1214
-935
-1117
-477
631
1008
1347
684
-238
-147
-718
-1254
-990
-775
125
580
-42
-846
-796
-111
-24
324
795
1712
1711
378
677
1091
530
58
-214
-749
-650
-546
-1369
-747
-1597
-2298
-74
143
-163
145
129
702
1563
2122
858
-291
-220
-565
-1177
-1331
-390
797
1114
1147
956
-30
193
903
241
237
155
-42
-267
-986
-996
-1594
-1557
-1325
-1387
189
489
46
679
1105
1296
1192
915
358
-2
141
579
1134
1171
465
-612
-544
-363
-1578
-2150
-1518
-354
419
-41
-107
449
808
599
-661
-1083
-334
82
172
-371
-843
-14
592
420
730
441
665
1210
461
721
681
861
1119
-250
-204
-808
-1598
-794
-680
-599
-558
113
543
-228
-558
-935
-843
273
468
278
545
-727
-899
343
24
720
984
424
806
275
908
1705
357
-342
-420
-618
-500
-642
-566
-695
-804
-77
-153
-712
-676
-623
-610
-403
380
1218
1381
1400
843
-203
328
788
-83
-543
-899
-521
-25
55
-10
-968
-562
627
608
261
150
536
388
-136
12
231
367
-11
-552
-209
-405
-530
326
196
-455
-1030
-1117
-291
-95
-208
395
832
887
1397
1468
671
-111
-430
-283
-636
-1099
-813
-461
-597
-409
-70
-284
-8
366
603
943
964
528
-332
-202
-239
-974
-511
-190
-221
144
807
1777
1312
687
913
120
-643
-1003
-1162
-853
-300
-37
-413
66
156
-338
-533
-894
-572
-828
-554
367
292
293
119
717
1429
1605
1756
541
-419
-647
-893
-579
-226
358
201
-474
-66
-183
-512
-474
-832
-519
-354
-285
192
155
323
425
302
598
768
654
478
434
470
31
-274
8
124
-259
-862
-600
-291
-414
216
150
-659
-537
23
-157
-497
-453
-394
475
1092
412
-378
-234
481
666
1272
1401
219
55
-58
-1162
-1447
-1335
-1334
-757
-137
508
771
776
1686
1900
746
220
239
-435
-869
-732
-917
-1047
-1136
-674
-1
-423
-189
687
441
360
815
832
507
180
112
198
466
284
-286
-251
-265
-304
-484
-969
-914
-903
-441
550
543
342
895
1139
843
894
629
-452
-844
-482
-574
-765
-902
-1052
-745
184
1333
881
-192
558
1277
479
-493
-363
198
-157
-870
-1143
-1028
-943
-502
498
1036
1517
1420
396
690
1042
137
-476
-858
-887
-743
-258
631
519
69
140
382
86
-695
-1603
-2503
-1446
489
653
291
688
1225
1012
850
1236
251
-1147
-264
480
-437
-475
-232
-491
-216
220
371
282
524
520
-148
-352
-657
-1134
-769
-130
-57
-230
475
1340
884
131
123
164
91
124
-178
-319
-188
-1
446
18
-448
-275
-619
-622
-127
331
278
54
621
301
-546
-138
50
-518
-515
41
446
1005
1712
1361
24
-562
-422
-932
-1525
-1352
-1243
-962
164
464
244
1188
1321
-251
-1148
-291
776
887
471
-79
205
1083
1136
684
-73
-333
588
559
-790
-1658
-1993
-2252
-1871
-576
284
453
1318
2422
2627
1615
82
-607
-857
-1228
-1319
-1490
-1137
-84
232
436
940
936
1125
1558
1488
465
-755
-553
-289
-1065
-1451
-1384
-1075
-670
-442
40
628
1261
1751
1828
1425
408
-91
81
-457
-1156
-854
-448
-975
-1294
-779
-938
-1325
-413
926
1266
162
-1001
-104
1802
1821
775
777
1557
2458
1973
226
-1449
-1965
-976
-1521
-2800
-2384
-1835
-1499
-692
348
1001
2292
3330
2401
1343
676
-9
-827
-1180
-987
-1556
-1725
-997
-295
407
1203
1910
1920
1379
996
670
-105
-1225
-1994
-1974
-1506
-702
-52
93
549
763
621
588
428
560
655
378
-340
-1134
-1158
-519
37
336
653
400
353
446
-367
-1306
-2105
-955
958
133
-1463
-1010
1722
3883
3540
1523
-890
-874
514
-225
-2000
-2342
-1445
-541
101
229
-284
-594
540
1890
1422
609
541
544
358
-512
-1680
-2044
-1460
-557
-21
-76
-58
564
1336
1488
991
573
81
-314
-39
-249
-860
-687
-25
926
1267
142
-743
-266
123
-480
-1431
-1709
-425
937
311
-647
-161
1057
1999
1879
1100
434
-123
-575
-1155
-1943
-2525
-2134
-551
815
637
-222
104
1944
3467
2715
522
-680
-87
523
-425
-1641
-1956
-1596
-1152
-702
-123
129
260
338
921
1441
839
171
-396
-347
4
-349
-584
-810
-660
408
1258
1183
590
143
-217
-983
-1058
-5
248
-414
-531
315
693
303
642
984
822
360
-282
-908
-1315
-896
-726
-895
-850
-532
335
1022
1362
1263
944
332
-257
-18
-37
-511
-801
-668
-565
-452
306
680
561
379
222
10
-296
-332
-441
-5
548
757
1227
1058
616
603
455
-356
-1127
-1175
-1260
-1502
-1653
-887
-113
-636
-529
485
1178
1171
764
590
126
-255
118
22
-419
107
545
454
600
568
61
-552
-237
186
-470
-816
-238
526
708
255
-422
-706
-181
57
-475
-1010
-453
1071
1463
40
-1578
-1120
1126
2209
1217
-341
-545
684
1546
764
-866
-1169
-421
59
-229
-1254
-2081
-2170
-584
1045
666
-18
212
1167
1736
1682
1011
-171
-505
-266
-403
-1567
-1540
-84
-726
-1083
258
487
31
178
699
861
736
885
489
-390
34
345
-525
-508
31
28
-462
-207
1210
1537
557
74
93
-602
-1295
-1839
-1738
13
454
105
895
1425
1326
752
571
-223
-1057
-1299
-2420
-1821
-248
-56
-135
620
1696
970
344
703
183
-587
-942
-893
-832
-48
829
737
1123
1644
1305
648
382
184
-302
-376
-215
-416
-863
-731
-203
-306
-470
-425
-268
-549
-673
573
-457
-2240
-178
1545
700
-368
119
1323
1426
1404
686
14
683
528
-977
-1482
-443
-333
-1099
-1567
-1272
-113
237
126
579
1247
1384
793
417
74
-665
-1208
-1125
-757
-410
-312
-301
535
1701
2052
1280
46
-358
-207
-427
-995
-1423
-157
2021
1085
-845
339
871
-265
-258
-312
-401
-166
-284
-391
-473
207
709
-156
-463
-154
-581
-722
-123
365
680
669
327
111
-69
-287
-857
-1693
-1401
-75
488
78
343
1232
1367
1633
1632
440
-204
-211
-456
-866
-934
-988
-1426
-963
-249
-372
552
1748
478
248
1498
692
171
-182
-57
1275
963
117
-879
-1796
-1193
-790
-1386
-1326
-852
-646
279
424
182
1410
2341
2025
1009
43
-292
-99
-381
-1364
-1533
-686
-544
-1174
-935
-452
233
1407
1789
1817
1753
1393
1256
1423
1042
-538
-2388
-3298
-3410
-2687
-963
-731
-913
1393
3035
2564
1171
37
682
987
275
-623
-2219
-2262
-684
201
347
269
895
1309
656
68
-339
-134
658
922
57
-1174
-865
810
1260
-21
-719
-262
177
-415
-1341
-913
-24
477
273
-385
-274
10
366
461
-332
-1153
-1690
-1437
-57
2061
2825
1013
935
2881
2150
138
-1369
-2349
-1543
-711
-589
-1186
-2324
-819
1340
795
77
390
987
1430
727
-460
-1020
-569
552
148
-1418
-1492
-401
757
930
299
538
696
845
1115
-82
-933
-349
367
55
-797
-281
339
721
1264
220
-1266
-2005
-2279
-1431
429
1226
-117
-32
2498
3223
1773
-259
-2035
-1325
-398
-1591
-2240
-2165
-1231
1399
2802
1782
798
1198
1972
1248
-926
-2155
-1904
-795
107
-417
-405
404
834
1112
488
2
66
-136
-307
-885
-1020
-162
982
1563
610
166
950
1028
377
-943
-1916
-1871
-2104
-2491
-1376
1528
1658
-731
987
3284
2145
855
-1151
-1903
-60
32
-425
-946
-1820
278
1635
813
938
515
513
668
-176
-624
-1641
-1654
-474
-109
315
105
277
1895
2313
885
-435
-421
-57
0
-599
-1936
-2107
-854
260
427
232
107
565
1786
1520
217
-594
-1292
-2002
-1888
960
2286
-161
206
2244
1600
452
-918
-1645
-627
-816
-1381
-1198
-1539
-190
2137
2192
715
-374
-253
264
147
-281
-1337
-1824
-112
1406
1418
586
157
1114
1290
313
-914
-1757
-1486
-632
535
320
-575
18
1043
1558
983
101
-405
-615
-110
-277
-708
-646
-928
-962
-1233
178
2890
788
-1800
326
1185
483
379
-370
-44
-388
-855
750
-261
-2117
-1133
262
1022
799
684
949
1463
2067
682
-840
-915
-623
-97
-945
-2133
-1159
-207
211
348
-251
555
1477
1229
101
-1150
-90
1320
1126
-193
-1591
-965
431
208
-699
-1133
-1193
-420
89
-41
-253
-432
2063
4467
1687
-1740
-1577
-180
332
-765
-1420
-699
-96
1058
892
-460
-270
511
1130
756
-222
-912
-688
449
195
-558
-563
-493
-183
-88
-402
-593
308
1343
344
-512
367
718
790
1004
136
-1219
-1386
-109
352
-404
-270
705
1233
1265
487
-928
-1368
-1291
-997
-515
-1210
-890
1045
1683
1562
923
-218
-312
-393
-749
-1012
-1093
14
623
-171
-234
793
1384
1427
1265
309
-823
-797
50
315
-116
-314
417
1103
801
184
-807
-1406
-913
-421
-841
-1503
-1088
94
464
29
681
1062
1089
1385
-106
-1062
-619
94
680
569
238
-538
-450
40
-262
-1153
-1631
-234
1559
2077
1409
874
655
1038
706
-1422
-2570
-2704
-1574
-434
-851
-841
-19
1614
2248
1132
-59
-194
471
437
-126
-474
-165
232
720
1036
240
-577
-477
449
554
-282
-843
-1074
-340
384
157
235
492
161
84
-179
-711
-568
-329
113
402
491
452
-303
-424
-455
-1137
-766
224
757
748
387
860
1813
1567
248
-835
-1358
-1370
-1132
-1312
-1324
-1165
-249
1195
996
630
1260
1592
939
127
-250
-370
503
677
-410
-1015
-879
-512
-183
-19
-428
-67
550
540
494
-2
-20
166
-183
-906
-942
-229
-301
-265
72
151
175
397
725
741
525
34
-87
-42
-233
-352
-581
-295
541
702
601
743
312
151
357
63
-499
-1074
-1296
-921
-1
147
-161
-65
-381
-715
-643
-90
311
635
1022
858
839
674
386
233
-178
-544
-1241
-1677
-685
304
371
694
1106
1423
1570
749
-471
-978
-616
-815
-1671
-1346
-332
78
374
434
23
370
831
298
-48
-417
-819
-21
421
-26
-45
40
318
949
1379
1036
453
332
363
203
-575
-1105
-1263
-1242
-863
-824
-1095
-1216
152
1097
112
87
837
662
-93
-343
-93
462
702
241
-5
34
893
1344
1345
1406
136
-709
-1153
-1662
-1491
-1275
-895
-545
-101
297
430
589
1059
1134
-86
-883
-287
600
409
-370
-249
105
427
467
-182
-422
-43
247
170
-48
-257
-481
-646
-362
556
417
-437
-163
-43
-109
-31
43
910
1273
849
515
597
462
-324
-886
-1788
-1556
-297
-513
-516
192
226
-395
-279
901
1433
1234
394
-39
762
847
-386
-1657
-1396
-728
-1257
-1333
-552
506
1340
1522
1363
913
1109
820
-546
-786
-626
-961
-828
-126
193
216
230
-25
622
729
-219
-304
-340
-144
-146
-790
-727
-357
-119
-166
-7
475
226
-161
-118
139
651
733
651
1010
767
158
109
389
166
-815
-1269
-1185
-882
-418
-415
-118
550
492
174
773
1019
511
461
-310
-1068
-405
-71
-355
-289
-608
-949
-288
264
302
118
-313
-517
111
1173
1047
601
986
922
168
-387
-572
-837
-1084
-964
-324
241
200
337
673
760
749
294
-403
-727
-914
-768
-253
370
838
642
88
-224
144
90
-406
-477
-915
-746
18
555
847
823
817
105
-313
87
647
1140
620
204
88
-589
-847
-796
-1265
-1601
-1307
-1296
-1268
-264
651
1044
1465
1293
1220
1588
1095
144
-563
-932
-1046
-986
-878
-671
-294
-171
249
681
953
1238
604
97
599
746
-333
-1087
-599
-102
-24
-163
-246
-217
58
205
-267
-538
-39
496
19
-373
-106
438
1354
1098
117
-414
-604
-76
57
-264
-356
-638
-200
450
163
-22
-198
-617
-695
-328
313
292
55
-36
-414
-438
-275
223
522
-49
-61
444
945
1110
291
-307
-159
-237
-461
-393
-454
-660
-415
157
587
679
471
63
-56
348
238
-219
-111
-320
-666
-391
-165
245
767
693
229
-92
264
660
415
-106
-242
116
305
402
339
-158
-785
-1261
-1676
-1536
-465
-158
-215
273
73
92
666
583
42
-118
183
388
537
478
42
-85
32
-96
-13
388
647
554
460
708
641
286
135
-324
-1026
-1099
-906
-787
-267
-278
-581
-223
-115
-284
-424
-244
429
633
676
855
789
530
-257
-582
-353
-304
74
169
428
1002
927
595
126
-260
-500
-555
-628
-977
-900
-430
43
315
452
379
145
-141
-622
-531
-132
87
511
639
235
-133
91
307
-44
-200
-173
-207
-116
82
558
1105
1123
420
-54
-168
-592
-660
-678
-937
-872
-692
-412
-35
201
161
394
890
818
381
263
409
136
-447
-826
-745
-155
497
405
150
563
587
706
480
-820
-1366
-1274
-1233
-1281
-646
278
988
1890
1174
360
335
-93
-20
-91
-153
-416
-618
16
471
884
887
576
203
-299
-421
-435
-371
-441
-109
111
-138
107
-279
-503
-401
-966
-552
400
475
21
99
491
511
188
-896
-998
223
192
-298
57
279
729
1036
634
797
801
367
1
-437
-753
-1286
-877
-138
-222
-82
-105
-176
331
792
379
-99
-12
-219
-406
-494
-575
-462
-380
-212
51
671
1250
860
271
108
327
838
422
-177
-17
5
-270
-870
-738
17
158
-176
-798
-902
-378
324
667
712
1226
1015
129
-84
-537
-1340
-1250
-929
-1095
-1009
-281
718
1426
1466
912
697
454
-214
-294
-320
-422
-35
244
-41
100
640
287
4
-147
-403
-376
-592
-378
56
341
603
663
490
-68
-652
-1275
-1121
-645
-817
-232
306
301
911
1265
939
669
650
427
-142
-459
-481
-721
-1011
-982
-638
-122
71
203
666
1023
1222
875
287
254
76
-413
-670
-608
-573
-762
-305
569
812
794
292
-175
-60
-543
-473
-198
-588
-394
-337
-129
62
128
17
-1018
-701
643
1201
1074
686
265
-454
-631
-76
547
646
475
-44
-427
71
80
92
-218
-685
-694
-1249
-800
-354
-331
456
568
364
437
573
867
1118
494
-686
-722
-229
51
524
241
-330
-2
-87
-418
-206
139
756
776
497
334
164
505
34
-1246
-2355
-2330
-833
-295
-230
349
656
1274
1449
1282
1001
800
1110
99
-1240
-1412
-746
9
-228
-615
-937
-886
-545
-410
-81
294
878
584
10
245
537
1026
1155
477
-910
-1256
-430
-220
-161
-343
109
743
342
194
687
1545
1643
830
-208
-614
-369
-797
-1312
-2249
-2327
-551
211
449
988
954
1004
790
178
273
208
-328
-849
-1888
-1622
-460
-33
926
1356
722
338
475
999
1028
696
721
209
-637
-730
-377
115
-368
-1532
-2020
-1791
-435
413
572
989
884
957
623
110
354
726
526
-597
-751
-241
51
547
-80
-1457
-2384
-1533
244
1138
1858
1672
918
256
-160
535
976
663
-11
-1148
-2313
-1839
