730
1020
901
859
196
-147
-508
-1132
-925
-651
-854
-532
60
686
1409
1319
850
384
-175
269
771
-246
-1356
-1199
-652
-228
566
757
-403
-1221
-800
-64
383
416
183
-86
-53
134
59
530
1036
561
20
-94
316
464
149
159
-152
-642
-963
-1083
-1047
-756
549
1929
2380
1367
-412
-870
-709
-1005
-1191
-1079
-674
142
1028
1018
172
-280
44
284
-112
-595
-849
-887
3
980
691
787
1141
251
-29
298
-389
-1314
-1136
-36
-154
-559
223
135
218
1049
553
-208
-268
-237
-4
446
419
242
746
1190
907
47
-832
-1341
-1665
-1674
-1028
47
887
1297
1146
817
601
-148
-1024
-1316
-1225
-1242
-981
71
885
1158
1677
1746
810
232
41
-402
-620
-605
-348
-302
91
738
146
-268
-83
-273
-598
-861
-432
-154
-323
72
-142
-842
-619
-223
85
618
1090
1313
1158
1229
1196
473
116
92
-234
-537
-843
-1248
-1594
-1569
-1124
-449
763
1293
729
1213
1658
596
-322
-776
-1190
-1098
-454
146
240
258
296
-137
-174
61
-358
-337
41
151
157
421
1075
610
-230
7
316
253
154
97
-361
-710
-611
-1106
-1442
-779
-384
-137
873
1502
1278
673
158
397
510
415
510
-42
-319
316
425
12
-555
-1492
-1495
-646
-203
111
198
88
225
196
-231
-859
-1121
-195
854
885
1028
1245
869
362
68
-388
-1524
-2055
-1557
-1092
-307
860
1542
1847
2324
2073
857
-83
-538
-1010
-1440
-1468
-1408
-1111
-312
198
-137
-301
477
549
421
1182
1396
1218
893
312
-249
-605
-537
-714
-1054
-1012
-749
-639
-88
531
-77
-256
91
70
469
559
423
-18
-236
405
310
237
415
310
222
-510
-1033
-1067
-628
219
135
-329
-126
422
1111
1264
435
-26
-321
-506
178
216
-376
-872
-800
202
580
-65
-558
-777
-606
621
1500
1509
1410
1033
451
-557
-947
-1131
-1609
-1041
-395
-82
357
901
916
24
-275
7
-86
-252
-400
-535
-587
-496
47
85
-145
462
516
312
494
241
133
129
-23
-128
-626
-745
9
391
745
1225
983
712
396
-431
-1546
-2466
-2564
-1478
50
608
962
1936
2574
2298
1322
319
-147
164
464
-116
-884
-939
-840
-1535
-2430
-2679
-1896
-74
1436
1495
1058
1229
1217
1114
1245
342
-645
-756
-861
-657
-338
-172
-148
-742
-1206
-1046
-718
-602
-174
1179
1996
1770
1873
1808
1153
884
33
-1273
-1510
-1689
-2102
-2580
-2802
-1494
668
2047
2092
2139
2330
1868
1220
173
-660
-716
-515
-461
-379
99
269
36
-462
-1037
-1092
-809
-272
258
702
1194
871
125
-194
-636
-852
-1339
-2317
-2119
-945
455
1229
1294
1895
2479
2301
1250
-441
-1705
-2212
-2010
-1112
-620
-607
23
984
1896
2369
1999
984
-366
-1369
-1683
-1173
-476
-533
-537
266
1204
1755
1709
973
172
-308
-289
19
-43
266
426
-719
-1623
-2007
-2078
-1504
-1066
-137
1001
1616
1564
773
1095
1644
757
-361
-1116
-1415
-1343
-1047
-936
-1113
-834
47
838
1173
1345
1264
1244
1206
900
678
113
-591
-865
-649
-557
-1004
-1252
-1095
-1077
-1151
-19
1231
682
556
1738
1932
1209
889
281
-391
-350
-583
-1099
-1174
-551
49
-182
-636
-1084
-859
311
770
470
791
1202
791
359
143
-510
-1081
-907
-311
-56
-467
-587
-87
139
171
228
146
278
626
494
-133
-229
336
619
432
139
-203
-454
-612
-808
-719
-262
-63
-116
322
524
-73
-364
-12
453
788
1440
1789
1173
681
91
-813
-1146
-943
-763
-1002
-1280
-998
268
1413
686
-608
-603
-6
-89
-544
-695
-840
-615
333
1245
1670
1287
232
-482
-363
-133
-435
-963
-1198
-266
1241
1565
1037
702
479
-141
-349
12
-281
-220
242
-389
-995
-444
-217
-984
-951
-71
222
440
989
1079
1004
1009
342
-361
-368
-487
-1218
-1719
-1133
-200
320
516
246
181
804
852
563
1069
1116
47
-474
119
405
56
-512
-1352
-1551
-729
-32
-478
-1226
-885
-138
469
1077
1188
881
422
99
70
130
102
-396
-491
239
774
999
558
-308
-711
-1035
-1710
-1848
-254
1221
836
718
1593
1872
1318
390
-371
-757
-908
-774
-888
-833
-113
544
606
-15
-271
-273
-698
-1068
-1183
-428
668
778
195
327
1038
797
-1
-163
-57
-671
-959
-128
369
109
206
951
907
365
192
-156
-345
-493
-822
-1040
-592
234
259
50
398
837
363
-758
-1182
-907
-346
593
1056
346
299
1564
2259
1670
332
-606
-841
-1301
-1837
-1646
-1116
-799
-450
84
904
1705
1822
1068
400
636
537
-511
-1612
-2014
-1686
-1282
-801
-570
-316
553
941
1170
1675
1378
260
-571
-431
45
647
744
-139
-377
-131
-223
35
9
-920
-1315
-400
371
474
682
686
-85
-619
367
1168
263
-632
-528
-42
430
871
819
345
397
123
-920
-1224
-900
-1293
-1865
-1377
-121
1122
1418
783
327
399
850
951
-30
-1299
-1169
-126
313
528
888
960
302
-164
-16
-396
-769
-867
-1023
-505
564
1274
1376
1388
1394
785
-365
-1087
-1232
-1490
-1902
-1684
-635
217
293
-65
97
1001
1257
252
-813
-772
-158
385
739
1060
1803
1640
133
-777
-883
-1092
-1301
-1194
-661
233
1230
1452
994
1077
1074
186
-877
-1222
-1093
-1202
-1104
-763
231
1370
1120
441
47
-77
65
52
-241
-504
-34
257
-329
-637
-114
450
437
294
97
-137
-206
-219
17
356
437
-7
-742
-665
-142
-637
-1206
-542
190
155
107
614
1595
2128
1302
-267
-1132
-741
-217
-276
-576
-825
-310
771
1590
1507
857
372
-583
-1071
-700
-791
-1080
-1060
-654
134
1088
1092
673
805
202
-350
-111
-138
-633
-890
-685
-321
789
1605
802
-754
-1407
-622
469
725
-624
-1724
-1234
-557
178
776
1013
793
-32
-71
1089
1821
1302
429
45
469
1007
254
-998
-1430
-1682
-1636
-926
-366
-343
-274
521
1118
1291
1362
342
-864
-1385
-1256
-389
-188
-746
-761
154
1150
1595
1746
871
22
245
-150
-910
-1056
-1133
-1333
-594
1052
1697
1204
500
-57
10
685
632
-354
-883
-1165
-1295
-924
-13
931
334
-1310
-1387
734
2187
1779
874
284
441
393
-216
-856
-1325
-1205
-864
-786
-555
302
831
541
406
640
780
690
55
-1153
-1401
-756
-712
-935
-774
-280
156
963
2118
2347
1510
21
-1223
-1170
-256
241
-326
-677
-19
660
1278
1465
553
-724
-1073
-495
-518
-711
-665
-987
-1057
-409
1112
1505
404
255
620
637
446
252
-174
-607
-433
-677
-620
159
-34
-735
-756
95
1169
1358
451
-633
-566
63
-231
-699
-785
-799
-473
-341
-352
299
973
965
1142
1652
1398
1097
752
-494
-1109
-907
-998
-1337
-1358
-658
48
763
1511
1512
843
-48
-361
-210
-237
-719
-1691
-2012
-1229
293
1298
750
112
217
590
917
916
492
52
-440
-1029
-686
-182
-126
-74
-426
-390
275
1011
1152
382
-184
-250
-214
-23
383
172
-528
-573
-659
-618
-86
-61
121
777
1166
1317
1144
505
-199
-213
-375
-1237
-1141
-629
-561
-236
96
296
430
523
42
-586
-561
-793
-1028
-1057
-868
-21
578
831
1256
1607
1353
879
828
496
-9
-501
-1244
-1281
-566
173
595
428
86
22
195
198
-149
-346
-191
18
242
218
-92
21
-75
-973
-1288
-829
-865
-719
200
532
524
767
740
535
530
554
471
759
453
-101
48
40
97
190
284
-494
-1739
-2198
-2585
-2148
-1241
-157
479
549
1625
2395
2946
2784
1610
1046
1061
1323
9
-1397
-1140
-928
-561
-405
-744
-1624
-2468
-2248
-2720
-2879
-1244
499
1909
2283
2143
2317
1966
1479
755
320
51
-590
-92
539
657
1020
842
94
-788
-974
-1236
-2520
-3283
-3931
-3633
-1332
792
2461
2703
2263
3047
3068
1748
-518
-2173
-1918
-832
-135
-309
391
2042
2945
2480
1588
742
-132
-807
-2199
-3017
-3112
-2696
-2513
-2892
-1431
-91
1881
3127
1839
1850
1835
1323
-91
-1305
-1077
-707
885
1471
1707
2535
2592
2257
1279
-59
-1900
-2908
-2904
-2756
-2910
-2660
-2767
-3586
-1472
1025
3100
3998
2352
1579
758
825
-202
-1784
-1010
-666
553
1364
1734
2498
2745
2895
1609
-12
-1470
-2295
-2681
-2771
-2929
-3075
-2480
-3168
-2063
692
3180
4708
3213
1750
631
446
167
-1467
-1936
-1506
351
2087
2259
1961
2053
2067
1573
378
-1694
-2690
-2922
-2609
-2726
-2512
-2230
-3321
-1611
1556
4622
4969
1940
275
-560
-59
-588
-2301
-2612
-1266
1446
2792
3350
2755
2314
1877
472
-343
-1835
-2533
-2555
-1871
-1532
-1405
-1144
-3024
-2279
744
3950
4947
2029
213
-572
30
-81
-1960
-2357
-1328
1095
2726
3357
2699
1431
1246
824
-45
-1926
-3302
-3444
-2448
-1926
-2191
-1543
-2886
-2743
484
3491
5044
3375
1649
412
-190
74
-996
-1868
-1593
188
2261
3498
3216
1617
660
378
108
-1304
-2311
-2664
-2783
-2018
-1385
-823
-2166
-2651
-215
2704
5271
4160
1108
-566
-609
8
-1119
-2597
-3050
-1558
1708
3738
3108
1553
869
957
1197
290
-1258
-2502
-2721
-2266
-2247
-2131
-3465
-3770
-911
2376
5173
4925
2156
309
691
1632
421
-1007
-1863
-1798
759
3290
3287
1689
406
-99
-327
-960
-2120
-3446
-3621
-2726
-2170
-1221
-1724
-3023
-1365
2447
6104
6256
3529
547
-1589
-825
-174
-1631
-2734
-2766
-952
2654
4885
4204
2567
1329
1097
928
-349
-2699
-4765
-4445
-3196
-1952
-2201
-3980
-3109
300
4315
5733
3778
1322
-573
-381
503
461
-827
-1997
-406
2074
3922
3748
1307
-193
79
631
430
-1148
-3333
-4020
-3420
-2055
-1421
-2625
-2839
-566
3424
5950
5046
1647
-1451
-1131
129
-369
-2097
-3256
-2404
294
3530
4766
3691
1954
1080
1001
700
-828
-3216
-4725
-4671
-2886
-2502
-3522
-2626
-110
3765
6382
5370
2260
-223
-645
313
947
-342
-1813
-1840
-264
2401
3535
2264
507
-796
-1387
-956
-1002
-1732
-3238
-3835
-2098
-1589
-1729
-841
642
2966
5238
5154
1781
-594
-786
-732
-166
-373
-1872
-1921
-13
1648
3080
3210
1854
772
213
-179
-1130
-2602
-4162
-3984
-3379
-3733
-2939
-1270
1587
3954
4120
3088
1385
773
1063
714
14
-221
-402
-421
788
2325
2498
1381
-150
-1222
-966
-906
-1850
-2943
-3286
-2474
-2554
-2798
-1040
1522
3022
4050
4288
2172
661
461
-313
-769
-1020
-1586
-1943
-960
1083
2702
3075
2378
1814
1142
137
-867
-2607
-3906
-4207
-4770
-4568
-3158
-823
2077
3623
3683
3034
1750
1222
2137
1763
-80
-474
-581
-805
296
860
601
569
-98
-487
-174
-469
-1030
-1876
-3041
-3248
-2692
-2332
-610
2112
2813
2654
2684
1919
1398
1524
1481
836
-49
-528
-663
-635
-44
587
193
-53
-64
-989
-1161
-1275
-2175
-1586
-1579
-2690
-1927
-525
728
2081
1856
763
967
1022
228
695
880
22
251
678
943
1402
1204
807
273
-180
-135
-455
-1204
-1395
-1731
-3009
-3091
-2123
-1134
402
1368
1838
1896
1645
1674
1717
1702
1593
716
-1045
-815
-276
-1068
215
940
156
422
175
-583
-477
-706
-1531
-1593
-2035
-2673
-2366
-1847
-501
1107
1386
919
863
1042
1579
2418
2371
1937
1154
453
888
733
425
428
-800
-1474
-984
-1265
-1965
-2157
-2522
-2790
-2289
-1629
-320
567
517
1606
2210
1860
2215
1752
1273
2038
1288
105
757
584
192
730
159
-360
-431
-1387
-1956
-1802
-1945
-1541
-890
-819
-347
-265
-273
909
1287
329
-413
-990
-1048
149
1035
1071
1074
721
770
809
716
1844
1613
20
320
257
-1142
-1516
-1799
-1966
-1433
-2022
-2553
-1378
-359
214
929
817
761
1052
699
1168
2265
2263
2004
1757
937
553
613
223
2
-342
-898
-913
-1252
-1726
-1716
-1757
-1718
-1494
-1557
-1514
-1011
-240
1163
1433
384
758
1389
1373
1600
1014
345
772
539
-154
301
307
76
598
305
38
16
-789
-861
-763
-1726
-2016
-1688
-1692
-1110
-456
-202
477
964
1019
1343
1611
1679
1890
1357
318
230
125
150
341
-66
744
753
-736
-452
-300
-1378
-1818
-1773
-1595
-1341
-1396
-890
578
1031
738
288
-947
-894
94
32
413
1453
1455
1238
1685
1772
1683
1585
1324
1103
-52
-1130
-1150
-1582
-1875
-1363
-1344
-1639
-1468
-1668
-1735
-1171
-700
412
670
-53
972
2049
1997
1993
1613
1327
1563
676
-632
-133
345
-249
-460
-716
-883
-400
-296
-478
-411
-978
-1432
-1038
-796
-597
-466
-162
586
869
844
838
699
725
759
342
-80
-295
-778
-354
812
545
585
1586
968
360
518
-316
-1114
-1552
-1905
-1428
-1004
-1238
-795
-184
118
1145
1432
748
578
472
215
184
-10
-404
-36
547
1037
1552
780
-70
43
-207
-688
-682
-745
-1011
-826
-602
-319
-30
-449
-899
-918
-579
-64
-214
-649
-38
875
961
848
826
1191
1838
1500
1212
1734
792
-663
-628
-378
-277
-446
-1392
-1779
-753
-416
-1030
-906
-694
-68
516
483
713
471
-164
-362
165
120
-220
534
784
269
-20
-8
-298
-526
-270
66
619
694
1234
1662
863
429
-638
-2020
-2368
-2827
-2803
-1190
149
63
298
779
958
1681
1844
1126
946
557
-102
398
1275
1352
832
674
1012
898
-256
-1432
-1775
-2385
-2494
-1752
-1218
-680
-281
-53
179
799
299
-473
598
600
254
1285
1595
866
471
754
1016
984
-155
-354
478
-346
-696
-374
-749
-1649
-2121
-1567
-1553
-1876
-1936
-683
1048
1111
1014
818
1020
1845
1384
1064
1353
1032
802
991
1013
930
708
-110
-941
-1350
-1565
-1992
-1612
-525
-999
-1022
151
229
13
307
500
476
474
-505
-845
34
-158
168
599
117
-59
147
637
999
1041
933
1732
2235
1143
-18
-709
-896
-864
-1763
-3366
-3584
-2977
-1723
-77
158
432
556
925
1714
1415
1134
1231
1679
2492
2231
241
-212
251
-388
-268
-188
-88
-269
-757
-1311
-1264
-2010
-4740
-3881
-1887
-410
1510
1788
3061
3944
4013
3538
2577
1270
-871
-1688
-2527
-2730
-1767
-920
-164
309
1100
2035
2626
1957
107
-2103
-2980
-3791
-5258
-4839
-2856
-404
971
2216
2822
3802
5257
3201
1339
403
-380
-187
-866
-1327
-196
440
-283
912
1529
691
531
329
-224
-1322
-2751
-5666
-5295
-2670
-719
1314
671
2272
3941
3575
3373
1635
899
631
-83
-1689
-1735
260
1093
1566
1087
388
84
-959
-1513
-916
-1942
-3404
-4263
-4597
-2078
532
2542
2320
1887
3222
2692
1666
-1291
-2037
-130
-858
-1081
230
2502
3659
2903
1901
1645
1238
-567
-2559
-3767
-4124
-3790
-3219
-3971
-1971
852
1511
3427
3446
4621
4830
1896
101
-2009
-1496
-1996
-3824
-2401
20
3063
3335
1864
3241
4057
2189
-174
-1843
-2838
-4807
-5791
-6435
-6430
-2340
77
2786
4541
3444
4764
2593
941
661
-1443
-1573
-2345
-1416
403
1746
2757
2337
3651
3539
968
-719
-1816
-1839
-2737
-4598
-3940
-5617
-5248
912
2891
3103
2340
3556
5751
1694
367
-311
-1500
-1252
-2424
-586
1160
1908
2294
2499
2282
-111
-807
-676
-1154
-1792
-3644
-4287
-2791
-4653
-4554
453
869
1388
3009
4888
5150
-293
-360
1452
45
-1693
-2791
1061
2633
1278
2466
3276
2204
-201
-215
-42
-3084
-3998
-3624
-2760
-3156
-6319
-1469
3842
2767
3417
4304
5314
1233
-1478
965
-2037
-3969
-3496
-504
3185
2343
2964
3298
1935
904
41
-1043
-3594
-3436
-2389
-4022
-2708
-3344
-3662
2780
2456
775
2202
1877
3319
456
29
944
-1565
-1007
-616
1145
1837
1993
3736
2724
2118
1258
-972
-2420
-3937
-3935
-3607
-4273
-2912
-4202
-1955
3745
2084
3539
5366
4661
1862
-2628
92
-2068
-4610
-1265
462
2105
2621
5102
4632
1886
1617
-285
-1916
-3231
-3157
-2546
-4362
-3008
-1618
-4198
121
2587
-972
1614
3471
3121
88
-833
1794
-1230
-1043
642
356
1771
2697
2602
545
166
570
-526
-686
-1132
-1812
-1511
-2731
-2548
-4523
-6493
1048
988
-547
5674
4580
2129
1182
2781
1077
-3208
133
545
258
1980
1945
1377
620
2779
1588
-992
-251
-2771
-4028
-3359
-3470
-2936
-6377
-2518
2379
-2462
1706
5356
2822
3386
3526
3613
-522
-1292
28
-3494
-1906
308
77
2048
3652
2467
-299
725
150
-3479
-1873
-1937
-2503
-4777
-6672
1108
-267
-653
6449
3731
3648
3472
1243
-491
-2275
120
-2249
-1318
1932
-16
1395
2382
1799
756
933
1489
-1420
-925
-2313
-4102
-3755
-7161
-2430
-1204
-2815
4742
3636
3827
6046
3035
1929
-727
906
-1706
-4635
-606
-2096
-438
1645
615
1903
2364
2360
-369
-931
-2144
-3315
-2649
-6888
-2247
77
-3043
4265
3971
2374
4891
3166
2829
340
92
-2055
-3402
513
-1119
1059
2679
803
3395
2620
319
-951
-479
-2106
-4126
-4500
-8757
-3738
-1565
-4592
3193
3218
3339
7219
4111
2832
1201
1073
-1414
-3518
-1001
-2195
-887
616
928
1486
1610
3330
2269
1456
-2069
-3073
-2935
-7764
-2168
-1642
-4476
2462
383
817
4242
2613
3776
2811
2412
127
-70
1206
-1913
1107
705
-412
3371
1298
-778
-1367
-1620
-3134
-2639
-3881
-7517
-1227
-2297
-2699
4442
1044
3884
7003
3192
2668
1317
146
-2278
-1251
-913
-2350
521
-635
-242
1183
1089
2437
1535
1877
-444
-1165
-2224
-6182
-1518
-4036
-5935
804
-2199
167
4431
1907
3265
4459
4562
2976
2362
146
-1681
631
-2028
-1023
840
-985
25
-438
-241
-1873
-1491
-3434
-6869
-118
-2513
-1999
4850
-423
3102
5641
1345
3202
1665
-743
-1607
-614
-1071
-1005
1955
241
2081
3031
589
301
-1947
-2543
-3246
-2623
-4737
-4045
1358
-3805
93
4189
-1128
4285
2869
263
3863
1495
397
1074
1250
-1
1959
1390
-2115
379
-1145
-983
-354
-2577
-1444
-1575
-310
-3736
-2055
1008
-4595
2118
1584
-2288
4723
795
792
3116
-376
436
1120
350
-547
1268
-217
-3
2714
170
1319
173
-763
-384
-1841
-2557
-5861
-1152
-2015
-3329
3433
-2113
1026
4717
-697
4012
3012
80
1276
-207
-235
564
362
-1363
1104
1628
41
1749
-429
-629
-1000
-2044
-2590
-4529
-1660
-4359
-3311
1162
-2190
3073
3757
588
4626
2112
945
2335
780
925
2072
1512
579
566
-990
-1276
-1011
-2163
-2322
-1636
-3878
-3792
659
-1956
200
3266
-1288
3495
2614
-1584
2329
-298
-1293
666
-435
20
788
417
504
1755
1768
2447
2300
696
-486
-1936
-2251
-4528
-2847
-2181
-4860
205
-1599
-1976
3347
-596
2146
4427
1661
4702
2901
367
1658
794
-40
724
-440
-1514
-926
-1880
-1273
-1705
-2325
-2612
-3291
-645
-3088
-1759
1668
-1336
2880
2454
713
5171
2717
2284
2072
-395
359
-152
-781
-941
307
1155
21
754
-71
-1753
-1423
-3992
-3168
-2131
-5930
-1127
345
-1157
4288
1883
2231
5114
1837
2694
1984
-684
-98
196
-614
-77
99
-241
1074
281
-447
-768
-1889
-3636
-3389
-630
-3397
-1292
335
-3271
2649
1884
498
4824
600
1240
2438
-173
1492
1665
760
813
500
-333
219
657
172
-160
-1215
-3008
-3712
-1735
-4619
-4067
-110
-3506
993
2991
-153
4253
2676
2123
3944
1446
1925
1738
7
-767
-535
-708
-1295
-24
-504
-854
-183
-3247
-2257
-537
-4360
-939
106
-2405
2667
1241
967
4663
1860
2072
2565
851
901
749
-340
-950
153
-229
-107
441
-1171
-1399
-1393
-3287
-3309
-2307
-4092
-2045
519
-864
2396
3086
1418
3620
2523
1750
2064
791
672
331
64
-386
-226
-45
-596
447
-633
-1323
-1724
-4281
-1803
-2403
-3662
1087
-287
565
3114
221
1713
2230
793
1633
1728
1244
1289
2170
1038
485
706
-623
-66
73
-1487
-1619
-2335
-4152
-2440
-2287
-3692
-587
-1246
-1611
1564
767
1823
3671
3207
3731
3813
2634
1124
808
-183
-1625
-1324
-1919
-1498
-257
-1075
-1159
-2671
-2454
-222
-2509
-1100
-41
-2253
897
1285
565
2225
1909
1918
2512
3245
1746
975
1219
-715
-323
-71
-1473
-952
-516
-1247
-1247
-2427
-3197
-1508
-2431
-1682
189
-822
1422
2472
1441
2093
2158
2428
2144
2140
1267
-331
-26
-725
-750
-316
-1062
-737
-631
-453
-1847
-2904
-902
-2095
-2261
389
-646
-524
799
268
533
1367
1665
1412
2440
3006
2073
2394
1907
116
-562
-684
-1148
-1062
-1067
-1866
-2939
-3456
-1876
-1936
-2328
-164
-394
-89
1586
1557
1691
2025
2608
2036
1606
2267
1510
951
656
-270
-669
-691
-944
-1577
-1616
-1471
-2988
-3066
-1484
-2376
-1773
275
-76
284
1706
2455
2057
1969
2514
1729
1283
1450
726
227
613
450
-197
-252
-193
-723
-1370
-1290
-2259
-2512
-1470
-2573
-2248
-982
-1177
-536
294
1701
2343
2145
2830
2616
2320
2502
1910
629
-5
150
-613
-1354
-1371
-1695
-2063
-2109
-2468
-2312
-1480
-1826
-1435
-283
212
1035
1091
1296
1817
2313
2928
2259
1779
1779
1501
615
-371
-469
-810
-1008
-643
-448
-876
-1377
-2010
-2633
-2316
-2362
-1944
-1451
-1138
252
852
1615
2064
1931
2811
2982
2794
2531
1950
1329
372
-248
-579
-769
-1031
-1647
-2390
-2728
-2754
-2502
-2019
-2043
-948
334
166
533
863
1142
1339
1180
1904
2163
2105
2060
1432
1044
888
563
-234
-495
-451
-963
-1617
-2350
-2410
-2560
-2461
-1868
-1809
-832
-134
-137
541
1262
2075
2241
2316
2623
2370
2574
2346
1216
134
-473
-498
-1030
-1512
-1493
-1606
-1669
-1924
-1956
-1632
-1168
-1130
-1481
-854
-69
577
1227
1492
1886
1979
2039
1956
1586
1359
845
283
-237
-199
197
-230
-864
-1146
-1422
-1495
-1546
-2011
-1914
-1347
-1328
-1075
-365
136
628
1186
1440
1557
1662
1736
1721
1565
1617
1471
808
280
224
128
-411
-1261
-1879
-1876
-1909
-1858
-1536
-1265
-782
-292
48
86
61
208
540
988
1106
1422
1758
1623
978
245
308
266
-233
-458
-200
-30
-480
-704
-737
-874
-954
-1298
-1689
-1378
-311
122
-191
221
1119
1348
997
747
883
1127
1023
554
-28
38
133
-396
-7
154
-568
-572
-453
-402
-562
-496
-249
-676
-377
-185
-597
-463
-218
469
884
524
95
-239
40
633
609
206
593
1276
1252
829
-5
-474
-448
-1044
-1366
-1177
-1035
-402
-163
21
732
342
-373
-212
-92
-468
-529
110
652
961
993
637
388
191
-265
-351
-152
-341
-348
-54
487
438
-419
-348
349
470
-118
-372
51
543
651
0
-103
-222
-673
-393
-310
-138
-129
-794
-818
138
535
99
260
398
475
760
373
160
94
-254
-375
-707
-1019
-987
-727
-63
317
308
208
267
356
-12
153
490
626
902
459
226
471
224
49
199
376
533
18
-913
-905
-651
-943
-835
-274
-64
161
225
-175
205
678
396
-135
-318
-89
-397
-393
-151
-63
213
314
725
657
285
186
-64
-215
-296
-251
-357
-197
-62
-85
91
112
273
-206
-424
143
174
-340
-776
-379
-180
-97
469
1030
1260
665
136
-114
-109
-159
-402
-330
-459
-259
51
207
300
104
267
86
-143
-43
-392
-141
316
86
250
422
65
-309
-473
-155
-21
-388
-525
-470
-626
-613
-1
412
270
417
993
1125
669
426
212
-356
-385
55
-344
-958
-724
-221
-6
-55
-222
-313
25
308
279
354
337
434
521
234
-280
-449
-125
11
35
-351
-578
-82
97
173
211
493
914
590
137
-209
-225
17
196
-6
-609
-747
-954
-650
237
517
562
245
47
-62
-199
-261
-471
47
124
-172
134
57
-196
-738
-779
-144
-72
229
380
142
284
462
899
1064
497
98
326
637
154
-467
-358
-160
-147
2
-294
-685
-102
320
105
-34
-80
9
-208
-716
-944
-600
34
360
168
-70
-65
121
1010
743
-558
-494
-438
-110
151
-579
-719
-273
702
1107
774
427
-140
19
255
17
-99
-37
209
393
167
-240
-456
-428
-197
-365
-265
152
104
178
236
262
438
583
-148
-840
-294
-202
19
475
-205
-841
-642
-156
36
92
273
286
388
802
608
159
192
-270
-807
-483
-229
-90
581
724
500
290
-321
-670
-780
-472
-521
-739
-170
-25
220
768
857
586
-147
-856
-450
374
253
323
275
-386
-186
292
-1
-262
-295
-164
856
1109
640
600
135
-50
-341
-655
-393
-121
-248
-734
-567
-312
49
328
84
140
0
74
235
-43
-185
-14
637
1136
681
-665
-1560
-1175
-150
525
146
-263
-418
-545
158
428
-57
5
579
1504
1519
644
136
-404
-1022
-1744
-2097
-1286
35
656
960
1067
337
288
333
85
469
614
1143
993
-69
-492
-976
-1374
-1383
-818
-313
-247
680
1564
1094
-16
-620
-418
279
772
172
-628
-512
17
344
501
467
-134
-461
-67
-95
-597
-1032
-1038
-524
71
444
210
-152
70
336
665
868
354
171
133
174
711
65
-549
-341
-690
-804
-951
-660
423
988
1456
1149
-83
-511
-329
12
88
-385
-422
-88
615
1150
174
-931
-1162
-1438
-1012
599
1101
700
1191
1300
956
270
-936
-1245
-1087
-1022
-629
-215
123
433
293
-46
102
377
356
690
987
254
-292
-768
-1507
-1123
-506
-300
-82
367
797
669
697
650
322
335
260
213
306
-115
-239
-19
-361
-702
-991
-585
134
-75
142
155
-548
-280
-98
-74
864
653
-96
329
9
-348
203
259
157
153
181
339
630
865
519
105
-178
-509
-217
269
-146
-570
-412
-676
-1237
-1676
-1241
-195
-238
-39
360
-130
566
1463
1121
984
1031
742
450
272
17
-88
-272
-768
-1075
-1187
-1204
-910
-28
182
-446
-44
455
530
1188
1594
1237
805
548
161
-174
-660
-1298
-1450
-1340
-939
-373
105
637
902
1111
1154
607
426
311
-316
-202
-279
-975
-1214
-1640
-1081
663
1047
450
308
-290
-422
846
1007
424
63
-467
140
550
-133
-506
-963
-1385
-963
-189
600
947
788
844
602
490
466
-16
312
370
-284
-418
-748
-833
-119
55
-313
-178
-34
-245
-309
-35
355
550
842
783
305
36
-274
-205
25
-74
-422
-1112
-1384
-1320
-1018
-255
111
36
412
1477
2184
2183
1388
-258
-1004
-635
-566
-765
-759
-694
-182
568
527
238
-159
-481
-59
266
65
-55
300
405
275
450
95
-342
138
409
-97
-311
-149
5
165
379
-186
-1208
-1094
-1266
-1291
-467
-611
-221
728
956
1464
2013
2096
1902
1717
1588
962
505
270
-739
-1717
-2974
-3899
-4052
-4315
-2883
-1371
-543
1033
1946
2497
2802
2835
2954
3361
3599
2546
1207
359
-455
-1406
-1608
-2423
-3805
-3450
-3806
-3951
-2011
-1127
-969
-129
868
2255
3848
5094
5073
4039
3102
1746
897
428
-393
-1006
-2056
-3139
-4487
-4230
-3376
-4092
-2619
-1363
-1135
533
1367
1610
2032
2782
3275
3616
4343
3594
2392
1420
-478
-772
-672
-1990
-2537
-3906
-4374
-4015
-4361
-2611
-1812
-1287
649
1909
2849
3659
4430
3996
3584
3285
2306
1984
1441
330
-576
-1459
-2726
-3980
-5572
-5078
-3930
-3840
-1115
259
900
2193
1611
2230
2897
2829
3174
3954
3696
1984
918
-531
-2072
-1976
-1775
-2300
-2497
-4327
-3890
-1522
-2211
-414
-385
-1825
481
1110
2309
3760
3100
2475
2607
2436
1634
2059
1703
543
385
-367
-1775
-2252
-3947
-4748
-3380
-4423
-2512
45
-576
1256
1771
1159
2433
2721
2501
3609
3218
1789
1417
-22
-568
-168
-342
-1148
-1502
-2939
-4463
-2356
-3462
-3019
-826
-2498
194
1711
1679
4210
4019
3033
3127
2525
1445
1946
1551
494
279
-931
-2267
-2914
-4229
-5567
-3456
-3548
-3332
253
-692
405
1843
403
2689
3751
2995
4277
4235
2683
2575
1065
-684
-865
-1415
-1466
-1414
-2404
-4139
-2607
-2978
-4199
-790
-2056
-1451
1403
406
3089
4146
3070
4132
2777
1292
2108
1416
1020
1191
-281
-1024
-2024
-3330
-4655
-4053
-3929
-4712
-1614
-1719
-619
2327
950
2987
3857
2657
4373
3707
2338
3106
2020
831
333
-1617
-2443
-3340
-3758
-3918
-3000
-2346
-4129
-1922
-1624
-722
2635
601
2151
3828
2734
4742
4110
1847
1787
629
144
934
-437
-396
-864
-2559
-3546
-3996
-3293
-4541
-2443
-1496
-1818
2315
1623
2521
4423
2167
2835
2220
719
1760
1128
694
1402
-345
-1096
-1728
-3053
-3338
-3038
-1268
-2517
-1764
-1027
-2277
1043
259
540
3089
1947
3496
3987
2913
3149
1767
609
1004
-420
-1054
-1086
-2608
-3673
-4988
-3548
-3634
-3370
-1266
-1914
1828
2965
2521
5084
3138
2967
3193
850
906
147
-1313
-216
-189
-202
-490
-2297
-2614
-3567
-1438
-908
-1766
423
-1855
-74
1523
471
3291
1822
1840
2865
1488
2293
1986
686
494
-130
-1077
-1558
-2475
-2569
-3943
-4139
-3297
-4284
-2249
-2148
-428
2797
2213
4774
4825
3878
5252
3530
2620
1884
-688
-1295
-1452
-1616
-483
-2088
-3025
-4125
-4908
-2199
-2411
-291
-27
-1405
1709
1135
3448
4579
2026
3288
2125
1865
3177
1474
55
-1193
-2704
-1811
-1788
-2267
-2282
-4044
-2754
-3102
-2650
-203
-1936
834
1839
1314
4084
2750
3458
3550
1511
2377
1032
-506
-202
-745
146
250
-1180
-1513
-3672
-3517
-2579
-3029
-963
-1872
-1145
693
323
2844
2660
2149
3084
2544
3816
3917
2091
960
-767
-1579
-1069
-2082
-2393
-3381
-4075
-2346
-2970
-1707
-1226
-1951
1053
1203
2783
4116
2274
3056
1980
1420
1827
250
93
-209
-256
139
-1436
-2671
-3093
-4251
-3160
-1902
-2063
-184
184
1077
2361
926
1692
1143
1046
2883
2017
2529
1937
582
1008
16
-394
-844
-1591
-1065
-1061
-1654
-1415
-1873
-2179
-732
-1088
-755
517
907
2538
1998
1583
1817
739
1190
1137
1278
976
-805
-1478
-2108
-2403
-2197
-2157
-2042
-1728
-1169
-671
194
671
849
980
739
1031
1317
1573
1955
1464
739
672
580
162
143
352
140
-463
-827
-975
-1315
-1612
-1859
-1627
-1130
-521
490
904
1038
1180
1170
1186
737
952
1541
980
16
-1041
-1675
-1319
-705
-146
-148
-544
-392
46
530
518
-449
-937
-761
-669
217
1173
898
205
38
563
678
316
398
2
-750
-1034
-785
-270
-599
-978
-331
220
126
376
1185
1301
728
191
215
520
163
-110
-390
-1085
-1497
-1178
-183
269
495
918
968
885
620
481
125
-126
167
222
301
-199
-896
-771
-664
-694
-560
-316
-389
-416
-297
-198
266
284
814
1455
702
238
-137
-765
-934
-1133
-1030
-244
591
1034
1467
1694
1186
283
-71
-251
-1153
-1772
-1513
-929
-446
366
781
2
-202
153
406
479
379
896
1078
718
158
-422
-499
-884
-864
-362
-650
-773
-319
392
1285
1778
1840
1512
736
98
-213
-1052
-2184
-2428
-1683
-628
-72
65
286
539
713
863
615
-319
-666
-114
358
443
-4
-58
526
502
-91
-539
-930
-1067
-556
25
489
981
1163
1135
708
-21
-396
-807
-1205
-1304
-1227
-274
768
984
1426
1990
1773
1016
185
-827
-1700
-1840
-1171
-242
140
403
494
-58
-176
95
3
-659
-1418
-634
590
623
469
678
1191
1047
595
313
-539
-1227
-1568
-798
-203
-489
284
290
-26
433
424
207
-8
-179
-682
-731
-332
191
767
536
508
396
-320
-699
-30
787
708
1175
1732
1327
405
-698
-1441
-1762
-1851
-1584
-769
-248
-209
115
916
1488
1300
1119
702
93
-267
-598
-601
-432
-24
443
550
347
-9
13
-132
-961
-1163
-527
-461
-1092
-1134
-142
367
128
333
606
292
-55
284
448
466
1177
1349
1000
872
601
310
-84
-685
-1500
-1862
-1202
-906
-751
15
325
791
1455
974
-88
-421
-658
-1102
-363
183
-226
86
694
968
902
400
67
111
123
144
-64
-448
-910
-1178
-21
669
-226
-551
-37
604
779
842
856
434
-140
-615
-393
-430
-824
-653
-411
-269
-479
-501
72
524
576
524
548
-350
-1055
-227
-12
-341
-37
250
286
28
151
475
425
341
138
121
56
-134
207
638
769
872
567
-18
10
-56
-392
-651
-656
43
-458
-1215
-257
-235
-1001
-522
291
614
539
251
16
130
222
28
37
-104
-426
-230
46
58
174
418
628
708
363
-380
-682
-441
-578
-1074
-990
-768
-896
-317
790
1505
1354
1166
1915
1444
-421
-1338
-986
149
678
423
367
-166
-924
-979
-522
-220
-718
-536
1144
1717
532
-247
-332
-898
-1032
-316
-131
-145
79
666
969
264
-345
-496
-402
-656
-538
88
-191
-68
351
641
1365
1162
139
-202
141
-600
-1372
-724
-944
-1199
-99
551
852
1134
1127
1455
1565
1029
-48
-1176
-1281
-1093
-830
-314
-98
409
969
1175
1012
519
-379
-1421
-1704
-2112
-2035
-1209
-873
266
1060
479
786
1529
916
308
638
408
146
384
305
-38
-210
98
435
464
-231
-823
-365
57
-159
-267
234
-201
-954
-555
16
669
800
766
955
759
854
854
285
-681
-1590
-2242
-2550
-1534
139
727
941
1824
2081
1462
738
-675
-2091
-2215
-2364
-2170
-510
394
990
1960
1564
992
1399
1009
-269
-1138
-1526
-1076
-385
1067
1525
539
832
-319
-722
-31
-737
-715
-1000
-44
924
942
1490
1232
768
-266
-459
-634
-1552
-1236
-959
-151
1125
1758
2265
1374
-459
-1450
-2564
-1980
-797
-839
-253
-1034
448
2686
1640
1320
-320
-1249
-1102
-2291
-629
765
89
1106
1598
852
1225
797
-518
-996
-840
-429
-277
154
574
1021
1309
661
28
-223
-611
-1258
-1184
-916
-500
555
590
1200
1726
340
86
-560
-1806
-1983
-2659
-1906
-340
1205
2619
2684
2031
458
-152
-472
-677
-523
-1103
-1080
-1346
-318
1220
1551
978
-259
-381
-701
108
348
-852
-495
-314
487
1780
2384
1707
151
-738
-1336
-1116
-1202
-1397
-684
-44
193
304
531
155
-69
113
122
160
171
694
1107
1059
472
-719
-866
-916
-1391
-1094
-1089
-316
1339
2373
2187
104
-1586
-2246
-1461
94
-462
-844
-289
150
1075
2150
2516
1667
715
-539
-1578
-1053
-657
-1063
-691
-25
298
1119
1457
1157
181
-1369
-1889
-1550
-796
-396
-431
-86
366
750
1576
1843
992
819
225
329
1394
382
-88
-284
-1513
-2138
-2116
-988
-509
-708
183
665
327
623
1794
1753
-16
-1152
-2443
-2740
-564
-209
-757
162
1157
1862
2618
3392
2301
1149
431
-1024
-1143
-1386
-1854
-1673
-1381
-1164
-1121
-86
649
986
738
-872
-684
679
962
1178
851
98
331
632
526
497
-239
-817
-765
-795
-288
-353
-56
1111
303
-201
175
-402
-471
-835
-1646
-1444
-114
1185
1736
1615
303
-975
-623
528
474
391
375
-805
-402
548
637
787
319
-677
-1685
-1564
-1405
-1182
-65
372
278
268
791
1463
1878
1451
241
-148
-60
-102
-242
-243
-381
-126
293
241
506
-426
-570
173
-381
170
425
615
818
-81
-179
-893
-1296
-1403
-1698
-1635
-2403
-1109
92
1064
3498
2289
885
1389
1090
1160
331
-835
-1439
-1971
-1438
-673
173
1022
575
795
1115
-483
-725
-337
-984
-738
-711
-348
1490
2071
1411
1223
109
-707
-463
-84
827
126
-352
-552
-1634
-869
-925
-742
439
303
257
-142
216
737
180
-497
-911
-506
-630
-688
59
319
256
1018
2190
2142
1060
86
-387
-862
-716
-580
-1114
-1179
-1173
-517
665
1088
991
1018
413
-399
-688
-1581
-1494
-609
-217
68
412
1425
2048
1792
1610
1483
421
-130
-496
-1553
-1864
-2239
-1809
-1487
-872
862
1656
1892
1355
1038
293
-275
-495
-1363
-1183
-1881
-1857
-878
-131
959
858
1982
2738
1746
1438
472
-644
-675
-973
-1375
-885
-936
-1039
-309
67
693
1042
960
947
272
-100
-466
-655
-210
-570
-970
-998
-253
666
652
880
639
459
205
-824
-465
394
282
203
131
-222
170
444
407
569
160
216
316
32
-534
-1396
-1842
-1092
286
-622
-991
40
-151
803
1567
1144
848
23
-285
-380
-606
81
-271
-410
403
-708
-424
346
-107
603
-26
-180
535
-103
312
1231
671
157
911
691
-52
-386
-1139
-1187
-1000
-1003
-536
219
593
1008
1079
387
530
97
-352
341
-113
-690
-353
20
-448
-658
-10
-631
-507
99
-739
-541
-571
-851
484
1314
750
295
438
268
561
467
203
1589
1133
-289
-386
-845
-738
-275
-133
-490
-520
-581
-1823
-891
22
-542
1070
1486
671
956
1028
1003
403
417
324
-563
-857
-1086
-836
-603
418
709
-273
838
501
-654
57
-263
-570
-734
-1106
-534
-200
-91
186
308
511
212
92
915
1209
1041
793
728
823
-142
-932
-741
-602
-1076
-1542
-1706
-2311
-1417
288
262
271
548
527
1075
1657
1738
1833
1868
1444
925
591
165
-1014
-1247
-586
-1105
-1367
-1969
-2560
-1785
-802
287
393
754
1635
829
-224
-25
725
313
-77
466
-49
-90
822
1041
1277
840
15
202
191
-344
-855
-1036
-1225
-1398
-1072
-1212
-861
536
1143
602
683
1016
-166
-478
258
257
392
365
154
-85
-115
472
1011
1495
1594
655
-911
-1888
-2011
-2299
-2126
-1982
-1884
234
1148
724
1441
782
728
1858
1986
2207
1698
656
129
-585
-1341
-1061
-448
-704
-779
-1132
-1121
-472
-1399
-1335
-773
-531
2079
2289
154
-280
-706
-1127
-1057
571
2793
3029
2094
1066
299
77
200
-428
-953
-1240
-2498
-2892
-1720
-933
-855
-311
61
2380
4600
1664
-269
-593
-2428
-2213
-749
679
1197
1143
1247
597
752
1653
2108
1043
-354
-1030
-2249
-2331
-2559
-3016
-2834
-2557
1626
3770
345
-460
382
62
350
2060
3574
2447
1040
949
515
-33
745
851
-1010
-1849
-1616
-1948
-2451
-2220
-1717
-2508
-3414
-936
3414
3499
1051
373
-220
-158
1300
2734
3380
1702
-404
-298
-331
-701
282
570
-982
-1674
-178
95
-630
-15
-632
-2005
-2855
-1718
2383
1663
-2404
-1878
-1096
-778
817
2292
4302
3245
722
860
505
71
1057
837
-735
-1924
-1752
-373
90
-55
-701
-2118
-2368
-2664
-1156
1383
193
-705
-187
-732
-522
1344
4244
5289
2815
445
409
505
185
182
-183
-1270
-2518
-2150
-870
-817
-824
-1158
-2031
-1916
-1357
1537
4048
1314
-981
-1143
-1712
-1138
-449
611
2119
1535
-176
-145
1126
2170
3377
2901
477
-1111
-1114
-279
-558
-1509
-2524
-3357
-2797
-2206
796
3417
852
-533
-471
-928
-401
-30
2144
3220
525
-784
338
920
1351
2457
1755
-91
-1106
-1591
-556
47
-985
-2315
-3232
-2987
-2630
679
4383
1889
-534
-546
-769
72
-252
6
1928
1250
-1166
-1877
-710
1324
3149
2749
1202
747
456
582
355
-1262
-2134
-2930
-3872
-3482
-1162
3024
3390
66
-928
-1258
-1233
35
1247
2640
2386
391
-274
451
516
673
1303
934
-312
-1811
-1719
-220
149
-859
-2281
-2082
-1451
-1347
1588
4001
1713
-537
-306
-629
-1186
-81
1612
2709
1845
-778
-1643
-84
1003
570
-103
-715
-1268
-1461
-1136
167
814
-210
-1345
-1651
-1721
-758
2966
4454
1080
-1361
-1920
-1861
-535
574
1149
1623
1000
-452
-1626
-1379
708
1860
1170
213
-297
534
1358
1529
1400
-790
-3108
-3078
-3463
-2524
2240
3840
822
-868
-875
-316
849
1608
2021
2153
112
-2338
-2012
-791
260
1121
702
57
-158
-169
734
1001
-72
-1083
-2412
-3245
-3730
-2238
2594
4129
1266
-895
-1560
-868
785
1872
2471
2325
360
-885
-536
45
1184
1767
1038
-701
-1625
-509
813
956
2
-1305
-2673
-2994
-3148
-3021
1442
5010
2246
-885
-2142
-2249
-257
1485
2641
3660
2083
-575
-574
693
1185
1267
276
-1422
-2104
-1697
-808
267
81
-1178
-1638
-1941
-2312
-2397
86
4812
4627
582
-2249
-3240
-1239
1029
1738
2336
1784
-111
-861
694
2442
2648
1262
-1322
-3031
-2401
-1112
1
772
259
-654
-1307
-1550
-2510
-3263
882
5238
3364
-237
-2218
-2001
604
2254
2080
1578
579
-1014
-1668
-118
2013
2265
365
-1416
-1803
-1587
-676
633
533
-1006
-1382
-937
-1305
-2596
-4222
-853
6113
6586
1153
-2653
-2491
100
2104
2100
1512
577
-1191
-1878
-500
1403
2223
1351
-511
-1774
-1620
-633
105
-63
-754
-1191
-1186
-1186
-1658
-3174
-2193
4632
8013
2322
-3874
-5221
-1895
2574
3881
3160
2065
-66
-2427
-2714
-777
1807
2376
-210
-2250
-1478
285
1400
1460
751
-319
-1434
-1378
-977
-1999
-3518
-4316
-146
6998
6501
-663
-5335
-3595
1540
4099
3000
1758
1480
89
-1128
-159
1244
1220
-624
-2915
-2611
-417
447
1107
1519
197
-1585
-2167
-1789
-2369
-3832
-4842
362
10097
10380
1304
-6092
-6463
-1175
2915
2041
593
1561
394
-2235
-1963
344
3110
2816
-793
-3046
-2610
-629
1097
2178
1827
-62
-118
-341
-1312
-796
-1607
-2806
-3503
-966
6121
7665
1646
-4004
-5102
-1649
2491
2975
1406
1274
66
-1976
-1722
-357
806
927
-206
-1046
-24
716
50
495
1087
600
-473
-1177
-1388
-2070
-3263
-4550
555
10113
8826
-2107
-9347
-8173
-1018
4547
3379
1325
3196
3496
-115
-3708
-3387
914
2920
403
-2208
-1866
-225
683
1718
1994
1143
249
-791
-1461
-707
234
-774
-2436
-3854
-2109
5101
8160
1928
-4527
-5369
-1869
2257
3267
2304
1898
724
-1926
-2834
-1759
-804
311
-310
-1513
-562
346
823
1774
2668
1944
604
477
235
-213
-1579
-3742
-5547
-4512
2874
8977
4824
-3718
-7104
-3892
1986
4754
2300
622
2181
1637
-1628
-3471
-2489
173
2009
910
-976
-591
417
810
1343
1409
1104
252
-1117
-1832
-1126
-397
-1388
-3106
-4668
-164
9621
9451
-534
-7375
-6887
-912
4219
3271
-81
291
2094
503
-2537
-3257
-861
2046
2307
-27
-1740
-1067
-293
-138
696
1799
2121
1337
-57
-926
-578
-1034
-2633
-4438
-5655
168
9536
8331
-1498
-7530
-5959
-422
3820
3118
468
653
1852
1355
-1286
-3471
-1132
3030
3535
807
-779
-786
-1257
-949
211
1338
2018
468
-2039
-2745
-1288
-8
-870
-3009
-5284
-1734
8191
10817
2433
-5923
-7384
-2524
3745
4817
1216
57
1587
859
-2241
-4072
-2678
457
2743
1814
-668
-1513
-1686
-1352
-431
1005
3381
3546
1151
-1093
-1391
-138
-954
-3711
-6863
-4767
6254
12109
4653
-5437
-8577
-3933
3104
4869
861
-86
2771
2534
-665
-3788
-4098
-247
3691
3212
127
-1952
-1944
-609
442
1221
1908
1702
-178
-1905
-1681
-265
885
-320
-3042
-5693
-2523
7368
9886
2181
-5934
-8393
-3290
3509
4535
1218
31
999
1295
-267
-3236
-2972
426
3462
3791
789
-2025
-3265
-2094
368
1246
2127
2093
333
-1454
-2073
-480
-601
-2613
-4310
-5324
1301
10718
9183
-518
-8369
-8640
-1400
5647
5358
1651
883
1440
2083
784
-3535
-4311
-199
3018
2715
153
-1961
-1926
-544
429
1033
1468
568
-1027
-1983
-1772
-454
-51
-1115
-3690
-4546
2776
10024
6337
-2394
-8572
-7761
572
6791
4968
1400
485
594
526
-1872
-5128
-4245
-150
3069
3212
200
-2239
-1456
114
1199
2695
3437
1874
-468
-1963
-2391
-1505
-1003
-1599
-3242
-1233
7149
9851
3468
-4413
-9294
-5708
1078
2654
1414
590
767
2064
1363
-3282
-4848
-667
3345
4344
1944
-492
-560
-523
-499
164
701
486
-225
-1546
-2682
-1991
-1178
-822
-1679
-2759
3162
9493
6269
-704
-8026
-9691
-2180
3001
2941
2448
2139
2911
3451
174
-4312
-4114
-1118
2451
4084
513
-1808
-787
-216
659
1393
1736
1409
-65
-1390
-1918
-2375
-2629
-1736
-2776
-2825
3567
8403
5611
-1654
-8050
-7004
-477
3484
3894
2657
1435
2928
3607
-440
-5097
-5563
-2702
1176
3427
1586
-346
-440
-41
1032
1230
1220
729
-372
-1601
-2929
-2715
-2210
-2552
-3052
297
6714
8614
5225
-1886
-7396
-5162
-124
2270
2194
911
662
2134
2243
-955
-4442
-4420
-721
3002
2899
681
-134
-30
334
951
1234
1096
522
-512
-1532
-2902
-3667
-2858
-3108
-1612
3626
7057
6180
775
-5337
-6302
-2937
197
2085
3060
2334
2820
3739
1652
-2043
-4400
-3404
-866
1078
1152
-550
-1304
-294
782
816
1085
1537
1237
327
-1017
-2494
-3564
-3461
-2307
536
4329
6673
5557
465
-4242
-4532
-2111
-407
689
996
667
2048
2635
517
-2351
-3711
-1855
990
2124
1415
153
184
868
1093
1083
287
207
518
-677
-1740
-3219
-4216
-4276
-3739
1111
6216
6808
3939
-1802
-4868
-3002
-668
733
647
173
1336
2792
2779
-81
-3375
-3711
-1514
1948
3045
1293
30
-296
269
1166
774
-160
396
909
659
-16
-1858
-2998
-3986
-3009
1720
4996
4936
1498
-3223
-4530
-2733
-415
471
96
418
1864
3393
2831
-1154
-4712
-4459
-1937
1410
2841
1996
1721
1885
2653
2733
855
-788
-1713
-1788
-1687
-3243
-4809
-5019
-3369
1340
5912
6831
4236
-143
-2898
-2907
-1292
200
44
-245
707
2891
4159
1976
-1500
-3351
-2713
1
2406
2496
1155
153
-10
346
-94
-1341
-2389
-2525
-1112
-539
-1587
-3254
-4901
-2209
3988
8224
7895
2407
-2473
-3291
-2648
-789
-563
-2094
-1173
1025
3632
4123
436
-2635
-3892
-3021
-474
756
1291
917
1280
2507
2276
1888
663
-800
-866
-761
-1607
-2902
-3909
-4489
-2045
2796
6137
6022
2226
-1095
-1553
-812
124
-310
-1546
-1357
427
2643
2116
-1289
-3423
-3266
-1784
48
1706
2334
1644
1981
2290
1101
101
-783
-1497
-1118
-1407
-2502
-3161
-4560
-3587
522
4783
7434
4336
-553
-2817
-3217
-977
-128
-862
-774
280
3834
5575
3033
-740
-4243
-4398
-1753
-41
649
326
713
2471
3760
3617
1435
-521
-1428
-1338
-1513
-3249
-4165
-4975
-3326
1577
5395
6196
2002
-2573
-3786
-2683
-511
-355
22
769
1992
5139
5180
2349
-1516
-5138
-5065
-3173
-1074
406
1019
1961
2912
3943
3493
1224
-983
-2079
-2532
-3220
-4027
-5620
-4699
-67
4752
8274
6528
1402
-1424
-1941
-520
-62
-1758
-3237
-2610
966
3792
3910
1865
-1785
-3285
-1530
468
2
-1217
-863
-50
2231
3975
3245
1728
-809
-1673
-1734
-3213
-4864
-6828
-5249
61
5771
9112
6531
1965
-1137
-2096
-1222
-1852
-3260
-4580
-3594
959
4500
5658
3831
217
-1380
-783
670
124
-1454
-1047
656
2654
2771
1038
-1035
-2356
-2493
-2583
-2536
-4349
-5604
-2245
2675
6678
6672
2610
-1241
-2783
-1031
659
-1
-1533
-2882
-616
3718
5237
4074
469
-2667
-2909
-1528
292
-250
-1775
-1846
320
3534
3785
2544
422
-1636
-1849
-1751
-1827
-4425
-5933
-3158
1063
5454
6067
3666
960
-1183
-596
351
-279
-2264
-4084
-3279
181
4031
4747
2434
450
-121
-291
-344
-1237
-3194
-3827
-2069
1204
3313
2920
1725
1024
491
-33
-868
-4484
-6889
-3866
1003
5177
5703
3654
1316
-511
291
91
-1418
-3575
-5559
-3141
968
3965
3989
1744
101
-870
550
1650
837
-731
-2772
-1532
1299
2396
2169
684
-398
-494
-566
-1834
-4060
-4833
-3546
-163
3538
4317
2667
192
-1406
-987
-31
302
-321
-1648
-1636
914
3150
2662
1281
0
-1280
-709
666
720
234
-225
642
1746
1604
818
-485
-1018
-1987
-2665
-3466
-5606
-4912
-2263
1473
5281
6053
4621
2114
614
268
199
-602
-2452
-3452
-3102
-652
2654
4160
3105
1262
58
-785
-707
-1092
-2350
-2955
-1908
410
1850
1768
897
581
253
-74
-395
-3126
-5470
-4620
-1766
1526
3638
4380
3375
2158
1984
2113
1456
-879
-2686
-3309
-2352
-396
-12
-216
-523
10
1576
2655
2610
775
-641
-616
37
983
712
-584
-1135
-1382
-1661
-1773
-2817
-2589
-944
638
2568
3047
2598
1153
-439
-338
365
915
-475
-2138
-2376
-1688
235
1314
1271
928
109
-135
794
1103
363
294
285
329
797
554
-464
-1460
-1797
-1901
-2067
-2259
-2549
-1698
867
3206
3467
2424
1432
529
504
769
-57
-1269
-2380
-2329
-1207
653
2432
1910
1019
841
1035
1242
-13
-1367
-1597
-941
-269
773
1606
940
-16
-1092
-1632
-2153
-3207
-3449
-2186
98
1742
3034
2902
2155
2088
780
109
-42
-1089
-2138
-2127
-878
104
1077
879
-210
-277
-385
-388
-235
107
526
166
617
2103
2377
1412
632
220
-812
-2698
-3609
-3015
-1713
222
1534
1684
1398
1061
1086
1338
1439
660
-548
-1223
-1284
-799
-1203
-1541
-677
-83
328
643
843
691
669
536
154
1222
1389
856
1027
220
-997
-2466
-3207
-3020
-2587
-1699
-623
843
1815
1874
1420
1233
1300
1220
764
-415
-747
-907
-960
190
683
466
365
371
171
340
1250
1243
1124
1020
-261
-950
-761
-614
-676
-1067
-1666
-2106
-1643
-886
28
837
1042
926
429
680
949
785
401
-511
-1064
-1369
-353
656
977
1333
66
-457
110
71
-129
-487
-169
343
307
647
1411
1150
318
-197
-1188
-2214
-2637
-2622
-1799
-483
-150
-77
547
1029
1666
2034
1822
1934
2044
980
117
-213
-905
-850
-922
-1312
-825
77
616
851
928
586
437
300
-354
-1096
-898
-246
-298
-983
-1956
-1839
-1227
-735
-325
-510
-519
34
1383
2232
2709
3179
2677
2213
1561
324
-985
-1957
-2528
-2046
-1228
-1402
-842
-407
-700
-352
-285
-173
599
1126
1382
1378
556
-628
-1645
-1943
-1487
-617
43
-272
-30
1103
2189
3054
2957
1835
970
812
273
-392
-861
-1169
-1333
-1843
-2076
-1597
-868
-168
161
-358
-67
1118
1331
710
-355
-1051
-1600
-1114
-59
-310
-266
-40
672
1824
2281
2398
2052
1632
783
206
-234
-1506
-2297
-2851
-3159
-2446
-1644
-860
258
1135
1965
2283
1954
1855
1334
364
-736
-1600
-1573
-1173
-831
-367
-24
53
505
602
336
857
1504
1745
1109
172
457
866
173
-1151
-2234
-2134
-1674
-1378
-887
-553
378
1504
2077
1950
1350
1063
146
-679
-1194
-1808
-1435
-1056
-1066
-1463
-1364
-250
547
1432
1824
1409
1357
1669
1591
801
111
-549
-1171
-1518
-1558
-770
-360
-417
357
808
232
135
430
24
-356
-755
-1185
-501
434
196
-500
-172
785
1323
1234
916
905
915
844
285
-346
-333
-699
-1410
-1743
-1193
-313
17
158
221
527
751
779
558
134
171
-241
-697
-708
-1072
-1768
-2069
-1559
-1074
-83
1095
1606
2183
2606
2400
1555
974
410
-451
-935
-1452
-1594
-1255
-1067
-626
349
594
635
890
54
-48
237
-215
-503
-856
-483
-44
-39
55
-17
191
416
518
666
540
308
211
290
557
335
-46
25
-323
-637
-547
-754
-1178
-964
-126
8
-61
171
133
202
259
110
74
133
143
-269
-588
185
760
425
275
200
28
155
280
69
84
-104
-399
39
-86
-232
640
898
165
-495
-862
-677
-74
-160
-444
-390
-138
-142
-396
264
354
-122
104
221
390
231
206
586
615
594
677
537
-83
136
155
-597
-265
-276
-560
-609
-724
-188
232
336
-199
-817
-651
-386
-77
-50
-586
-1062
-1025
-556
381
825
705
1400
1752
1459
1625
1555
640
-269
-911
-1608
-1247
-633
-686
-233
445
800
844
698
-70
-1080
-1280
-1114
-491
-105
-393
-660
-1041
-451
485
855
1390
1189
926
886
440
140
-423
-576
-326
-181
305
667
885
1080
833
-393
-1141
-1065
-1509
-1218
-1163
-1382
-349
-13
152
884
653
-16
-198
-288
-404
43
379
182
456
1419
2249
2119
1519
1040
462
-71
-610
-1137
-1374
-1445
-1258
-549
-267
-693
-440
-119
-389
-454
-431
-281
-365
-475
-140
-110
-117
37
484
1211
1232
998
1220
1377
1400
1313
423
-385
-486
-966
-1322
-1280
-1314
-1421
-1089
-175
-76
-259
-340
-671
-288
166
519
673
384
718
1297
1803
2033
1376
488
-284
-983
-1210
-1111
-885
-369
-99
353
1199
1247
1066
568
-581
-1502
-2088
-1869
-1442
-997
-608
-857
-208
675
943
1256
861
253
-75
-28
276
450
935
702
188
688
944
741
191
-222
393
688
227
-354
-810
-831
-992
-1208
-1099
-1243
-1407
-1081
-593
-79
590
1008
936
941
879
289
-195
-207
-229
-9
1022
1513
1109
1100
1058
874
393
-403
-770
-1292
-1403
-812
-961
-1222
-844
-692
-376
130
-145
-606
-369
354
697
523
-14
-488
-70
530
922
972
842
916
495
499
1018
970
562
81
-234
-779
-918
-682
-1032
-1149
-1239
-1341
-1162
-814
66
754
934
414
-242
-225
33
531
379
165
803
1160
1262
903
411
439
518
671
305
-734
-1276
-969
-534
-110
367
120
-566
-844
-964
-1118
-1217
-1258
-979
-183
584
964
1256
1275
1173
966
172
-482
-751
-759
-210
185
254
453
620
674
728
738
637
543
522
178
-631
-1185
-1364
-1553
-1497
-1048
-454
-74
320
853
990
1006
895
241
-464
-1006
-1243
-972
-309
574
1101
1352
1780
2070
1837
1322
794
-355
-1511
-1656
-1862
-2561
-2720
-1789
-730
-33
748
960
974
1065
929
904
517
132
-151
-430
-390
-521
-503
-460
-429
-123
145
378
430
877
1165
756
732
652
552
300
-485
-776
-838
-619
-417
-423
90
116
254
550
237
89
-502
-1052
-1098
-997
-781
-698
-357
-52
432
1118
1553
1704
1479
1234
715
212
-70
-684
-1477
-1575
-1038
-907
-674
-150
446
1129
1637
1913
1378
334
-576
-1616
-2701
-2677
-2000
-1519
-863
-540
453
1707
2119
2172
1635
1331
867
306
-75
-712
-657
-422
52
706
1034
896
198
270
77
-441
-232
-975
-1528
-1021
-953
-1101
-1291
-675
223
362
672
542
1094
1885
1231
885
362
-71
-571
-1437
-1291
-1262
-538
48
-177
545
962
1227
1158
721
620
66
85
91
-529
-369
-579
-1316
-1964
-3097
-2385
-419
136
116
342
2105
2655
1251
1141
562
432
-99
-1047
731
973
-167
104
805
1336
409
-307
-33
-295
-558
-192
432
750
201
-578
-879
-1438
-2208
-3496
-2973
-180
122
143
1522
2220
2289
880
731
1140
-322
-1468
-1863
-169
1227
326
820
1481
931
260
116
588
-187
-929
-307
203
-47
-1063
-831
299
-718
-1438
-1979
-3292
-577
1181
-58
1257
2163
2547
1542
52
1022
-67
-1113
-1002
-831
542
709
1022
1718
1283
282
-278
-483
-1104
-1417
-1290
-486
-226
-91
436
938
837
-571
-848
-3311
-3467
701
-460
-601
1096
1671
2507
632
2001
2063
-905
-173
-536
-481
-547
-1020
1026
368
-531
61
-232
-10
229
1111
1095
15
331
-32
-629
-261
-1069
-1561
-2866
-4444
-389
1424
-140
2545
3379
2896
1687
718
2057
-943
-2115
-600
-1285
-1006
-1198
42
584
-559
819
686
-697
-203
292
281
214
808
1221
-293
-412
-351
-1733
-2377
-4493
-1387
2046
-934
1836
4232
3083
2716
1098
1767
-1089
-3477
-1725
-3299
-3167
-998
606
1584
1503
2610
2143
722
923
505
-558
-600
-159
-529
-1050
-710
-408
-1118
-1381
-2447
-2763
756
848
316
3351
3512
3485
2493
857
304
-2277
-2166
-1917
-3221
-2419
-1927
-952
175
1060
2142
1562
1178
1579
913
1120
1491
543
-8
-809
-877
-1907
-2458
-2522
-4090
660
1718
-1017
3112
2750
1530
1233
-119
366
-2483
-2027
-1221
-2332
242
986
1606
1961
1485
2207
985
479
472
-1169
-1167
-434
-482
-750
-498
474
-836
-788
-922
-3192
1151
1095
-2513
1735
1380
-274
427
211
733
-1649
-329
577
-1610
523
1172
1361
2335
2236
2237
759
66
-309
-1153
-735
-483
-852
-1408
-1460
-1185
-2144
-1128
-1015
-3136
1273
1585
-1735
2727
2477
680
1213
367
749
-1300
-265
91
-1902
1091
1439
155
609
557
559
311
737
-95
-1050
-362
-967
-916
-246
-804
-972
-1819
-628
-999
-2216
3317
1481
-1506
3630
1907
1052
2124
949
413
-1870
-378
-1503
-2817
689
-660
-1325
183
440
985
1404
2505
1635
645
483
-1826
-2265
-1708
-2245
-1660
-1920
-1404
-2466
-1903
4063
1552
472
4795
904
443
1958
505
-456
-1158
440
-1421
-982
1303
-1217
-603
498
-878
-1071
49
758
715
2358
2568
612
905
807
-193
-208
-915
-1834
-5170
-3711
215
-3784
-208
3363
-903
2093
3173
1158
532
965
1603
-1650
-378
-68
-2808
-28
860
-270
765
1394
400
128
1689
1029
528
1218
-1179
-2246
-1791
-2000
-2264
-3942
-244
1703
-899
3813
3681
826
3407
1524
-769
-1464
-814
-943
-2227
201
-1255
-2573
207
31
785
2721
2493
634
-581
-325
-1106
-364
492
-803
-471
-960
-1283
-1425
-2216
1571
1136
-1130
2048
530
94
2257
1077
872
583
180
-1128
-1073
534
-973
-740
126
-1039
-449
780
1068
1000
1466
1535
821
1065
223
-884
-1223
-3280
-3914
-5395
-4963
94
-412
1627
5401
2538
3691
4655
2839
2240
1031
-1079
-4404
-3551
-3059
-3906
-384
853
828
1751
1244
1208
1780
2321
1519
235
-581
-1825
-1139
-899
-1766
-1232
-3359
-2134
435
-1567
1664
2274
148
2410
1322
792
1159
1534
1420
-387
8
-1550
-1785
71
-487
-263
-43
-159
14
114
437
730
1510
1600
625
174
-1149
-1458
-1898
-4373
-1639
-2404
-5037
157
345
1847
6259
4851
3912
2803
2038
13
-1561
-1447
-3748
-2857
-1661
-2440
-672
693
866
1455
1386
1119
1351
1167
482
566
369
-1724
-1491
-2626
-3483
434
-1549
-474
3071
477
2973
3284
970
1054
-277
-1165
-2489
-1682
-2393
-3217
-420
-497
241
1941
1169
1879
2672
2113
1853
1554
1443
393
-385
-1503
-2360
-1173
-3953
-3013
-1417
-4567
409
938
-748
3374
1489
1922
3476
1967
1181
33
64
-1485
-1090
-75
-1772
-231
208
-189
1859
1199
343
527
71
-622
-366
494
-2003
-1474
-1392
-2852
847
-2238
-1884
2087
-1786
1166
2550
512
2936
2777
1889
463
-218
-1076
-1701
-555
-2012
-1282
-10
-1703
-59
1512
1200
2862
2923
1455
549
656
-497
-1965
-1193
-4078
-2216
-71
-3539
1583
1524
-915
2788
266
440
1779
252
-76
-905
-564
-609
489
-109
-2375
-284
112
-155
1647
683
976
2007
1316
797
110
-119
-1944
-2120
-3265
-3925
520
-1833
-859
2470
-1471
2466
4109
1819
4282
2711
1080
460
-859
-1533
-1514
-360
-1811
-2049
-1523
-2848
-570
153
454
3368
2014
861
936
634
243
-678
-1671
-4939
-2277
-1133
-3587
1092
-258
54
4299
978
1855
2814
710
1341
1336
273
-118
1045
-376
-1066
150
-1815
-1273
-891
-2555
-1505
-756
820
2231
2702
2364
253
-9
-1861
-1335
-440
-4356
-1958
-1417
-2360
2433
2099
2823
4848
2471
1307
767
-608
-1883
-1623
-2611
-3219
-749
-602
-92
1316
881
1536
1747
1644
1219
398
425
-750
-906
-2002
-2125
15
-2457
-911
1076
-1421
1403
1197
165
2870
1408
-334
-708
-1314
-1460
-216
239
-615
826
1441
1961
2246
54
-753
-759
-15
705
303
-699
-2549
-1367
-954
-1193
800
-1464
-1480
-404
-2618
306
1018
231
3178
2459
2083
3366
2369
976
420
-937
-2187
-1341
-2340
-2942
-1864
-1575
-31
654
1181
2268
2121
885
139
-376
-1517
152
-1040
-2054
738
-1205
-83
1075
-1278
895
905
257
1062
858
1446
1242
1099
-603
-1703
-440
-902
-320
-178
-1583
-1093
-912
86
1657
2129
1780
-91
-993
-1748
-1058
-310
-1852
258
773
-303
1935
1050
789
2326
938
126
-111
-1018
-1642
-1739
-2023
-2090
-243
124
217
1606
1186
2004
2388
1472
983
40
-170
-1157
-1750
-3632
-3020
-590
-3339
-625
938
-562
4168
2980
1466
2512
-404
-36
701
-461
-487
7
-396
-1180
-245
158
1244
2531
899
-297
-872
-1231
-870
-306
-30
-1047
-648
-1460
-1408
979
-1326
-364
853
-1975
493
356
-477
2138
1313
1126
2044
1204
-85
388
-132
-1407
-282
-940
-367
694
-432
-443
-870
-667
-318
213
-209
-934
-383
-827
1827
1279
-453
1448
-1694
-781
1498
-88
1243
-156
-1198
-306
409
1327
1421
2698
976
-416
-205
-1561
-795
-421
39
97
-878
-804
-944
-563
-844
-800
-1997
-1724
381
-1331
1328
2445
442
2823
918
570
1400
-746
-179
-705
-470
25
89
390
-690
177
-309
-821
-340
-1059
-244
-237
348
1822
2235
1903
439
-972
-3229
-2273
-935
-2213
213
-385
-1464
1677
1633
2392
3124
1910
1346
-115
-596
-1135
-932
-186
-473
333
95
149
795
436
427
-410
-1687
-2381
-2040
-1462
-287
33
-809
972
689
574
1879
-431
-159
-234
-1517
-96
-234
182
1088
1121
828
872
1461
345
244
488
-135
101
188
-145
-790
-1078
-1615
-882
200
163
339
-1246
-950
-971
-1186
2475
1540
915
1612
-1228
-556
-21
-14
566
444
1084
65
1244
1414
-109
583
-843
-969
-361
-815
-1145
-1890
-1070
-1051
-249
442
-30
553
-18
397
46
-245
628
-574
-339
-728
-1457
-250
-138
83
109
79
1178
2482
3347
2953
1898
246
-1486
-1552
-1111
-839
-327
-558
-1000
-841
103
180
-233
803
-99
-1210
-545
-977
-157
910
157
-136
7
112
466
1324
1847
1252
1088
989
69
-508
-1129
-1607
-1675
-1598
-918
-623
-801
-719
-717
-1044
-124
827
110
1273
2109
935
1132
552
-704
-1270
-1681
-1015
126
1691
2492
2058
1692
653
236
354
-144
-703
-1659
-2292
-2434
-1426
-428
-435
-422
-765
-3
107
447
2191
1524
1197
1361
309
-32
190
405
-147
-207
324
486
888
660
-25
-460
-812
-1027
-931
-236
-167
-592
-1039
-1575
-1040
-1784
-1513
42
-1234
51
1604
918
1669
1459
1135
920
1246
1110
-292
-153
-915
-1521
-666
71
763
1159
1770
1335
865
962
84
-825
-1953
-2724
-2798
-2806
-1542
-20
937
1996
2187
1834
1351
826
300
-733
-1020
-705
-459
166
797
858
523
549
210
54
399
126
-270
-840
-826
-906
-1011
-600
-1619
-1131
-487
-1529
-518
-72
-310
84
577
1744
1728
2231
2630
1538
1401
1347
627
-816
-1575
-1523
-2255
-1572
-221
2
-137
-336
-147
-408
-494
-571
-1194
-619
-507
-92
1318
1312
1220
787
711
1573
1612
1492
822
187
-171
-434
-186
-742
-1103
-924
-746
-258
224
604
178
-250
-742
-1667
-1925
-2455
-2170
-1085
-891
24
1260
1953
2064
2105
2131
484
-822
-1037
-756
204
543
1210
1854
1927
1978
1608
934
-506
-1892
-2797
-3249
-2889
-2139
-767
-155
-191
1127
2179
1792
1152
446
-260
-986
-1168
-150
495
630
835
848
1164
1360
1272
586
-598
-1470
-1754
-1116
-600
-353
92
371
137
-523
-813
-1463
-1762
-951
-409
177
1104
1747
1522
1120
1095
675
80
-437
-578
-395
-367
-143
294
548
669
798
663
284
67
-314
-972
-894
-790
-1239
-1064
-958
-697
148
296
248
552
738
724
774
671
120
-336
-224
439
904
762
372
69
233
456
225
30
-47
-410
-641
-479
-430
-882
-1578
-2051
-1747
-510
-61
-644
-373
278
556
1068
1320
918
823
1178
1284
1292
1689
1809
851
4
-436
-1148
-1247
-745
-727
-1138
-1212
-1056
-614
76
275
-13
-257
-106
-536
-1029
-1130
-1661
-781
575
695
884
1208
1416
1720
2512
2697
1589
843
431
-512
-1369
-1103
-440
-720
-917
-652
-738
-445
-144
-959
-1908
-2041
-1939
-1567
-493
284
727
1487
2081
1967
1158
498
30
-148
178
293
584
1236
1601
1525
933
-109
-950
-986
-627
-596
-469
-396
-1030
-1525
-1675
-1647
-1784
-1628
-460
515
1297
1556
1562
1662
1028
963
1268
937
320
228
474
397
233
-208
-385
-608
-761
-689
-690
-10
11
-696
-1411
-2455
-2543
-1452
-933
-756
77
661
1129
1534
1909
2089
1716
1515
764
492
964
608
72
-404
-503
29
280
-6
78
371
83
-368
-665
-863
-1055
-1208
-1312
-1431
-1924
-1946
-1074
-784
-664
9
889
1372
1765
2248
2143
2412
2488
1658
671
-93
-483
-684
-460
-711
-1403
-1795
-1901
-1138
-92
646
905
457
-274
-716
-1223
-1716
-1395
-1333
-1481
-595
744
1957
2776
2418
1339
777
486
327
65
-545
-593
222
1245
1484
1515
1616
655
-677
-1550
-2108
-2402
-2207
-1883
-1706
-654
287
275
655
995
938
930
462
-223
-571
-758
-440
431
705
791
1092
743
684
1022
1124
1327
880
80
-554
-1222
-1368
-1608
-2204
-2782
-2890
-2007
-992
585
1781
1482
1789
2037
1448
800
52
-590
-934
-457
295
1407
2218
1683
959
337
499
483
-48
-57
-802
-1239
-1608
-2682
-2983
-2629
-2113
-1836
-568
1419
2203
2573
2827
2429
1337
373
-249
-1186
-1353
-566
230
1178
1911
1526
657
207
-379
-1281
-1794
-1677
-1377
-325
1421
1779
802
-262
-1184
-2007
-2446
-2026
-1671
-1123
-240
-137
441
1569
2052
1724
960
701
702
1041
1466
1204
598
-27
-237
-167
162
470
405
150
-326
-248
-131
-567
-989
-1254
-1412
-1392
-555
-119
-524
-713
-867
-652
-569
-318
363
523
1222
2177
2416
2439
2200
1630
470
-795
-1379
-1563
-1639
-1716
-1010
95
446
613
354
-427
-1282
-1912
-1694
-1346
-1440
-880
605
1356
1688
2091
1671
1142
408
134
684
400
-282
10
843
768
368
401
378
-276
-1159
-946
-705
-616
-546
-1044
-758
-361
-593
-460
-9
-119
-542
-78
365
105
119
243
707
1232
1035
1160
907
275
59
-658
-832
-530
-330
97
561
1195
1761
1816
732
-1
-611
-1946
-2155
-2472
-2752
-1979
-1639
-1188
-14
1148
1833
1639
958
651
319
391
971
990
1032
1109
735
242
-127
-204
-46
-473
-1348
-1016
-60
282
451
239
-399
-683
-1186
-1645
-1190
-1041
-901
-52
999
1599
1435
1372
1349
1204
784
320
321
151
-239
-319
-258
-837
-1136
-892
-689
277
1189
1054
344
23
-94
-689
-1450
-1758
-1665
-1723
-1250
-517
536
1440
1125
871
243
72
605
142
126
94
-90
780
1042
846
972
1107
1799
1638
511
206
297
190
-620
-1222
-1202
-1920
-2653
-2978
-2731
-1758
-1006
-369
242
1022
2188
2544
1890
1248
1072
865
141
-358
-787
-1097
-744
-303
186
233
636
1710
1490
648
118
-457
-699
-966
-1662
-2146
-2304
-2071
-1261
57
1663
2243
1897
1297
394
-75
-25
136
400
750
300
-57
594
778
507
122
23
-303
-1245
-1103
-81
427
123
-339
-981
-1239
-983
-1181
-753
-362
87
1014
654
687
1266
1050
778
-42
-511
-110
-215
-286
111
397
33
-570
4
688
618
1094
1191
117
-485
-639
-1013
-1322
-2054
-2518
-2190
-1357
14
1127
2056
2141
1503
1293
696
-58
-619
-326
468
160
-240
-74
942
2244
2590
1745
112
-369
-762
-1733
-1536
-1354
-1651
-2042
-1800
-1081
-1086
-680
-328
-39
739
694
486
662
895
532
-45
756
1869
1994
1642
1608
1506
307
-1238
-1572
-938
-688
-649
-380
74
294
-206
-578
-830
-1607
-2450
-2458
-1910
-1503
-144
1837
2775
2618
1724
883
647
471
130
-366
-590
48
874
1293
976
460
745
652
65
-252
-734
-818
-1001
-1842
-1824
-1770
-2086
-943
79
275
704
929
915
658
1278
1844
1040
336
81
204
-60
-315
-426
-1263
-1236
-374
327
843
1352
1273
104
-304
-283
-1261
-1762
-1768
-2314
-1800
-418
97
349
1370
3008
3077
1840
1037
138
-662
-1605
-1594
-186
491
246
-503
-393
1076
2059
1781
968
398
-709
-1961
-2223
-1964
-1705
-2498
-2276
434
1367
616
854
1366
1559
626
411
1472
1082
60
-404
250
872
22
-463
-265
554
713
-170
-90
-119
-661
-1614
-1861
-1021
-1271
-1823
-1896
-523
749
288
1000
1733
1715
1240
208
548
845
734
574
695
1254
125
-680
-601
-669
-517
-1054
-687
-133
137
619
128
5
-545
-1031
-1183
-1273
-18
-635
-760
1031
843
245
-142
480
1058
512
1357
1528
842
163
-699
-460
-364
-83
392
296
-146
-892
-595
-316
-317
-282
-825
-1061
-1481
-570
510
13
987
1776
1504
861
-385
-1102
-2094
-1103
921
1378
1882
1029
324
396
-152
213
278
16
-805
-2159
-1822
-829
-309
38
362
-112
-47
968
-112
-894
-276
8
513
214
132
-41
-666
503
2021
2419
1918
1467
1182
301
-246
-356
-813
-1711
-1891
-1489
-1521
-1744
-1598
-696
-783
-670
253
-343
363
1753
1657
1736
1298
767
37
-865
-759
-785
-300
646
743
837
1522
2266
2137
1092
-96
-738
-1443
-2123
-2177
-2544
-2192
-1696
-1342
343
813
640
1067
881
1118
759
-198
-140
256
534
249
130
892
702
-102
369
1420
1723
1232
387
-877
-1509
-1003
-1074
-1773
-1361
-558
-1260
-1416
-925
-1300
-72
1552
1847
1189
-314
-317
104
-21
947
1443
1162
914
186
-22
306
422
832
923
646
373
-709
-1674
-1756
-1520
-999
-1193
-1457
-621
-327
115
1142
972
679
816
384
-229
-137
458
500
432
1084
1012
-6
67
720
997
903
220
-448
-1517
-2420
-2254
-1701
-949
-267
135
70
-217
-361
-236
329
589
488
698
950
1154
1704
2002
1780
837
-486
-1002
-1560
-1682
-824
-97
173
-299
-295
103
-239
-878
-912
-189
-86
13
396
151
321
756
811
549
-36
-319
-412
-254
648
1344
1136
481
232
275
-230
-838
-1006
-730
-403
-181
-458
-1297
-864
71
-118
-88
537
963
1013
496
-301
-645
-791
-663
-102
154
592
1003
579
215
-390
-1042
-575
-445
-334
493
814
1018
698
617
1174
650
274
361
-100
-1035
-2086
-2029
-1011
-188
395
788
537
249
659
987
678
-139
-724
-523
-684
-1266
-985
-91
941
1201
591
389
148
-35
121
235
527
588
109
-614
-648
-407
-375
81
-128
-608
-346
-57
158
-155
-414
404
828
375
-32
-292
-5
538
803
660
-268
-1148
-1539
-1647
-1049
-490
-108
1172
2043
1475
924
570
293
482
520
76
-688
-1225
-1466
-1536
-1156
-582
156
1123
1923
1646
613
-253
-1001
-936
-581
-79
909
1043
542
-63
-149
227
12
-338
-681
-778
-327
166
69
-229
330
855
575
113
-426
-1099
-1320
-859
-146
478
684
517
66
-347
-289
82
317
130
38
359
841
694
-87
-297
-287
-211
83
75
152
-171
-586
-334
-313
-501
-671
-404
393
1123
1699
1434
665
32
-373
-392
-342
-145
-190
-520
-848
-1182
-1110
-554
398
1214
1433
1035
147
-595
-704
-426
-73
269
176
-100
-164
-473
-1034
-1402
-1476
-966
379
1722
2297
2088
1748
1639
1018
-174
-1170
-1632
-1945
-1754
-1110
-614
71
225
362
1251
1884
1854
703
-715
-1116
-833
-614
-493
-121
70
96
125
90
-51
-147
129
270
276
167
-54
-186
-365
197
822
574
342
-234
-1007
-1018
-953
-862
-404
90
621
902
887
394
-568
-963
-705
-345
-51
527
1300
1310
615
-306
-928
-736
-5
715
925
773
395
-193
-480
-449
-190
-31
-255
-132
53
-312
-632
-775
-687
19
812
997
1141
1279
483
-579
-1097
-1280
-1232
-1040
-584
-46
237
844
1511
1127
695
666
123
-333
-431
-494
-970
-1257
-531
-147
167
804
829
797
640
278
-54
-603
-921
-1039
-993
-323
513
708
280
-105
-183
-152
298
1160
1387
888
412
-39
-409
-600
-858
-1166
-1310
-1093
-350
436
899
1470
1507
705
64
-209
-139
-7
-433
-1224
-1101
-78
204
-37
-126
125
966
1387
646
-591
-1434
-1479
-494
504
466
19
-155
150
408
398
263
50
36
-198
-444
-161
349
607
406
58
-229
-422
-283
-82
-248
-209
-305
-332
487
399
-207
164
1039
1661
1107
138
-1285
-2617
-1624
102
560
283
129
127
-20
247
484
172
-24
497
1115
753
197
-456
-1353
-1558
-1181
-469
-262
-263
713
1659
1728
1238
554
-262
-587
-120
-82
-718
-1407
-1928
-1669
-258
1354
2004
1487
457
-249
-208
447
225
-959
-992
-564
-931
-929
-492
-72
594
1491
2244
1863
898
271
-682
-1181
-865
-1093
-1875
-2025
-652
1154
1905
1912
1086
-45
101
786
610
-349
-1177
-1244
-1099
-519
697
1041
520
577
865
697
294
-305
-1036
-1637
-1610
-1398
-1650
-1535
-744
560
2179
2637
1239
-129
58
740
949
720
-153
-1070
-870
184
650
311
-153
-776
-887
-191
328
329
34
19
132
324
765
726
436
-62
-386
-432
-1117
-1379
-1066
-850
248
1627
1321
-247
-1123
-577
618
1129
590
-740
-1791
-1494
-651
217
1065
1091
457
375
863
1133
889
279
-290
-109
761
806
58
-839
-1491
-1343
-1170
-957
-669
-53
1193
2146
2161
863
-519
-1276
-1512
-954
-494
-653
-1203
-897
450
1671
2591
2238
305
-1250
-1031
-353
-663
-1055
-1082
-759
206
1019
863
118
515
1471
1083
266
-831
-1817
-1502
-477
541
802
512
502
1110
1571
1051
-294
-2086
-2526
-1549
-421
509
397
-391
-726
123
1207
1395
948
264
133
488
694
-90
-1219
-841
382
1138
875
-493
-1904
-1984
-720
549
732
369
331
222
376
759
479
-525
-1502
-1350
-212
1103
1540
1113
297
-402
32
144
-301
-617
-1096
-415
919
1331
518
-541
-696
-434
-174
-310
-894
-1366
-1030
405
1494
1487
1011
669
696
481
42
-584
-1572
-2122
-1880
-1103
-15
1293
2152
2019
1625
992
26
-551
-778
-1197
-1483
-1028
-455
69
1024
1477
1042
471
-192
-595
-611
-859
-901
-365
226
380
360
456
368
429
471
154
-259
-692
-880
-989
-993
-556
456
1426
1247
677
247
-376
-393
72
58
-365
-737
-802
-258
408
465
280
181
435
803
789
719
194
-408
-311
-452
-869
-722
-13
694
700
-45
-654
-646
-221
423
506
-16
-791
-1418
-1275
-966
-240
557
659
949
1284
1667
1953
1560
487
-1135
-2196
-1989
-1000
-163
405
711
521
304
218
144
-398
-807
-761
-779
-358
-314
-179
1045
2004
2008
1219
257
-790
-1598
-1417
-1061
-1077
-883
-35
767
992
1089
1043
754
310
69
13
-205
-9
459
263
-465
-956
-1080
-1003
-322
452
559
660
628
20
-233
169
384
-137
-880
-1123
-1077
-828
-212
499
710
561
734
610
274
115
-203
-544
-1303
-1334
-233
609
1205
1609
1886
1088
-260
-581
-659
-479
-258
-123
-179
-655
-386
28
193
570
493
-69
-346
-245
-283
-349
-520
-616
-232
337
1054
1352
607
-225
-487
-660
-596
-453
-267
195
446
533
282
-37
-290
-261
515
493
-112
-304
-502
-459
-352
-224
24
233
229
138
378
539
481
334
-43
-522
-851
-680
-168
251
489
415
45
-349
-440
-186
220
747
767
5
-871
-1382
-987
9
667
962
1365
1516
881
188
-323
-732
-780
-679
-212
162
99
103
-353
-918
-782
-387
217
690
548
-12
-745
-1118
-1080
-728
-36
596
972
1248
1479
1236
777
334
-263
-444
-571
-668
-425
-515
-428
88
365
426
488
507
339
172
-391
-1291
-1268
-777
-380
275
515
117
-174
187
543
498
557
377
102
35
69
212
68
-209
-496
-646
-501
-519
-336
152
546
831
680
256
-224
-527
-327
-105
241
416
22
-43
37
-90
-198
-346
-103
269
354
440
455
207
-463
-695
-284
-579
-750
-313
-394
-256
255
216
284
606
606
734
800
703
427
-102
-147
-374
-765
-738
-772
-782
-788
-601
-151
410
941
1391
1746
1480
769
62
-471
-966
-1493
-1647
-1115
-317
-42
109
404
556
860
1183
907
18
-1037
-1797
-1875
-1213
-101
681
1055
1113
1151
1599
1398
727
259
-56
-190
-232
-228
-766
-1055
-926
-1014
-785
-368
122
149
-195
-111
-73
40
456
406
209
289
165
-69
-419
-421
109
345
468
769
796
260
-435
-952
-820
75
685
694
409
134
184
224
-15
-203
-434
-703
-943
-916
21
459
37
-338
-580
-82
259
305
421
157
200
381
426
548
538
482
382
307
418
144
-59
34
-621
-914
-696
-983
-1129
-914
-502
-164
88
405
908
1341
1341
969
128
-523
-967
-1397
-992
-384
-558
-596
-157
50
399
1027
1242
515
72
455
456
624
712
558
710
510
126
-405
-732
-689
-687
-439
-476
-787
-607
-436
-666
-1108
-1242
-715
-251
200
519
352
499
1075
1795
2002
1702
1286
757
676
529
17
-560
-1055
-1197
-833
-76
-8
-469
-907
-1820
-2546
-2488
-2264
-2031
-1182
300
1681
2735
3285
2732
1878
1618
1485
1115
791
579
-348
-1126
-982
-713
-230
75
-79
-808
-1573
-1605
-1581
-1579
-1604
-1613
-1316
-647
234
1114
2169
2594
2067
1354
937
997
1092
992
877
409
-232
-284
-448
-751
-517
-684
-1241
-1509
-1617
-1563
-804
272
-37
-653
-372
-551
-493
-100
166
798
633
851
1688
1611
1810
1916
1635
1260
177
-756
-1106
-1275
-1006
-159
461
358
-254
-941
-1676
-2059
-1754
-1664
-1409
-1355
-1717
-909
853
2441
2796
2299
1892
1209
704
1015
1246
928
258
-779
-1189
-1018
-383
620
868
853
353
-550
-1037
-1497
-1938
-2771
-3510
-2764
-1463
-131
1678
2571
2877
2899
2286
1929
1118
576
543
329
-50
-984
-1192
-909
-705
-545
-502
-88
18
24
-62
-546
-1009
-1174
-1045
-1072
-1325
-1747
-1487
-462
706
2074
2563
2225
1900
1315
1442
2149
1714
726
-218
-1220
-1895
-1871
-762
-3
-72
-37
-132
-171
-186
-268
-518
-1609
-2789
-2914
-2122
-528
1019
1542
1922
2181
1879
1575
1221
832
439
-13
-423
-723
-606
-142
597
1231
1059
459
-74
-554
-968
-1328
-1665
-1566
-1307
-1778
-1965
-1465
-387
936
1544
2376
2209
1055
930
1107
1544
1659
1243
390
-757
-1127
-1094
-536
97
233
-149
-664
-627
-838
-942
-514
-192
-706
-2081
-2678
-2100
-1190
5
941
1312
1499
1243
1420
2050
2707
2839
1756
1297
394
-1095
-1587
-1741
-1562
-1429
-492
200
72
13
-375
24
342
-223
-1580
-2471
-2497
-2072
68
1607
2602
2801
1203
842
844
1034
1447
1037
837
-400
-1611
-1639
-1468
-340
381
540
659
-33
-274
-149
-238
-925
-1450
-1379
-2031
-2183
-1663
-545
977
1841
2165
1362
1118
1474
1318
1702
1387
726
88
-1019
-1100
-727
-175
287
333
446
-506
-1257
-1427
-1299
-507
-235
-90
-1037
-2013
-1897
-1223
413
1283
2282
2405
1162
715
269
1088
1803
990
322
-653
-975
-313
117
592
1042
1112
373
-698
-1048
-1216
-1084
-1344
-1928
-2330
-3315
-2853
-1552
359
2844
3457
3231
1707
112
-68
9
593
945
1474
1136
-577
-1484
-1494
-344
915
919
572
-148
-820
-1041
-749
235
251
-197
-941
-2247
-2305
-1561
-216
618
1402
2278
1190
913
1030
979
1701
1225
631
-215
-948
-732
-678
-327
-335
-344
-195
-825
-935
-648
-340
208
709
855
-464
-1463
-1576
-1615
-429
236
837
1282
537
873
858
601
783
419
522
248
-118
-102
434
1420
1189
748
-152
-1792
-2290
-1971
-1290
-1151
-1132
-566
-659
-172
392
310
880
1393
1849
1671
839
387
-71
278
878
674
277
-507
-883
-774
-1209
-773
79
-209
-211
409
519
-29
-65
-86
-628
-489
-1377
-2610
-2445
-1605
128
1324
2323
2967
2274
1989
1431
999
1275
819
-119
-1083
-1323
-1312
-1606
-1131
-407
-86
-126
-255
-22
-172
-254
4
-98
113
-295
-1354
-1722
-1712
-836
683
2014
2475
1886
1283
558
286
591
546
569
136
-612
-501
-208
-98
221
320
292
-32
-1030
-1763
-1771
-1234
-975
-850
-466
-1058
-1532
-1167
144
2035
2757
3368
2758
977
212
-409
-261
-28
-178
-128
-583
-987
-1310
-840
436
1097
1061
798
566
190
-515
-1025
-989
-1110
-879
-880
-1474
-1312
-1057
-1
1330
1845
1776
663
-53
-278
200
962
756
558
277
387
577
94
-13
174
165
-155
-721
-1036
-1145
-1095
-592
-359
-465
-955
-1612
-1495
-848
615
1641
2158
2619
1561
542
109
123
342
129
121
-276
-593
-860
-806
-105
247
831
758
-102
-479
-475
-368
-271
-114
-447
-1063
-1505
-1776
-1759
-1106
308
1380
2302
2420
1354
902
670
643
756
755
1118
493
-553
-1008
-1269
-1085
-935
-748
-623
-887
-630
-268
-99
524
920
758
-75
-1283
-1986
-2231
-950
932
1662
2321
1817
405
-153
-18
924
1420
1488
1112
68
-399
-1038
-1543
-1348
-578
90
-193
-394
-435
-410
-359
29
281
-235
-917
-1803
-1508
-829
192
1999
2610
2705
1449
-230
-509
-104
558
504
719
144
-1329
-1755
-1560
-322
535
328
329
398
499
512
325
271
354
-143
-903
-1627
-2315
-2454
-1780
-194
996
1630
1766
1010
243
-191
593
1624
1978
2018
947
-440
-1302
-1072
-542
-502
-441
-742
-623
-334
218
929
1017
1113
343
-520
-1324
-2335
-2678
-2704
-1201
584
1458
1746
960
624
483
619
1275
1529
2020
1293
-301
-919
-1154
-860
-809
-1036
-573
-132
-252
-99
904
1271
1112
804
52
-1106
-2855
-3082
-1985
-253
1315
1665
2388
1738
489
170
64
889
616
-42
-231
-1047
-1495
-1427
-593
487
916
618
402
577
315
112
109
260
122
-512
-1448
-2884
-2869
-1991
-1122
1011
2025
1977
1973
1253
1169
949
898
1631
1355
259
-1117
-1345
-878
-821
-224
-29
-126
-222
-619
-631
92
663
329
429
481
70
-1040
-2598
-2376
-1842
-932
457
715
1034
682
333
762
1154
1772
1466
1010
759
65
-354
-439
286
880
864
334
-817
-837
-681
-1093
-416
564
193
-954
-1245
-1671
-2475
-2130
-980
574
1299
1450
1625
466
-50
653
1421
2173
1744
967
-77
-862
-634
-806
-373
-21
-512
-518
-349
-129
123
502
182
-307
-74
-254
-632
-1741
-2513
-1320
-25
157
255
1203
1428
933
935
795
1205
1816
1235
123
-831
-1527
-1432
-941
-611
-40
565
1588
2225
1347
992
1182
530
-510
-1675
-2547
-3373
-3792
-3363
-2595
-512
1555
2002
2136
2087
1559
1168
1410
988
516
1114
-106
-2082
-1836
-426
64
-149
632
708
289
762
590
472
798
932
306
-914
-1649
-2608
-2735
-1829
-1241
243
1722
2048
1628
659
398
502
692
832
344
-25
-877
-1564
-1376
-1035
-467
134
936
726
517
1798
1991
1167
878
687
-296
-1811
-2947
-2817
-2067
-2197
-1216
215
850
2009
1933
1023
1305
2302
1878
178
-303
-462
-758
-517
-633
-764
-331
-232
-745
-917
-206
144
-377
28
68
-656
-699
-1256
-1200
-589
51
1419
1896
1699
1347
1250
1453
822
259
214
-40
-798
-1388
-1144
-718
-151
338
146
128
346
247
200
-234
-132
914
179
-1496
-1958
-1906
-1454
-1119
-1125
-624
804
1371
621
1880
2967
2341
2468
1629
228
-963
-1359
-731
-1324
-1261
-1052
-1549
-844
-616
-377
533
721
698
619
126
-467
-388
67
129
215
77
-384
-707
-748
117
1110
1335
1078
643
340
55
180
159
312
795
-55
-834
-1328
-1030
187
-642
-850
130
-404
-898
-823
-487
-410
310
1257
211
-252
137
358
852
506
713
754
269
280
-438
-77
689
389
435
144
-185
-171
-273
-301
-113
-36
-513
-784
-954
-693
-3
-96
262
422
-555
-698
-711
-1016
-398
331
877
1418
1612
1524
1310
1258
886
51
-442
-795
-1624
-2219
-1656
-1046
-669
-86
141
811
1315
1212
861
-239
-219
-167
-1243
-917
-247
-241
-88
77
278
607
992
613
315
687
375
239
23
-699
-111
330
-42
-156
-340
137
177
-392
77
520
244
-106
-339
-745
-573
-172
-452
-235
-224
-198
424
327
376
432
407
747
-57
-645
-403
-1140
-1086
273
1042
923
583
400
-264
169
668
-428
-168
19
-410
-243
-637
-759
-1153
-1092
-212
-163
-232
-1
490
681
675
952
727
436
407
156
90
163
157
384
303
398
1017
1257
725
-572
-1028
-788
-865
-974
-1356
-954
-64
406
335
-25
356
492
166
-306
-751
-494
-724
-1045
-665
-410
-211
46
372
651
1163
1687
1395
1267
1178
663
160
-490
-602
-1134
-1545
-788
-754
-471
-56
246
1120
743
228
24
-40
298
-269
-434
-340
-651
-685
-808
-322
349
594
426
-7
467
957
680
237
-104
128
114
-442
-647
-502
-192
-11
-2
34
347
409
-245
-59
469
232
177
-189
-595
-826
-1054
-349
-360
-850
-219
24
351
1301
1425
806
964
1638
838
-365
-694
-272
535
-7
-841
-657
-472
-277
-421
-1189
-1053
-232
-216
-185
-278
-180
638
822
830
649
606
700
188
130
-126
-804
-772
-151
-200
-488
-183
-408
91
937
457
242
601
707
169
-577
-587
-428
-496
-626
-658
193
663
156
267
425
253
-98
-225
50
-198
-460
-517
-274
63
286
335
21
258
275
216
535
508
534
348
362
285
18
212
-313
-880
-1000
-1170
-720
-649
-754
-75
275
448
636
846
1052
729
709
508
182
-48
-817
-452
-185
-1282
-1593
-1005
-500
-382
25
257
-28
287
381
609
1110
1120
937
141
72
102
-315
338
235
-177
52
-87
-322
-542
-453
-447
-299
134
599
955
470
451
808
540
55
-606
-848
-949
-1071
-1116
-1148
-814
-381
195
396
461
866
567
69
192
-20
-581
12
841
839
788
312
272
657
-119
-1056
-817
-172
-524
-1148
-1054
-385
461
690
412
413
878
754
334
357
204
194
-91
-479
-421
-596
-515
-143
335
713
449
184
-52
-184
-96
-395
-235
115
-160
-299
-544
-650
-358
-107
96
283
597
499
610
845
335
-31
-190
-39
280
64
-722
-1281
-1293
-1286
-610
220
825
1001
521
716
1204
1215
308
-221
94
-663
-1103
-987
-1173
-577
506
1002
537
348
671
324
-330
-889
-882
-319
-407
-384
151
393
633
744
972
911
759
1159
426
-465
-465
-1019
-1504
-1208
-910
-1031
-698
-220
-217
576
1238
1241
1506
1229
705
-153
-980
-740
-403
-189
-316
-267
-175
-720
-255
306
186
46
-501
-437
227
649
622
378
698
652
-299
-732
-677
-532
34
181
25
72
222
432
263
182
-254
-602
14
122
-142
-329
154
931
581
408
365
74
-66
-444
-545
-99
347
-50
-370
-173
-548
-1122
-1539
-1382
-729
-28
612
569
431
774
1318
1807
1596
1016
237
-762
-814
-553
-623
-380
195
898
570
-353
-885
-932
-350
-249
-182
171
-39
-263
-35
355
391
191
7
-73
156
463
164
-464
-239
450
137
-785
-568
-126
-561
-1086
-1127
-463
270
1347
2040
1706
1137
33
-364
-51
74
267
203
356
306
-174
-255
-317
-505
-555
-927
-1620
-2173
-2008
-764
558
1222
1444
1541
1440
1181
890
447
251
-175
-511
-432
-714
-844
-914
-927
-874
-590
145
508
921
1297
1516
1540
1202
911
-180
-1147
-1387
-1707
-1509
-1360
-1137
-301
287
894
1233
454
-325
-401
-338
149
618
-179
-676
471
1213
1503
1999
1828
1898
1676
284
-1402
-2194
-1397
-1340
-2108
-2389
-3359
-3113
-677
621
266
447
1439
2698
3244
2703
2051
1031
-222
-863
-891
-1174
-1645
-699
441
298
263
525
786
944
-31
-1111
-1426
-1260
-522
-579
-1095
-1255
-900
83
626
838
488
724
2071
2329
1700
1126
437
-273
-117
117
-713
-1695
-2163
-2184
-1985
-1095
-204
305
1258
1982
2054
1591
1114
968
347
-701
-1395
-2640
-3405
-1623
87
72
-92
720
1925
2380
2133
1575
1006
144
-328
-419
-1070
-1864
-2144
-1880
-1991
-1384
172
1220
2217
3512
4152
2879
1256
-4
-1527
-2372
-3308
-4450
-4491
-2469
427
1257
950
1972
2880
2380
1348
219
-318
-532
-670
-479
-108
507
894
1336
1408
878
196
-432
-426
-732
-920
-654
-766
-766
-509
-143
-422
-1206
-2083
-2112
127
1960
1420
379
473
1143
698
-193
-961
-1625
-1242
-394
857
1716
1291
1012
846
634
537
592
863
754
660
343
57
401
181
-839
-1673
-2021
-2803
-3570
-2380
57
1077
175
-24
1500
2588
2055
452
-666
-914
-551
640
453
-747
-242
803
442
-996
-1133
-10
320
671
1377
1423
1495
1987
1269
-284
-650
-803
-2355
-3950
-3591
-1438
1186
1974
920
848
1713
2013
608
-1296
-1152
-604
-651
-353
-424
-236
782
1040
187
-260
455
884
-168
-661
312
798
653
154
-721
-1002
-1056
-1779
-2412
-1166
1984
3941
2464
320
790
1487
-530
-3170
-3363
-2004
-1113
-140
1148
1857
1924
1963
1522
486
51
-594
-1825
-2238
-1301
146
797
722
540
877
1265
1174
645
-1151
-2896
-3091
-1647
726
1732
1262
1035
1687
1651
-403
-1906
-1618
-1276
-1106
-866
-291
859
1664
1424
814
951
1017
509
764
1107
366
-378
-636
-1208
-1700
-1655
-1327
-1089
-1694
-2210
-1082
1885
3994
2027
133
1952
2226
-1308
-3822
-2482
148
268
-823
-160
970
1506
1752
1486
879
185
-207
-502
-138
996
975
191
-135
95
389
-452
-1594
-2587
-3516
-3322
-2111
376
2703
2564
1419
1400
1833
420
-1463
-1192
78
943
1041
832
419
-527
-1641
-2306
-1303
267
405
189
945
1799
1996
1995
1402
90
-1442
-2640
-3072
-3516
-3670
-2109
1698
4999
4250
2125
2056
1987
-325
-2691
-2282
-454
414
-11
-189
548
873
410
-558
-1134
-1267
-1462
-876
-344
-998
-1084
451
1900
2909
3115
1692
-193
-1874
-3025
-3697
-1988
1614
1748
0
952
2818
1504
-1890
-2572
-1089
-351
-2
694
1336
1624
1242
692
625
285
-557
-1608
-1967
-997
407
1036
484
160
570
908
1278
1014
-509
-2285
-3211
-1851
736
883
-606
-821
382
987
-109
-507
641
1327
846
400
545
279
-397
-746
-580
150
854
700
507
473
-485
-997
-53
594
151
-19
531
283
-1041
-2176
-2906
-2275
447
1929
765
15
1033
1657
292
-319
1035
1763
799
-1148
-2094
-1673
-1580
-1236
-48
1077
1837
2144
2043
1275
80
-470
149
1184
1573
848
-1650
-3192
-3584
-4577
-685
4416
1785
-2884
-1461
1903
-485
-3903
-2438
896
3805
4233
2809
2682
2364
-426
-3003
-2502
-1386
-1247
-1074
-240
1272
1882
1628
1259
770
474
-98
-422
-499
-1687
-2789
-1768
-762
-1501
-1346
-201
152
689
1863
2319
1757
1021
350
-412
-479
637
1131
120
-1368
-2245
-2384
-1765
-238
1038
1679
1800
2648
3276
2580
1242
-803
-1525
-3202
-3555
-5288
-9838
1292
13480
4229
-4773
15
4223
-432
-4814
-3717
1791
7827
3929
-3495
-2139
719
-2224
-4480
-1556
2552
4326
2106
-1292
-1072
-824
-3265
-3546
-597
2400
3279
2326
975
-888
-2253
-1826
-374
796
1417
1919
1928
608
-879
-659
-648
-1418
-851
70
108
12
-165
-860
-943
100
1401
1865
1095
314
-225
-686
67
1330
1017
559
1112
1129
32
-1259
-2216
-3793
-4338
-4669
-2651
6286
9261
561
-4828
-2181
3
-1220
-1521
596
4486
6225
1481
-3338
-3049
-2400
-2900
-1924
941
4767
5190
1062
-1288
-733
-695
-761
-80
832
780
-263
-1183
-2306
-2416
-1044
820
2292
2712
2499
182
-1807
-3913
-4355
4552
9272
1296
-4716
-3975
-2885
-4180
-4557
-1700
4250
7707
3950
855
1408
601
-1948
-3167
-1347
1352
2460
-112
-3666
-3611
-2264
-825
1124
2273
2957
2725
1180
-996
-2033
-1196
-449
358
1227
1004
416
-178
-1096
-1595
-787
510
1165
1138
896
540
-124
-933
-1115
-478
155
656
602
203
-606
-1410
-821
370
1754
1932
1370
503
-1262
-3698
-7174
-1165
9746
5445
-3798
-3481
-465
-36
-1615
-2150
2933
8503
4535
-2941
-4072
-2679
-3472
-3902
-1252
2954
5076
2073
-2539
-2738
-787
243
1300
2220
3037
2530
-469
-3306
-3315
-1453
-433
168
1149
1772
945
-1709
-2324
-1014
-274
1614
3300
3082
2000
723
-822
-1697
-844
-191
59
667
151
-1145
-2332
-2880
-1856
-127
988
1736
2345
1538
241
425
486
107
-209
-973
-1493
-1788
-1386
-815
-779
-79
666
826
1094
1722
1846
974
405
4
-608
-828
-988
-886
-973
-1177
-713
-139
580
1214
1103
-122
-262
-1250
-4051
2428
10432
4136
-3957
-3845
-1595
-1164
-2719
-2484
2773
6391
1350
-3807
-2053
171
-174
-369
854
3629
3968
-1199
-5210
-4000
-2039
-1208
-49
1486
2251
1084
-1732
-2272
212
1449
1195
1490
2132
2038
520
-1993
-2943
-1142
889
1613
1708
1406
-327
-1921
-2336
-1842
1346
2653
480
402
787
-334
-824
-525
-301
-184
-582
-1355
-804
-463
-1144
-397
1190
2104
2139
1410
506
-82
-209
-292
-273
-339
-961
-892
-339
-502
-395
-28
497
965
103
-547
-16
-140
-1172
-1196
-342
-94
743
1302
15
-477
323
569
790
1003
330
-253
-357
-423
-429
-658
-878
-676
-106
149
312
682
656
686
1051
1186
450
126
301
-197
-463
-830
-726
-530
-791
-1716
-2931
1329
5811
2212
-1440
-483
636
20
-1439
-1532
156
432
-2008
-3691
-2176
-77
48
459
2696
3802
1915
-99
-31
627
579
280
408
82
-1211
-2616
-2683
-1258
-52
585
948
756
-1140
-731
4639
5257
-463
-3152
-1884
-673
-1047
-1796
-60
2950
2473
-241
-936
-8
519
246
340
1043
1110
-348
-1989
-1768
-1021
-978
-593
-12
-61
-937
-1343
-161
926
981
1229
1606
959
308
375
292
236
-286
-1085
-1132
-811
-1015
-1116
-743
-771
26
987
1235
1250
1023
1042
988
1682
1483
304
28
87
-509
-1686
-1513
-2330
-2139
-3778
-5837
6309
13205
768
-6332
-2763
241
550
-1094
-335
5875
6118
-3678
-7065
-1734
179
-1249
-811
877
2685
1408
-3619
-4059
773
2737
2365
2723
1753
-36
-2183
-3728
-1366
2474
3533
1709
-271
-1269
-2118
-2407
-1390
1117
2864
2113
190
-969
-1225
-1499
-1161
-185
1496
2726
1274
-883
-1544
-1286
-477
487
1090
1304
697
-513
-1650
-2078
-970
476
998
1135
1060
287
-513
-530
-428
-11
589
203
-799
-1302
-1284
-1200
-445
577
1169
1828
1667
752
421
405
455
498
296
35
-663
-1747
-1982
-1430
-875
-442
-571
222
1755
454
-1333
66
2005
2299
1540
572
180
-36
-1091
-1873
-1156
-282
25
26
-314
-152
354
227
440
1344
1203
177
-461
-1165
-1245
-593
-579
-424
22
197
236
351
738
1130
682
-687
-963
-2002
-1746
3937
4899
-1010
-3130
-1677
-903
-856
-1076
279
3133
2351
-1280
-1589
-19
213
153
556
765
742
6
-1727
-1878
-369
670
1451
1640
846
-66
-598
-800
-417
460
625
281
85
-496
-1129
-940
-358
-217
119
392
-39
-428
-322
395
608
86
-2
-37
-298
-90
434
856
777
243
129
-61
-83
-516
-658
-65
-1123
-962
-3670
-4043
7803
9470
-2299
-5208
-1992
281
1081
-853
467
5609
2752
-5348
-5026
-272
1548
1547
884
1402
2497
-816
-5605
-3512
1087
2242
2282
1534
686
9
-2058
-2643
51
2269
1925
407
-961
-1456
-1551
-1751
-532
1774
2126
862
-403
-1375
-1009
89
749
1242
1522
666
-869
-1480
-1350
-722
223
866
983
477
-335
-1181
-960
165
977
1314
971
821
499
-604
-946
-581
-335
-203
-197
-438
-1006
-1282
-868
141
1423
1830
1290
635
-22
-426
-709
-731
-441
-204
145
280
368
367
292
497
545
454
-98
-582
-812
-1182
-846
-353
291
716
229
-26
-226
-173
-11
-328
-218
-58
15
162
68
150
443
734
776
681
395
-125
-408
-410
-43
-106
-541
-256
71
71
-200
-401
-128
5
154
162
-287
-431
-123
297
523
369
153
212
428
258
-219
-475
-702
-635
-119
80
-50
261
867
494
-103
63
-53
-173
-389
-708
-366
-221
-337
-299
189
778
738
875
827
244
-271
-595
-474
-431
-409
-142
-123
-141
224
589
485
419
433
260
-50
-314
-374
-632
-503
-35
-269
-764
-598
142
539
815
1055
537
173
272
-249
-711
-362
-213
-394
-552
-741
-595
-178
281
592
585
500
419
476
458
-55
-396
-455
-441
-52
271
219
-86
215
761
502
235
-12
-268
-336
-220
-167
-484
-320
-44
-29
-111
93
315
-361
-342
124
-56
-91
-28
172
328
350
82
-494
-617
-309
83
523
767
504
92
83
275
57
-432
-1066
-1316
-1008
-1058
950
3420
1583
-550
-702
-774
-163
-98
-224
900
1343
193
-547
-303
-604
-797
-161
441
593
51
-405
-412
-550
-513
128
7
-599
-1311
-3169
-162
5031
2719
-578
-910
-609
607
-181
-463
1757
2211
333
-1207
-1477
-702
-29
-513
-186
527
-196
-778
-522
-68
320
1245
1767
726
-462
-1108
-1059
-738
-797
-838
136
2000
1819
-497
-1536
-1039
-753
-513
81
1037
1629
312
-612
-215
-330
239
906
1074
978
172
-431
-537
67
311
-14
-128
-781
-2826
-3414
1735
4445
956
-580
-1345
-1497
-823
-1427
445
2484
1888
401
-980
-917
-426
81
1114
1581
756
-415
-1038
-1333
-418
487
511
728
-191
-1371
-1755
-1523
-41
972
1013
696
-43
-298
-187
9
722
1469
1623
1055
78
-462
-417
-261
-288
-102
393
145
-734
-990
-720
-825
-807
-2217
-2976
2111
4643
1331
-246
-1835
-2056
-795
-887
1616
3391
2347
1413
-234
-1175
-1103
-840
-186
175
-109
-534
-615
-1273
-1097
205
949
1167
180
-314
-547
-969
78
389
1008
1791
737
137
-354
-621
-71
8
66
294
35
-458
-328
-221
-329
-42
152
427
538
211
130
-7
-333
-350
-847
-1430
-1621
-1528
287
1631
1351
580
-616
-364
-561
-963
413
1024
1155
1307
1289
959
116
31
235
116
-42
-506
-1168
-1211
-1111
-697
295
675
658
-278
-1553
-1465
755
2599
1214
27
-880
-1618
-1124
-1114
388
1416
880
700
330
518
426
466
818
515
-228
-772
-758
-1304
-1037
-463
184
1137
-111
-949
-770
-730
92
533
894
594
-396
-690
-761
-266
464
546
728
1144
1390
1079
28
-401
-86
-294
-646
-624
-283
42
-96
-38
100
-298
-337
-749
-1221
-179
310
482
931
564
456
-232
-569
152
26
90
152
49
322
113
-82
34
168
-177
-150
457
32
-236
-201
-577
-459
-364
-217
6
165
50
-424
479
1296
663
106
-531
-1103
-1299
-977
-430
383
1451
1391
1261
1224
688
353
-101
-325
-676
-933
-774
-997
-718
-188
-219
-129
-179
-26
330
48
388
574
109
78
-467
-735
-626
-270
651
1178
1188
642
466
90
-436
-283
-426
-288
-75
59
-46
-304
-134
-356
-187
-46
-164
-57
-498
-235
174
331
979
579
287
510
-65
-29
97
-228
-191
-223
88
350
-49
-392
-522
-645
-533
-107
22
7
183
403
484
57
0
62
-505
-505
-407
-241
247
-29
-145
-72
-57
248
288
548
868
1001
972
611
306
-104
-490
-827
-1141
-812
-163
-103
-308
-262
-275
-86
263
208
431
624
-196
-498
-231
-266
233
673
735
379
104
243
-422
-942
-498
134
-234
-777
70
443
329
324
47
35
-408
-428
188
209
203
259
108
45
150
307
451
362
156
262
279
-90
-471
-482
-534
-908
-560
225
343
141
73
254
95
-299
-131
-209
-452
-270
123
621
407
-79
-198
-157
130
-93
-332
160
614
718
339
27
258
185
-308
-473
-290
-474
-911
-672
-237
-6
604
907
646
524
334
-47
-353
-460
-424
-447
-257
265
602
483
134
-104
-251
-209
-222
-440
-356
-159
83
143
252
580
402
390
226
-175
11
81
-100
-468
-501
-195
-178
79
209
168
352
485
705
801
715
151
-664
-638
-677
-1075
-1093
-986
-804
-448
200
266
-22
389
647
496
602
707
381
296
255
93
-60
-329
-168
-343
-175
110
-16
397
81
-102
246
464
458
-141
-390
-678
-731
-458
-235
-152
-125
692
863
633
652
44
-416
-638
-600
-437
-618
-569
-265
-178
-227
90
851
1158
993
642
77
319
585
96
-48
-125
-649
-921
-660
-652
-594
-406
-299
312
736
821
321
-496
-466
-114
176
146
189
317
-58
-212
-149
213
334
-64
172
563
563
183
40
-34
-651
-660
-453
-220
107
-20
-109
-288
-163
-62
-134
-170
-220
720
1134
577
316
50
-151
-352
-65
99
-522
-605
-479
-534
-283
-155
-24
354
739
895
830
704
-138
-1124
-822
-27
80
77
337
-87
-551
-401
-195
88
192
548
937
916
607
-61
-289
-427
-705
-698
-378
378
513
-363
-801
-437
-348
-421
-385
-156
399
691
973
1025
543
324
295
17
-31
-2
-618
-1271
-1357
-846
-312
-56
578
1425
1914
1517
875
585
-399
-1341
-1341
-1619
-1734
-1118
-686
-8
625
491
292
790
1379
895
373
454
365
-241
-595
-257
-286
-316
-426
-299
452
629
605
96
-371
-283
-687
-703
321
1383
1415
1214
729
-443
-713
-803
-1400
-1691
-1540
-1180
-898
-74
528
462
879
1211
1357
1261
618
496
77
-1248
-1663
-668
228
431
691
820
553
-185
-968
-635
257
294
-424
-494
-168
255
787
446
541
734
230
157
-256
-567
-123
-10
-1223
-2245
-1141
-153
370
1487
1907
2002
1521
174
-606
-886
-1154
-1370
-1152
-981
-905
247
786
522
906
1064
972
220
-682
-387
-99
-1109
-2018
-816
637
658
598
895
1125
850
-57
-772
-762
-779
-574
155
331
542
1208
1333
750
194
180
-98
-810
-1115
-681
-4
-339
-1079
-1110
-733
69
846
1812
2643
2010
788
-249
-838
-1390
-2097
-1415
-462
-682
-542
213
116
-151
521
989
519
-75
60
-300
-1179
-996
-619
-49
694
947
1016
1019
941
159
-300
-150
-337
-485
-636
-345
263
817
1075
744
342
217
583
208
-726
-833
-951
-1144
-1197
-1481
-892
888
1710
1337
1391
1618
1106
98
-266
-684
-1733
-2242
-2320
-1762
-783
-33
940
1441
1651
1940
1243
560
553
10
-781
-1048
-1310
-1334
-362
73
-18
720
926
494
132
-83
123
-11
-694
-1049
-385
227
343
934
1117
1109
1218
176
-1035
-1214
-599
-251
-821
-1059
-520
271
776
711
1005
1358
772
364
392
-333
-1048
-1355
-1719
-1351
-445
72
260
866
1374
828
377
118
-247
1
-396
-1035
-590
-301
-83
202
546
1174
997
671
163
-628
-894
-1310
-1450
-1552
-1342
312
1868
2083
1182
322
296
420
144
-507
-620
-281
-419
-549
-334
894
2167
1646
938
139
-1056
-1889
-2769
-2545
-1729
-1081
106
1494
2707
3029
2689
1609
163
-525
-1306
-2094
-2244
-1607
-824
-614
176
1275
1858
1886
1318
1057
510
-610
-1147
-1410
-1645
-1817
-1726
-827
458
1354
1389
1223
1299
561
-671
-1023
-610
-208
-117
-91
290
737
539
216
676
869
313
-108
-397
-464
-714
-1144
-1030
-727
-531
-407
549
1713
1585
1264
943
143
-696
-1070
-681
-254
-114
91
434
284
-27
111
-259
-448
-119
-251
-133
129
-129
-558
-798
-807
-468
263
539
226
-229
-366
270
634
334
283
811
972
318
113
41
-447
-626
-569
-146
622
1005
732
387
214
-364
-959
-1137
-1166
-542
-46
-157
589
1063
610
448
200
-117
-295
-324
-394
-744
-1055
-803
288
805
278
246
1114
1248
525
229
-535
-1053
-1001
-1311
-371
796
689
851
1461
1114
30
-352
-572
-1025
-1080
-1186
-888
-51
175
346
725
458
272
375
161
-112
-439
-680
-415
-26
84
728
1247
482
222
306
-523
-813
-928
-1473
-1021
-81
626
1712
1929
892
659
1081
621
-170
-544
-880
-749
-572
-985
-823
-401
-329
-324
-297
-433
-650
-138
11
-117
366
852
1488
1415
1045
854
281
-94
-785
-1809
-2129
-1215
-631
-547
891
1919
2001
1876
741
24
199
-166
-930
-1414
-1328
-635
-134
-288
-395
137
468
244
116
-104
-1
123
-330
-726
-875
-443
5
405
1229
1436
1109
718
365
722
1057
25
-1431
-1605
-812
-642
-786
162
792
489
530
494
435
558
325
-495
-1593
-1510
-662
-600
-459
390
1042
723
20
-391
-576
-28
5
-917
-725
346
1032
1045
919
1249
1850
1567
-144
-1038
-858
-1216
-1815
-1906
-405
1228
861
589
1241
1146
830
349
-859
-1520
-1517
-1508
-1197
-933
-650
736
1733
1157
1270
1436
184
-775
-760
-623
-520
17
30
-176
349
264
24
282
402
628
606
-160
-675
-33
457
-282
-742
-181
-284
-553
7
-200
-177
471
48
-292
-329
-212
492
354
-331
-378
44
514
812
862
460
118
-527
-970
-438
-595
-510
218
164
303
1037
1350
890
984
1097
378
-163
-1187
-2191
-2086
-1669
-1528
-942
304
1263
1813
1802
1552
1350
676
-671
-1842
-1736
-1599
-2000
-1527
181
1520
1923
2360
2111
1331
336
-698
-1384
-2254
-2068
-992
-325
58
273
620
1021
1199
1142
828
10
-645
-809
-753
-169
58
-119
442
1463
1581
990
786
361
-508
-1240
-1362
-1400
-1449
-815
-315
126
530
673
1205
1395
714
-32
-1030
-2409
-2134
-1269
-1589
-787
683
1253
1611
1819
1706
1271
721
236
297
272
-602
-594
-482
-1302
-663
206
103
812
1235
735
242
47
-86
-800
-1396
-1411
-1460
-1507
-800
201
1038
2059
2011
1242
697
-110
-874
-1511
-1504
-868
1
1039
1436
1474
1499
820
64
-128
-896
-2037
-2540
-1944
-725
-391
42
881
1153
1453
1798
1520
821
494
-403
-1273
-1130
-1060
-953
-918
-319
544
831
1053
919
677
206
-367
-972
-1341
-1222
-1087
-141
525
338
710
1325
1443
1066
287
-431
-220
-174
-640
-147
21
-843
-375
560
564
1148
804
50
369
124
-85
-461
-1432
-2125
-1354
-386
-1237
-679
1151
1181
605
567
519
638
668
-59
172
975
243
-832
-402
261
-55
-91
-558
-999
-775
-581
196
230
-83
82
168
-15
-450
109
359
-130
289
1306
1554
467
-157
191
406
111
-408
-359
-176
-272
73
446
-22
-574
-335
347
-246
-1481
-930
-358
-795
-736
43
740
493
291
439
192
-512
-748
197
241
-196
973
1680
1127
1177
1340
421
-459
-535
-700
-1038
-1203
-1073
-698
-649
-769
-403
516
1124
1134
926
191
-14
238
-349
-450
-388
-950
-815
-644
-416
252
-92
-373
22
-5
301
867
1128
1099
818
1006
1079
79
-261
366
-432
-1329
-567
65
-173
-188
196
23
-139
-343
-725
-29
297
120
688
518
-391
-482
-496
-1569
-2176
-1290
-792
-1022
181
1746
1743
1826
2358
2086
1148
112
-296
-707
-1912
-1820
-844
-699
114
838
782
905
1003
473
-363
-499
-905
-850
-604
-727
366
655
252
167
465
691
-477
-616
-500
-1155
-955
-646
-275
259
1093
1413
1270
1941
1556
226
-172
-353
-773
-1343
-1332
-550
-449
-294
635
766
70
-115
154
-54
-367
-105
189
-383
-678
339
155
-1030
-468
208
-504
-467
587
1142
1457
1319
835
689
-40
-991
-1338
-1233
-972
-952
-242
573
490
1053
1408
304
-284
-105
-492
-565
-23
-142
135
1051
665
139
579
399
-439
-1051
-1492
-1224
-316
-248
-286
426
409
107
277
327
346
99
-224
-56
444
494
-37
-117
-31
-98
132
223
-55
-267
103
330
1
205
528
485
393
211
535
332
-750
-844
-911
-1203
-581
-247
51
105
-905
-983
-90
480
786
560
-54
-109
666
889
795
839
99
-26
48
-573
-679
-545
-297
-388
-648
18
1114
1344
833
740
49
-999
-1113
-922
-911
-1229
-555
518
320
663
1556
1208
334
-84
-200
-609
-1232
-727
249
264
406
808
718
583
23
-844
-337
312
-73
737
1119
-482
-873
-762
-1808
-1452
-395
-825
-855
-88
300
1188
2274
2293
1694
758
-308
-403
-258
-980
-1187
-43
274
-410
297
841
-38
-515
-628
-781
-708
-628
-250
218
-265
-591
158
743
436
-81
732
1273
369
221
261
-505
-680
338
791
192
228
275
-73
11
-507
-1154
-337
-185
-1110
-627
-70
-489
-105
807
459
-417
16
1029
584
-46
1389
1815
384
-95
-307
-534
-796
-1214
-1065
-823
-563
36
776
1145
1112
628
-393
-1151
-1142
-993
-1167
-799
-35
430
1227
1999
1648
895
502
-232
-624
-498
-783
-587
94
475
374
122
190
-124
-624
-734
-511
-65
82
-87
-223
363
537
-263
217
319
-912
-561
409
352
320
447
17
-367
-4
88
-342
-134
286
51
-15
477
583
-26
-100
273
-87
-312
-363
-285
278
250
283
489
-1
-37
273
-402
-892
-343
-308
-1004
-1555
-886
580
657
382
753
511
178
340
278
130
342
429
405
110
-441
-205
581
841
378
221
395
167
-300
-1310
-1639
-594
88
-4
-68
484
874
598
-67
-1026
-1344
-1109
-947
-852
-174
861
1096
1103
538
-103
380
601
201
-260
-470
-341
90
535
945
1726
1588
573
-509
-1386
-1169
-1074
-1573
-1479
-743
522
1518
1020
171
248
316
248
-86
-667
-545
-205
-43
-307
-606
-32
269
100
733
1407
949
79
-663
-1373
-1201
-162
689
736
37
-240
-105
-150
151
159
167
829
857
396
-129
-488
-181
-444
-964
-448
279
254
-506
-1098
-1039
-554
148
504
516
621
1103
1231
345
-21
503
617
225
-176
-366
-413
-526
-1064
-1752
-1488
-85
1254
1831
1521
530
-35
-377
-521
-196
-155
144
-8
-1059
-1170
-202
447
114
23
743
1220
838
-340
-1077
-965
-471
205
436
727
1156
1140
674
-504
-1507
-1963
-1855
-1059
-852
-447
695
1185
929
513
631
1179
1855
1957
1180
204
-1087
-1463
-1064
-849
55
757
861
363
-632
-1158
-1384
-1259
-1089
-450
783
967
190
-272
83
260
-29
-30
-59
-45
141
271
-176
-823
-478
289
1216
1832
1331
1071
1121
379
-644
-1386
-1704
-1271
-110
110
-995
-1250
-1138
-1283
-312
1119
2092
2422
2128
1200
-163
-862
-1419
-1560
-222
791
740
237
-301
-422
-506
-161
-166
-581
-40
-35
-264
-48
-578
-751
71
1251
1622
1011
501
-301
-978
-1241
-1746
-1479
-134
1221
2280
2671
1850
444
-508
-895
-1045
-705
16
121
-440
-826
-1438
-2335
-1824
-190
1133
1854
1494
613
215
221
17
-89
331
301
369
871
354
-856
-1442
-983
-257
318
857
719
517
760
453
-303
-632
-548
-411
287
1101
642
-476
-1314
-1682
-1404
-721
-3
578
1099
1319
874
-307
-960
-297
498
1155
1069
231
-220
-792
-1412
-1594
-1134
-24
868
1339
1512
714
-688
-896
-259
321
994
949
265
-539
-1135
-1074
-952
-1243
-1185
-79
1020
1629
2006
1153
-49
-122
54
354
941
1147
1136
316
-1517
-2826
-2747
-1521
-206
977
1761
1098
101
-598
-1121
-787
97
1141
1463
1258
914
-421
-1303
-1144
-1026
-500
533
738
-129
-996
-1634
-1357
-711
-414
543
1764
2727
2436
1262
439
-403
-535
-510
-452
178
465
304
-580
-1397
-1608
-1305
-57
1106
1842
1792
713
-241
-1052
-1519
-1014
-308
-114
-253
-494
-528
-400
-577
-433
714
1813
1712
1087
349
-761
-1044
-805
-868
-185
602
691
639
675
420
-170
-114
-32
-186
87
147
291
210
-440
-816
-820
-248
561
884
700
-11
-998
-1509
-1563
-1007
87
429
668
1124
1268
1393
812
-171
-646
-351
317
772
570
-300
-805
-942
-641
-405
-604
-265
-198
-266
515
807
-93
-16
632
-204
-432
212
360
309
-54
-610
-1058
-394
283
137
777
1264
858
271
-236
-458
-208
152
-318
-490
199
495
158
-484
-913
-847
172
1003
664
188
-441
-359
-146
-530
-272
-162
557
1463
1395
1238
-20
-1018
-1332
-2210
-1829
-828
-336
-57
43
653
910
781
1099
1149
1364
1925
1602
85
-1480
-2165
-2178
-1381
-654
-111
1130
1371
734
14
-960
-868
-373
224
999
844
441
86
-350
-730
-858
-460
-134
2
-117
-286
-132
32
383
725
654
503
649
774
453
104
-307
-864
-722
59
658
899
612
-362
-1279
-1475
-1275
-676
44
282
804
1201
455
-397
-574
-318
287
1015
743
-256
-701
-1048
-1189
-786
-184
334
597
791
364
-9
501
654
658
830
120
-579
-235
574
1124
575
-538
-1018
-962
-941
-1032
-576
48
275
340
141
122
378
558
858
1088
650
-284
-1008
-1350
-1422
-986
416
959
-367
-1114
-1073
-671
628
1649
1417
797
679
-25
-731
-310
393
1314
1374
203
-483
-655
-897
-556
-73
-389
-609
-570
-545
-429
-320
317
1078
1280
766
172
263
230
31
142
125
-253
-959
-1388
-1148
-525
580
1337
881
-349
-1261
-513
532
696
660
239
-6
-469
-1173
-1215
-640
578
1013
639
119
-660
-549
63
949
1645
754
-438
-1101
-1254
-215
963
1293
1333
1276
679
-229
-995
-1633
-1361
-482
-295
-606
-1144
-1388
-661
859
2060
2203
1682
258
-495
124
-82
-557
-586
-451
-439
-513
-123
-412
85
1685
1879
944
-849
-2031
-1750
-928
145
487
209
-536
-962
-242
403
1015
1733
1355
288
-392
-978
-973
-553
-298
607
938
161
-562
-1045
-764
161
965
1145
528
-123
-134
551
858
32
-633
-1059
-1290
-932
-940
-395
797
1737
2538
1760
-160
-999
-689
-82
439
257
-443
-627
-584
-152
686
695
271
-410
-1547
-1805
-1594
-1498
-781
-177
753
1795
974
-231
36
1012
1797
1983
1356
282
-527
-1008
-1124
-857
-541
-104
93
-709
-1606
-1398
-559
740
1827
1531
1004
287
-859
-408
573
552
146
-345
-239
-144
312
1083
737
235
-422
-815
-731
-992
-711
-448
-121
926
1260
448
-389
-839
-927
-298
367
221
-206
-357
-553
-256
447
615
987
837
191
-79
-843
-980
-771
-736
275
540
324
779
704
1150
1679
1082
134
-1166
-1598
-1396
-1292
-616
-139
253
