554
525
-362
-829
-760
-1054
-1211
-916
-357
231
800
1455
1719
1782
1442
784
336
-483
-999
-725
-418
-185
406
678
-68
-629
-1050
-1451
-1193
-782
-474
-553
-682
-550
-268
145
458
988
1207
831
823
1195
1305
1083
856
719
244
-284
-197
-237
-376
-330
-617
-952
-1292
-1067
-731
-648
-60
-294
-718
-665
-969
-422
700
1102
735
577
820
823
1157
1478
1165
509
-279
-1096
-1560
-1423
-1052
-139
644
647
909
1028
282
-339
-524
-928
-790
-317
-327
-145
-193
-313
-178
138
821
766
326
63
-87
398
697
455
218
-107
-453
-201
20
-467
-519
-48
436
685
582
602
453
92
-276
-518
-515
-790
-1285
-1601
-1891
-1791
-625
330
570
1268
1454
746
636
1082
995
703
816
882
589
-112
-596
-515
-294
-249
-485
-509
-187
221
262
219
313
-99
-496
-765
-865
-912
-1164
-777
-113
615
883
427
149
-200
-22
575
1009
1158
601
308
86
78
580
456
57
-531
-762
-254
-173
-372
-460
-436
-431
-729
-977
-842
-543
-378
-380
-767
-847
-27
627
1049
1479
1633
1835
1637
1073
825
731
535
-89
-375
-153
-784
-1436
-1260
-1085
-974
-762
-920
-1094
-384
142
40
110
294
808
1268
1361
975
424
244
-77
-116
-200
-472
-536
-1079
-1063
-555
-446
-446
-439
224
575
586
1182
925
475
515
436
767
677
392
252
-119
-142
-475
-514
-280
-698
-825
-725
-855
-1278
-1099
-785
-1016
-403
262
820
1285
1241
1285
935
957
1287
1211
890
463
-115
-1042
-910
-595
-787
-717
-986
-825
-703
-845
-887
-918
-567
-341
330
725
660
935
518
524
1300
1391
1317
1315
883
187
-632
-720
-89
200
199
-243
-756
-1259
-1465
-1068
-849
-267
64
128
426
75
-514
-987
-776
-101
519
1139
1339
1188
671
128
-596
-1067
-678
-244
312
570
373
491
671
604
270
-81
-277
-377
-590
-788
-327
168
60
-159
-384
-533
-349
131
500
754
713
143
270
772
516
113
-228
-664
-883
-563
-303
-445
-222
365
341
-130
-9
186
158
-13
-262
-187
-234
-69
-233
-686
29
761
704
424
-39
-535
-801
-714
210
1112
933
1125
955
272
311
-472
-1204
-778
-80
76
-158
171
42
-262
-248
-141
383
196
19
262
-234
-607
-134
-150
-870
-373
211
-114
220
471
109
-122
-53
-6
49
456
526
341
314
103
-268
-555
-655
-386
283
510
427
426
-26
-274
-104
-222
-206
240
339
277
236
-113
-264
-345
-10
319
-268
-430
-176
-117
-139
-426
-287
344
757
938
993
547
-182
-537
-331
117
-155
-698
-712
-697
-522
-474
-253
648
685
300
393
163
-267
-922
-1042
-576
-387
337
1030
1243
1297
840
199
-391
57
755
320
-128
-481
-324
-20
-304
-144
-22
1
-199
-439
18
-24
-448
-1043
-1203
-393
-233
-33
653
814
536
119
403
686
215
76
8
-365
-359
-233
-404
-157
720
896
468
724
771
-213
-1052
-862
-393
-501
-652
-232
574
954
494
-178
-342
74
288
137
-45
-424
-832
-819
-279
246
549
569
139
-73
-56
-361
-463
-5
258
279
400
329
491
463
-67
22
212
20
-252
-551
-500
-601
-675
-59
360
199
214
112
-458
-374
-30
38
599
920
864
717
235
-32
-141
-172
13
159
165
-176
-725
-790
-484
-382
-217
73
329
460
-76
-652
-537
-536
-549
-115
226
445
453
43
-131
274
550
340
294
533
270
-384
-410
-46
-23
-145
-69
224
430
280
-180
-336
73
610
458
-157
28
-280
-933
-582
-269
348
299
-310
243
263
-332
-722
-456
652
780
275
-91
-232
343
370
-108
9
158
69
123
-118
-1047
-1317
-597
-98
474
951
1041
866
-69
-347
-195
-672
-428
-25
413
461
-348
-81
297
409
475
-125
66
259
-110
-255
-347
-117
37
-243
-745
-478
28
-510
-248
384
119
176
-259
-524
6
-202
86
594
845
1726
1407
427
255
71
-109
-185
-422
-482
-457
-909
-681
-247
-796
-610
44
242
285
412
522
117
20
0
-639
-970
-31
835
225
59
314
195
614
689
106
-421
-556
-407
-411
-561
-693
-254
215
-302
-593
-100
238
918
1780
1480
619
-28
-802
-1040
-521
-127
-151
-499
-326
635
1007
646
683
810
401
-22
-276
-565
-1161
-1476
-631
-81
-58
371
275
363
810
338
-197
-152
-157
-720
-994
-276
370
202
-559
-804
-409
-308
-295
155
726
649
112
-435
-287
628
1041
1263
1909
1963
1130
668
403
-73
-246
-1077
-2190
-2549
-2323
-1405
-476
-27
576
1216
1083
520
-146
-719
-483
-164
-291
51
324
-401
-415
595
1134
1519
1444
1067
852
135
-167
-80
-427
-741
-1308
-1900
-1763
-1218
-609
-15
453
630
824
1060
700
33
-112
521
968
568
80
-28
140
-340
-1134
-550
218
194
437
350
65
550
880
340
-486
-609
-596
-1060
-956
-252
315
108
-143
66
-218
-124
398
507
508
28
-545
-414
-319
-630
-552
-427
-479
-193
28
53
149
769
1547
1857
1713
1020
370
-311
-517
-90
-267
-284
-21
200
-148
-1372
-1615
-1283
-908
-294
103
554
406
528
854
342
413
220
-639
-438
194
221
66
258
427
148
-469
-592
81
-27
-398
-19
-102
-196
-234
-277
159
-73
-191
241
358
289
-92
-84
-104
-301
345
977
1306
957
214
539
460
-399
-529
-791
-1126
-864
-946
-774
124
190
-381
-103
657
714
181
285
628
222
145
74
-733
-821
-271
-55
-52
158
120
-670
-538
323
408
262
50
271
367
140
793
789
21
52
467
285
-439
-698
-744
-515
34
180
370
523
257
-317
-892
-825
-452
-662
-646
-86
106
499
760
434
34
-528
-340
682
1073
830
939
898
229
-392
-626
-426
-10
203
-345
-849
-848
-1128
-732
73
162
88
57
-190
-411
-163
225
457
334
-63
10
451
702
645
601
870
1161
1164
920
350
-288
-910
-1550
-1446
-1041
-777
-306
-182
-400
-535
-339
-54
216
580
381
274
400
14
-294
-337
-92
124
351
795
509
-232
-457
-182
-214
-176
272
459
907
852
414
384
-277
-982
-1231
-831
161
358
-99
-215
-81
310
680
361
306
464
87
-236
-471
-560
-523
-296
-5
-80
-98
193
308
141
7
-348
-88
481
104
153
329
-118
59
140
-697
-915
-279
-107
-175
0
332
414
283
578
701
426
394
348
-322
-855
-341
-190
-462
211
436
-139
-296
-200
71
59
-214
-133
319
684
414
302
177
-243
-473
-575
-78
141
-172
-640
-1029
-511
-455
-568
128
429
572
701
588
798
822
480
941
1244
439
-36
-327
-780
-977
-946
-709
-820
-937
-900
-820
-16
568
433
391
339
379
340
284
508
297
297
831
864
470
240
134
-555
-1002
-545
-347
-667
-879
-570
-316
123
680
604
677
381
-128
-244
-295
163
416
179
-251
-344
-126
-408
-373
-190
-250
-269
-33
453
524
577
175
-180
296
300
141
-210
-448
-193
-535
-440
257
368
190
268
300
-200
-191
315
161
5
38
-317
-555
87
808
404
-1
111
-78
-301
-416
-138
72
-166
45
66
-140
236
472
466
656
429
-487
-1047
-875
-757
-1078
-1106
-450
-219
-89
610
654
315
555
976
1038
636
507
368
-262
-22
630
388
136
265
94
-166
46
31
-473
-871
-1203
-1232
-998
-381
65
-512
-631
-53
749
1243
597
573
708
118
-14
-320
-392
-473
-733
122
503
249
354
94
16
300
666
695
28
-95
-8
-339
-115
127
-45
-146
-251
-270
-17
267
-220
-1076
-1261
-921
-431
1
725
1030
570
380
120
188
482
457
604
266
-12
56
-309
-410
-43
85
-64
-32
-83
-180
186
453
-15
-824
-1270
-1167
-693
-397
-333
-24
356
571
514
402
427
581
823
544
302
242
-398
-452
-97
-244
-120
189
473
560
145
-108
171
281
22
-221
-630
-756
-504
-329
-153
-16
332
263
9
286
117
81
702
891
235
-597
-938
-1068
-1010
-777
-356
171
378
566
286
-398
-271
295
456
527
883
821
410
414
167
-493
-680
-253
-247
-648
-521
-591
-434
479
910
532
101
290
-2
-294
150
71
551
904
247
-60
-576
-1060
-1052
-996
-561
96
335
679
1229
961
588
624
262
-359
-613
-729
-764
-508
-641
-500
102
149
118
115
14
172
-155
-1120
-858
86
333
541
206
44
663
829
895
1341
1383
937
786
475
-275
-1041
-1471
-1261
-1113
-1596
-1953
-1118
-417
-137
381
89
270
677
852
1567
1317
1116
1177
477
265
513
809
903
555
-88
-822
-1312
-1764
-1934
-1678
-1049
-403
-769
-1525
-1800
-972
445
738
708
175
-50
1943
3296
3039
1824
272
770
1659
1443
707
-493
-964
-1351
-1701
-1257
-1032
-728
-1096
-2686
-3144
-1975
-583
274
33
-506
174
1271
2000
2192
1599
1670
1769
1315
1509
1430
1175
396
-1171
-1541
-1193
-674
-303
-1068
-1420
-997
-889
-786
-1197
-2131
-1778
-364
563
613
-355
-690
793
2648
3396
2011
500
682
970
1237
1103
60
-667
-826
-692
-601
-656
-951
-1575
-2083
-1671
-409
-126
-687
-932
-359
1319
2472
2136
715
146
805
441
17
-53
-118
403
340
332
711
141
-616
-697
-704
-676
-392
-633
-1195
-1526
-1907
-1304
100
442
-258
-1197
-152
3230
4206
1761
-314
82
1928
2077
-45
-1603
-1221
-132
249
-684
-1952
-2122
-1839
-1221
367
1177
25
-988
-259
968
1319
779
289
686
1662
2036
1396
1090
1173
715
-283
-1939
-2808
-2540
-2364
-1457
-189
14
-412
7
731
120
-838
-1377
-493
2137
2448
-715
-2795
-658
3360
3887
461
-1032
1350
3456
2357
-1041
-2368
-682
84
-223
-1006
-2386
-2163
-1062
118
774
-1157
-1898
228
1222
434
-1051
-888
1451
2317
747
-664
97
1715
1295
-208
193
1463
1923
1261
-523
-1410
-1420
-995
-448
-984
-1114
-1273
-1998
-2156
-1112
720
-3
-1871
-1205
1624
3748
1535
-728
1665
3896
2053
-1061
-854
1736
2179
376
-800
-1082
-1053
-593
-1079
-2158
-2511
-1627
-133
-599
-1418
-848
85
1328
891
96
1642
3017
2549
529
-910
91
861
387
-282
-886
-22
1132
530
-455
-203
159
-1367
-3560
-3573
-865
1092
-846
-2992
-1057
2381
2827
177
-826
2524
4870
2743
283
389
1555
507
-1839
-2378
-1770
-536
-364
-2164
-2293
-841
-407
-990
-1888
-754
1369
1691
1443
945
1175
1883
1709
1937
1317
530
703
-158
-557
45
-217
-923
-1414
-1613
-1606
-1449
-927
-877
-1677
-1700
277
1378
-1076
-2153
731
3194
2518
-70
1085
4207
2761
356
-815
-175
1881
117
-2476
-2855
-1957
-15
-1313
-3594
-2137
-102
-119
-813
405
2186
1100
-560
303
1844
1873
423
574
2715
1810
-86
398
709
951
602
-286
-676
-1493
-1495
-1016
-1341
-1826
-2374
-2925
-1392
1287
-899
-3488
2
3105
1645
-1362
944
5980
3871
1279
1767
1022
1796
969
-1468
-2471
-2725
-838
-1792
-3456
-882
-847
-2335
-1995
-565
1074
229
181
1691
1756
1315
1340
2227
2818
1969
167
-720
495
1207
-787
-2298
-213
694
-1597
-1511
-69
-1096
-2649
-3339
-1009
1733
-1754
-3234
1155
2516
1187
-285
1948
5772
3479
1183
1699
1873
552
-2867
-2370
-354
-1493
-1876
-2142
-1686
-851
-2622
-3512
-1557
875
199
-1566
857
3121
2398
1624
1941
3463
2769
885
1487
1430
96
-390
177
635
-824
-1682
-1403
-1847
-2491
-3395
-3598
-3553
-1041
838
-3180
-1858
3414
2584
611
551
3666
4602
1569
2582
3356
1912
1275
-321
-1234
-1205
-1430
-3174
-3786
-976
-1440
-3731
-2629
-14
720
-1829
-392
2555
421
510
2442
2621
1731
1085
2583
1621
314
721
-674
130
1025
-372
-1101
-974
124
-1683
-3457
-2989
-2720
225
-716
-3082
-230
988
1380
885
1254
3595
1815
1619
3317
2452
1497
-423
-823
-167
-1470
-2365
-2236
-1631
-2789
-3660
-2140
-1702
-1166
-745
310
2348
1961
1768
2363
3449
3918
2034
1544
2023
1865
283
-1008
461
-401
-2143
-1863
-2278
-2530
-3507
-2899
-2627
-3996
748
979
-3226
524
1776
546
1106
2650
4966
2087
2072
4131
2128
1269
258
342
-411
-1790
-1327
-2650
-2892
-3130
-3247
-2443
-2203
-856
-2311
-1167
2736
1408
771
2064
3979
3577
573
2100
2384
343
285
188
580
-485
-674
789
-5
-1276
-2690
-2969
-2946
-2656
320
-1367
-3717
-172
285
-1040
123
2873
4013
1891
3617
4216
1353
1240
110
-596
-483
-1540
-2047
-2204
-1063
-1491
-2705
-1314
13
-42
-1124
-19
1756
-782
-1495
1717
2305
637
996
2863
2113
983
1639
1037
228
-443
-801
-943
-1112
-577
-1842
-2494
-2774
-2706
-910
-3060
-2999
433
433
1197
1992
2906
3877
3238
3453
2070
1392
1679
83
313
180
-2017
-3261
-2371
-1493
-3248
-3269
-790
-897
-2749
-1713
1320
1334
876
2125
2091
1647
1718
2719
3035
1704
1314
308
-745
-683
-1420
-1651
-1307
-681
-920
-1295
-719
-2743
-2434
-817
-3346
-1971
1041
876
754
999
3208
3616
1803
2163
2887
2296
170
312
1751
-411
-2013
-1534
-1495
-2292
-2944
-1814
-1176
-1804
-2069
-1714
-499
185
678
1645
2485
3074
1935
1117
1504
1264
1239
1114
1474
902
-673
-607
-886
-1847
-2756
-2266
-2328
-2954
-353
-1692
-3291
408
926
342
545
1435
2465
1088
2333
4080
4034
3217
1008
507
-1151
-3407
-2510
-1794
-2639
-3185
-1721
-947
-1341
-642
-633
122
1294
1349
1360
1618
2839
1820
624
2235
1935
759
67
26
279
-1155
-779
-274
-2120
-2917
-2387
-2483
-3298
-551
1087
-2735
-1786
1013
-54
333
1483
2902
2480
1689
3518
3363
3349
2863
906
551
-1393
-2655
-2177
-3080
-3567
-2982
-2296
-1710
-973
-646
157
1512
1147
535
1431
2441
1323
-311
937
1855
582
500
1477
1430
-264
-1246
-24
132
-1153
-1429
-1018
-2757
-3738
-1090
-2499
-3992
330
1158
77
1901
3481
3623
1982
1548
3008
3082
1577
239
708
831
-1471
-2474
-1805
-2212
-2645
-2985
-2792
-1292
-699
-1614
-1196
901
1179
601
1789
3063
2536
1679
2256
1889
913
954
685
150
-824
-1343
-996
-1118
-2130
-2676
-2386
-3268
-1483
1106
-1547
-1327
1678
451
-69
1148
2311
2692
1131
1145
1977
1496
933
684
1316
344
-1627
-724
-206
-1554
-1504
-1607
-2525
-1975
-1760
-1892
-282
1031
1047
290
410
2119
1841
1035
2038
1886
654
77
679
1159
130
-509
1
-489
-2059
-1575
-980
-2997
-2327
75
-2072
-2620
1408
1027
-1231
-67
1207
2802
2521
1087
2395
2375
865
474
269
209
-373
-1477
-1927
-1770
-1000
-528
-1504
-928
618
-851
-1434
486
1100
680
313
879
1384
332
549
1562
571
-313
257
829
386
-542
-178
-327
-1702
-1194
-517
-1494
-1853
8
771
-1560
-796
1418
-47
-907
477
1622
1442
992
858
1147
1296
639
791
6
-689
130
-1043
-1991
-861
-90
-601
-1099
-20
473
-870
-955
278
166
-533
-859
-315
404
347
1782
2634
848
338
1358
957
-70
196
304
-1134
-1861
-212
506
-994
-908
90
-470
-1217
-973
-393
-641
-281
807
41
-456
996
1316
-642
-1670
443
1502
442
1503
2444
917
-41
224
-138
-1247
-896
445
-449
-1736
-800
-319
-1333
-1183
436
291
-1404
-548
1747
1452
250
1187
1540
134
554
1572
288
-1018
-403
176
-760
-1048
24
-373
-1548
-125
1617
-471
-2303
155
1230
-1117
-1663
-195
254
98
683
1084
763
661
1005
581
-657
-141
1179
175
-961
426
861
-888
-561
510
-341
-665
436
777
-443
-771
97
288
-562
-650
521
-553
-1834
-226
975
610
-200
-316
-164
-616
325
1945
1578
677
1010
631
-996
-981
489
-350
-2661
-1760
288
-502
-1319
-542
785
1544
733
702
1058
520
1076
1163
-429
-917
465
665
-912
-1298
-294
-23
-675
-321
448
204
-610
-1395
-796
-61
252
974
620
142
299
531
535
-233
-48
879
624
77
88
585
758
200
-4
-658
-1313
-337
-45
-1673
-2737
-1024
1093
42
-1439
-198
1441
985
-157
-386
243
1937
3067
1969
54
-156
1246
690
-1870
-1973
-474
-1299
-1841
-581
-611
-1008
-60
1167
568
-1432
-736
1485
1060
-322
111
892
394
880
2256
868
-1045
155
1479
268
-1149
-458
84
-1076
-484
1181
-47
-1851
-1027
277
-787
-1799
-194
894
246
279
808
-672
-2159
22
1466
-507
-1256
702
1651
665
1416
1670
-921
-1591
517
1337
-371
-688
830
-26
-1270
238
1305
-296
-1388
352
1327
-625
-808
860
-85
-1807
-1234
166
-309
-537
1294
1606
104
-69
1144
371
-1626
-1063
190
44
400
1814
1256
-643
95
1285
-2
-857
247
80
-1449
-1287
-324
-1211
-2535
-1420
296
161
-619
256
1232
400
637
1450
796
21
682
1644
654
85
861
669
-587
-943
-150
-671
-1375
-417
203
-764
-810
681
1049
87
-414
857
893
-546
333
982
-557
-1577
-334
523
-842
-937
508
364
-706
33
1023
-207
-818
705
786
-952
-750
1082
1180
-51
262
731
-610
-1001
373
239
-1708
-1320
390
-293
-940
-77
478
-61
47
1416
1577
756
331
528
-62
-1324
-43
1184
169
-141
432
408
-1142
-1644
-429
-921
-1145
479
1232
355
209
1458
1062
-371
-66
817
-47
-1379
-907
-562
-1119
-731
568
987
59
351
1123
41
-808
-75
775
262
-417
22
-46
-485
-310
-3
-702
-1699
-474
514
-299
-53
1273
1596
256
539
1806
-37
-1339
120
541
-758
-755
484
-323
-1802
-1305
-92
365
331
1209
1756
322
-329
488
389
-163
401
1095
66
-1007
-735
-760
-1318
-953
665
499
-931
-151
352
-738
-1123
-48
704
-243
-28
1332
791
-142
890
2088
1384
572
589
-98
-1354
-1536
-273
-12
-1080
-898
-184
-369
-664
-365
-124
-719
-813
111
321
-370
557
1995
362
-1130
83
1084
644
447
1476
866
-959
-402
844
-262
-1946
-506
1021
-102
74
1193
673
-570
-419
737
-132
-970
55
-236
-1394
-916
201
-122
-635
126
456
-214
-678
273
1066
-191
-358
920
380
-468
485
1172
15
-606
458
644
-360
-560
414
670
-144
456
640
-1231
-1726
-742
-798
-1478
-805
207
496
673
495
1215
1004
-619
-77
371
-520
86
1638
1223
-376
185
737
-320
-162
901
1046
-392
-1319
-187
-397
-1902
-1428
61
-203
-857
712
1173
-667
-562
1165
606
-1064
-232
484
-625
-393
973
765
-634
-128
1376
638
-463
507
1222
-206
-878
714
549
-1357
-1123
-367
-843
-1503
-646
875
-25
-524
864
946
-171
315
1782
672
-247
1126
1231
-159
-690
-27
-324
-1266
-508
997
541
-895
-246
327
-1241
-1502
64
-25
-960
-138
896
-389
-1243
1086
1921
324
-134
460
179
-984
12
669
-977
-1263
31
719
-73
372
1765
1036
-421
134
1586
181
-1422
-359
-101
-1478
-906
1442
918
-991
-446
567
-436
-1005
597
543
-1066
-631
590
-162
-1309
-400
216
-792
-328
1777
1444
-441
441
1928
758
-181
1227
1390
-386
-630
-162
-917
-1750
-1093
-23
-908
-1424
148
485
-459
-412
84
-283
-585
666
1362
300
-236
725
1445
823
740
1130
-43
-1118
-34
973
68
-498
402
551
-1252
-1931
-343
-575
-1408
-3
366
-760
-491
495
-373
-1502
-277
1046
624
188
1125
1454
248
56
824
298
-960
-90
1027
-69
-118
818
562
-460
-547
455
-430
-1522
-355
514
-32
-383
449
527
-734
-688
-42
-750
-1033
158
1146
576
-73
964
772
-928
-616
54
-370
-163
940
1399
440
10
205
-380
-1025
-677
34
-520
-846
-239
-632
-936
-78
891
662
-2
719
1157
21
-223
944
576
-338
287
563
48
-689
-809
-637
-1223
-430
836
137
-268
949
1167
212
139
25
-502
-1004
-933
-129
-256
-65
923
717
-31
-60
125
-50
277
679
489
50
-390
14
-21
-885
-994
-666
-441
-292
19
-50
-487
-109
702
692
265
690
720
36
62
29
-491
-832
-266
18
-787
-249
977
1141
1127
973
328
-689
-1000
-137
203
-443
-649
12
198
-237
288
1101
658
-199
-100
-43
-809
75
1084
-487
-1054
-149
-77
-559
-1028
-360
172
-218
-103
-222
-627
-704
-211
431
81
464
1503
916
239
1057
1440
191
212
1397
486
-1124
-1071
-162
-919
-1446
199
7
-1056
-221
436
-421
-1334
-106
857
-236
-254
662
76
-537
572
1155
130
-223
860
1284
337
417
885
-273
-1007
-78
466
-601
-724
138
-822
-1356
-247
29
-796
-1288
-599
403
-49
-712
799
1277
185
841
1171
100
-570
62
551
92
637
1319
631
-467
-191
222
-699
-465
354
-462
-1485
-671
616
404
-27
303
660
383
401
618
-350
-1213
-863
-423
-973
-1477
-1401
-1798
-1172
930
1683
127
-1113
831
3425
3196
2156
1444
243
-818
-965
-48
50
-1168
-1619
-1128
-481
241
492
-98
-925
-1305
-694
136
637
925
-114
-1056
-264
1089
1278
536
770
267
-921
-204
1224
1071
-626
-680
247
288
675
767
506
-284
-791
-415
-800
-2149
-4208
-4606
-2018
1325
2607
654
-873
1178
4435
5593
4378
2175
81
-1906
-2389
-738
-511
-2287
-3809
-3848
-2369
-149
2209
2507
1039
193
865
2695
3120
1070
-1202
-2123
-1963
-691
-104
-764
-693
-869
-492
1657
3503
3301
1092
-332
-95
-23
-783
-1959
-2866
-4278
-5870
-3851
1449
3965
2204
-611
-466
3669
6536
5945
3092
-473
-2190
-2888
-2105
-436
-1705
-5394
-7647
-4659
862
3085
3272
3082
1838
1749
3890
5602
3768
-928
-3721
-3080
-1388
-64
-227
-1990
-2918
-1508
1025
3446
3946
2537
440
-1594
-148
1167
-1725
-3766
-4392
-6020
-6683
-2268
3963
4461
1122
-631
2619
7706
8656
5563
25
-3529
-3186
-1891
-678
-1225
-4438
-8229
-7529
-1255
3321
3339
2260
2360
3075
3028
4257
5288
1392
-3885
-4306
-1214
256
-784
-2439
-2596
-746
1185
2919
3289
2062
987
201
339
1182
681
-2992
-6255
-5987
-5259
-3441
902
4082
1665
-2681
-134
6548
9534
7330
1986
-1874
-2929
-2612
-1719
-2450
-4026
-5545
-5854
-1863
3039
4327
2070
44
1703
4029
5132
5420
2697
-1808
-3959
-2788
-505
-895
-3952
-5471
-3243
910
3708
4861
3739
1271
46
-208
696
58
-2593
-4769
-5307
-3520
-2772
-2021
1284
4220
3043
-504
1453
7331
8810
4875
310
-1407
-2035
-3113
-3939
-4973
-5843
-5346
-3825
-447
3546
4534
2233
-48
1927
4690
4268
2935
260
-3031
-4411
-2782
-30
-506
-2239
-1946
-156
2535
3956
3843
2829
1125
759
492
-381
-1737
-3926
-5313
-5274
-3308
-2572
-2192
1524
4277
3220
-506
477
6799
7981
3975
-488
-2553
-2830
-3033
-2439
-3307
-3753
-3337
-3230
-227
3430
4532
3011
1284
2619
4147
2694
257
-1568
-3314
-4187
-2578
-263
-424
-1767
-1582
112
2329
3725
3334
1427
212
481
731
280
-1221
-2315
-3312
-4007
-2231
-2124
-3325
32
5088
5401
496
-2088
1867
6167
6366
2717
-1751
-3512
-4093
-3932
-3320
-3486
-3052
-3407
-2744
1530
5042
4655
2062
1744
3320
3646
2926
443
-2172
-3700
-4162
-1680
290
-866
-1863
-1097
1282
3729
3908
2149
472
-120
-530
-803
-647
-1149
-2246
-3402
-3002
-1658
-3402
-4527
91
5466
5873
1432
-1369
2252
6626
6456
1959
-2245
-2611
-3295
-4191
-2810
-1652
-2070
-2880
-1088
2597
4502
2982
-244
-766
1084
2248
1735
-545
-3011
-4148
-2900
-71
1446
1089
-611
-713
2576
4528
3834
1837
-378
-1029
-1158
-784
-937
-1798
-2276
-2626
-1436
-818
-2460
-3471
-825
4192
5269
954
-2551
255
6027
7322
2708
-2586
-3643
-2852
-2906
-2959
-2732
-2254
-2501
-1581
2299
4921
3864
904
-586
1648
3744
2569
-215
-2324
-2798
-2564
-1160
604
132
-1712
-1610
1596
4314
3636
378
-1787
-758
158
-177
-905
-2074
-2717
-2344
-629
846
-141
-3313
-5079
-1046
5069
5926
842
-3889
-755
6703
9337
5284
-1057
-3272
-2308
-1640
-1383
-2834
-4664
-5620
-3591
1934
5075
3450
-425
-1247
1770
3480
3045
582
-2287
-3494
-3110
-163
1773
418
-1683
-1886
1493
4391
4004
1376
-804
-367
-158
101
-279
-2411
-3367
-3271
-1193
900
-835
-4645
-5528
-267
5700
5997
295
-3929
846
8255
9387
3516
-2352
-2733
-1695
-1298
-1716
-3214
-4282
-5026
-2396
2667
4399
2130
-1590
-1783
1957
4456
3130
-725
-3001
-2903
-1634
362
1110
-10
-1804
-765
3007
4456
2762
-690
-2309
-253
967
377
-1047
-2324
-1661
-734
-344
81
-734
-3809
-4842
70
5668
5239
-1384
-5514
-301
7580
9030
2963
-3691
-4202
-1347
55
-979
-3414
-4512
-4055
-1528
3167
5301
2710
-1381
-1315
2698
4762
3310
-152
-2736
-2649
-842
140
-1104
-2025
-1954
-952
2162
4395
2552
-571
-1085
437
1382
509
-1810
-3318
-2277
-1078
-182
544
-1089
-3142
-4354
-2757
2766
6242
3709
-2783
-3994
4022
10185
7668
100
-4915
-3114
214
918
-1494
-4916
-4947
-2807
302
3327
3166
106
-2704
-509
3875
3513
-338
-2974
-2793
-1521
129
552
-1363
-1899
-184
2334
4399
4008
2100
17
-570
1075
1369
-763
-2641
-2157
-927
-1171
-476
95
-1528
-2791
-3739
-4042
-1332
2698
3527
220
-2168
1012
6591
8147
4191
-1125
-2434
-198
1707
-91
-4687
-5319
-2579
-737
718
1343
587
-905
-481
1983
2833
1202
-1518
-2610
-1287
353
864
-300
-1471
-935
524
2078
2782
1756
57
-652
317
1520
1248
-413
-1708
-1235
-957
-616
-14
-1087
-1778
-1527
-1151
-1724
-2193
388
2903
2779
-234
-1775
2468
6770
5906
-535
-5059
-2277
823
658
-1701
-3596
-2661
-1248
-112
1179
1712
827
-356
370
1978
2377
1015
-1631
-1988
218
730
-304
-1277
-1359
-215
1269
2473
1614
-300
-1034
-685
-239
-1081
-1498
-889
-57
1557
1866
897
573
28
-792
-1175
-2117
-3695
-2488
1284
2488
74
-3180
-1464
5688
8630
3938
-2375
-3091
832
2046
8
-2867
-4211
-3291
-1739
-42
362
172
-147
-137
1879
3438
2359
-478
-2157
-1455
-53
611
-448
-1092
-133
1370
3007
2719
1098
-189
-978
24
769
-495
-2029
-2903
-1944
-627
-710
-331
317
904
1253
550
-565
-2981
-3640
180
2936
1845
-1604
-3774
619
7625
8088
1885
-2795
-645
3018
1291
-3508
-6069
-4842
-2393
-216
1850
1179
-468
-387
727
3077
3276
48
-2792
-2454
85
758
-1022
-2294
-853
1098
1826
2961
2588
722
214
855
1086
-132
-1438
-1682
-1113
-59
-126
-1008
-746
143
664
-23
-1146
-1478
-2918
-3066
557
3520
2065
-3054
-4245
2179
7713
5879
-653
-3945
-497
3140
1626
-2528
-3950
-1821
-382
172
881
-226
-1631
-517
2538
4644
3476
-178
-2878
-2178
194
212
-2296
-2907
-1024
601
716
100
264
211
269
962
1177
442
-900
-720
319
1089
1785
1285
1072
2063
1541
-463
-1130
-1210
-2386
-4501
-5099
-1833
1498
889
-2856
-3848
1841
7243
6267
1320
-1457
1255
3445
644
-2912
-4041
-2418
-257
506
932
-458
-2170
-1069
1047
2852
2258
-524
-1237
574
1889
379
-1800
-1504
-37
731
390
-135
46
52
-124
332
689
-375
-1676
-1378
77
999
192
-300
804
1838
1573
-88
-1024
-937
-1973
-3991
-3682
265
2875
792
-3191
-2586
4488
9316
6090
-356
-2183
1208
2371
-874
-4668
-5980
-3937
-1511
20
558
-705
-1213
41
2099
3547
2263
-342
-435
1873
1762
-496
-1301
-838
352
933
695
646
4
-413
77
247
-100
-1342
-2592
-1648
115
429
-524
-90
1772
1706
641
270
302
-307
-1704
-3093
-4137
-1601
2534
2843
-810
-3741
528
6707
6512
2349
-718
329
2432
1477
-2322
-5897
-5243
-3065
-2014
-389
-347
-1523
-774
1517
3736
3126
700
224
1264
1719
878
34
-389
-750
-200
883
607
-825
-717
82
513
778
-708
-1837
-651
740
9
-1583
-985
833
1555
688
-23
254
200
-91
-1017
-3162
-4494
-2594
685
1535
-376
-2220
3
5727
7629
2651
-1777
-87
3617
3563
-550
-3931
-4093
-2787
-653
280
-1682
-3073
-2011
514
2266
1162
-543
-937
817
2834
1713
-22
-216
679
1340
631
136
-454
-947
518
1635
404
-1131
-1112
698
1510
-259
-1808
-2232
-965
757
-133
-1157
-368
579
269
-1286
-2361
-3799
-4336
-404
3161
1958
-1459
-2323
3115
8425
6731
1613
-682
1929
4394
2453
-2191
-4580
-2946
-1243
-1003
-2130
-4169
-4397
-1789
748
1000
-38
-410
1989
3747
1583
-782
-849
442
1182
749
-283
-672
-307
-113
466
263
-629
-817
-149
928
497
-625
-598
837
1862
636
-424
-278
93
178
165
258
-720
-1927
-2814
-1986
891
1505
-244
-2217
-1675
2760
5279
2683
-1112
-988
2303
3337
790
-2331
-2322
-337
-408
-1697
-2437
-3137
-2582
-222
757
-494
-937
451
2300
2912
1347
-241
635
2302
1685
-539
-1176
-149
629
570
79
-209
-606
-882
-512
-91
-507
-1044
-217
786
980
768
260
299
1153
1331
264
-556
-1207
-2042
-2967
-3797
-2366
69
132
-1331
-1414
1182
4154
4060
2354
2429
3142
3161
1856
-935
-2264
-2272
-2253
-1924
-2198
-2056
-1656
-1523
-458
-287
-628
703
2198
2343
940
-118
318
455
-255
-1043
-585
654
1035
1310
1374
390
-224
-130
-318
103
402
-232
-179
-406
-1207
-830
191
760
956
633
-59
214
444
-158
-138
-367
-1600
-2975
-3249
-1890
-548
-250
-546
-379
941
2508
2989
1947
997
1704
2535
1741
366
-296
-681
-1160
-1488
-1413
-1334
-1078
44
251
-577
-567
43
636
415
198
578
298
230
325
-336
-472
-509
-1177
-932
-611
-1144
-746
466
1351
1657
1179
833
1010
675
538
834
321
-352
-86
641
363
-126
-470
-1234
-1099
-1106
-1673
-2310
-2613
-1502
-356
266
202
90
1037
2214
3054
2599
1715
1449
960
180
-627
-550
-125
-310
-755
-1719
-2157
-1653
-738
436
377
-197
-313
-609
-124
887
1226
1094
743
318
12
-414
-493
-233
-154
241
93
-57
246
-415
-898
-463
364
538
203
318
320
607
535
152
461
392
108
216
53
-449
-520
-417
-827
-1072
-727
-907
-1307
-452
-137
-982
-710
212
880
1309
1231
1351
1343
1150
1248
507
-35
209
266
298
-480
-740
-203
-533
-746
-1105
-1466
-992
-392
119
135
-162
-439
-793
-224
967
834
43
-59
-107
209
540
604
1041
683
372
664
460
430
-59
-342
417
299
-301
-113
-84
-942
-1525
-1430
-743
291
499
526
427
-132
-363
-186
-97
-394
-412
-393
-270
40
181
238
-42
385
464
-83
406
733
978
958
-29
-181
467
442
-21
-486
-740
-891
-948
-383
-144
-328
-86
152
-83
-361
-85
8
243
561
416
506
764
1137
505
-416
45
432
-318
-1022
-206
301
-456
-1105
-1113
-188
-54
-106
970
1224
524
-164
19
631
260
-381
-516
-289
-119
-154
-543
-947
-583
-396
-235
312
369
232
-168
-84
634
945
1144
696
372
190
-715
-699
-643
-708
42
405
202
-510
-619
2
205
-49
80
811
620
659
500
-12
693
121
-402
-110
-491
-476
-582
-338
-45
-81
60
-479
-355
738
652
158
-186
-910
-959
-1090
-513
592
193
306
456
-270
-585
-291
711
1223
899
713
323
-322
133
732
106
-519
-349
247
639
402
-390
-244
504
406
-436
-1859
-1915
-797
-505
-219
415
317
407
766
311
349
32
-182
-51
-265
652
199
-35
842
238
95
-3
-5
23
-285
269
227
-185
-364
-667
-402
-683
-945
-83
66
373
869
727
616
67
41
52
321
333
-273
-142
-738
-246
353
-206
-212
-432
-234
-518
-83
503
-327
40
536
367
258
380
319
-174
-393
168
925
303
-233
-153
-256
-368
-319
240
161
-537
-939
-799
-608
-463
120
599
321
391
861
-167
-231
674
1099
1538
363
30
194
-796
-739
-188
-374
-717
-809
-972
-364
-469
-907
-444
-271
673
1090
1349
1576
548
-4
-237
-4
341
102
-29
385
511
185
740
122
-1269
-775
-742
-961
-211
-213
-293
-926
-956
190
-59
110
252
-180
-157
325
836
118
771
941
136
759
614
922
509
-573
226
226
-263
-36
-510
-997
-1268
-1246
-646
-435
179
362
202
745
692
785
344
91
629
10
-580
-327
-348
-1051
-766
-446
-809
-350
118
749
547
-89
-81
-269
1057
2022
378
31
1044
788
687
-101
-791
-76
-945
-1246
-139
-401
-520
326
569
-274
-979
-1099
-967
-825
-364
437
172
231
1081
445
-221
111
467
896
890
972
884
55
137
487
60
-87
-6
-733
-1201
-293
-185
-837
-539
-123
-48
112
61
-566
-724
-141
325
172
-391
-154
358
292
332
550
236
-114
592
1275
952
645
508
-301
-813
-794
-994
-862
-740
-206
272
-482
-769
-135
7
15
578
351
380
1111
552
359
353
30
275
-120
-115
186
-194
-295
-430
-556
-162
218
283
106
-387
-309
-157
-895
-836
-670
-625
368
737
962
749
284
801
403
-32
135
-82
-26
-83
-278
-253
63
303
26
-396
-444
75
307
385
554
-115
-710
-575
-223
252
186
42
-127
-613
-319
-114
-276
-146
-5
38
-72
345
666
488
183
63
193
-327
181
809
-545
-1245
-693
296
740
-149
-59
834
919
574
-66
-182
67
381
417
-701
-905
-607
-1108
-761
-38
237
238
306
-62
-410
-17
-513
-549
363
698
1050
855
783
965
402
314
534
447
-259
-1035
-1045
-1622
-1688
-500
18
167
269
-316
-698
19
519
286
184
302
869
996
529
169
-422
-511
-59
507
853
211
91
309
-173
59
-255
-625
-49
-394
-335
-207
-747
-779
-302
363
424
792
609
-659
-884
75
501
-443
-670
-284
102
495
559
960
363
24
101
-309
48
155
240
202
304
543
-191
-227
116
-412
-1007
-903
-650
-540
153
259
86
749
694
278
172
-155
-142
-275
-283
164
344
339
-378
-611
485
1185
431
-628
-117
348
3
139
222
-62
-455
-468
-917
-1291
-479
-671
-812
309
382
117
489
1136
992
-295
-352
-102
164
1315
1202
499
-123
-70
602
158
-428
-647
-97
195
-258
-48
-387
-711
-483
-530
-157
464
421
-210
-560
-548
-141
367
376
156
189
337
-535
-1358
-554
623
1067
405
-222
-107
-580
-498
18
322
1127
733
825
702
-730
48
444
208
275
-805
-980
-977
-1163
-883
-254
344
496
589
499
1176
921
-220
-89
279
648
506
-64
-544
-465
-276
-325
410
231
-89
149
-234
-681
-1179
-561
-489
-953
139
193
-146
-20
-365
-377
-352
434
1302
1305
959
168
351
799
640
994
763
-308
-846
-819
-782
-272
-22
-879
-946
-43
367
130
-245
-217
-135
-172
-132
-133
-103
-177
-74
410
369
131
271
353
432
121
-83
204
348
325
-99
14
242
-226
-165
-449
-616
97
196
313
609
498
337
-68
-939
-1599
-1296
-891
-458
638
1175
486
-120
184
444
328
372
497
188
-388
-50
381
82
294
160
-501
-151
46
-239
-110
-548
-968
-151
602
360
-250
-196
457
198
-140
-37
-167
255
-27
-385
14
-4
390
318
55
306
526
458
-301
142
495
-314
-267
-177
-616
-954
-446
95
-212
-225
117
-11
-144
829
1324
831
742
64
-817
-1495
-1899
-1216
-546
482
1070
246
-199
-211
686
1030
526
1142
547
-142
280
341
782
1054
820
-216
-1209
-1184
-1324
-1752
-1638
-650
342
617
-212
-715
-392
-663
-513
-104
600
1369
963
547
582
828
748
675
1260
1782
1404
290
2
57
-274
-744
-1041
-886
-1506
-1976
-1988
-2105
-916
-85
-518
-359
254
646
692
1073
1540
642
-88
762
1429
950
670
527
-497
-757
-486
-538
-165
-187
-229
-185
0
302
114
619
902
537
54
-785
-1053
-1108
-668
-139
171
760
12
-202
43
-1008
-823
-494
-102
1017
725
417
638
611
420
134
-9
-179
-56
70
304
321
-431
-786
-283
173
17
38
-294
-1184
-1147
-535
-107
63
460
904
462
179
546
355
602
1408
955
218
-59
82
256
-207
-437
-1010
-1228
-328
-114
-706
-1009
-729
-628
-88
711
432
-187
-594
36
520
306
908
505
-63
46
-305
24
-148
-47
871
788
1089
1493
992
1
-702
-524
-125
-50
-386
-46
-208
-1270
-1379
-1730
-1582
-650
-471
28
361
474
952
767
688
650
290
378
424
629
488
274
706
231
-568
-845
-879
-725
-303
550
735
352
304
133
-629
-687
175
76
-149
190
-203
-516
-82
274
61
-336
441
363
-970
-587
-520
-192
390
-42
1038
665
-40
704
34
136
505
155
-17
-603
-778
-157
323
176
312
-36
-686
-170
-61
-97
100
-146
-78
-608
-1207
-823
-352
174
563
728
734
622
143
-174
546
1070
1078
689
775
1019
5
-589
-598
-857
-1484
-1502
-852
-635
-524
-457
403
-103
-770
332
-185
86
776
-67
210
1070
1049
743
1160
615
43
439
54
-193
-774
-558
437
71
347
332
-571
-396
-943
-1551
-621
-489
-781
-510
-357
157
197
428
1304
616
-165
77
-435
-752
-169
329
833
1342
1534
1241
636
-56
-326
118
-54
-468
-403
-488
-534
-877
-817
-736
-1034
-417
-423
-495
487
667
294
187
273
497
646
499
443
360
-450
-324
638
550
489
329
-186
-229
-335
-45
-334
-780
168
-49
-460
117
-221
-333
-245
-332
-254
-300
331
307
-1028
-1336
20
1180
862
767
855
-24
-174
67
191
310
80
177
-170
-371
215
118
-491
-297
389
474
417
488
296
-260
-698
-822
-575
-60
20
177
-334
-779
-165
-57
101
145
86
539
819
637
467
500
217
-16
-459
-593
-729
-954
-359
-552
-353
348
2
-146
124
-45
-93
590
408
273
640
491
557
381
200
-405
-521
223
-363
-616
75
-138
-448
13
356
136
-483
-326
525
660
964
1275
843
209
-188
-685
-1204
-1209
-1126
-535
-49
6
-384
-748
-186
-469
-908
-241
731
356
8
1336
1150
837
805
58
391
161
-63
278
218
290
0
-317
-166
-52
480
368
-949
-862
-506
-630
-404
-676
-321
-339
-502
259
364
449
750
312
-14
251
88
-66
-219
-119
96
-365
334
870
704
355
-564
-448
-270
242
541
-144
-303
-632
-893
-503
356
564
174
334
215
-263
-210
222
188
434
732
846
894
-159
-1000
-1541
-1327
-264
140
580
586
146
-413
-622
-273
-156
107
-113
-380
-560
-559
502
1006
932
865
714
536
-461
-1130
-709
-225
410
862
687
402
-229
-483
89
36
-356
-334
-277
102
490
278
-31
-393
-794
-388
117
-402
-151
615
-28
18
556
176
-130
-398
-306
-389
-617
-31
706
499
-30
455
940
945
65
-353
569
162
-320
-627
-753
193
-472
-1246
-530
16
-144
-679
-555
-106
442
636
102
283
413
223
432
284
679
928
282
310
487
416
181
-713
-1259
-916
-676
67
871
72
-392
-201
-35
239
-559
-477
208
-217
263
-127
-774
649
-586
-1284
1010
471
389
191
-875
1000
862
-313
367
659
653
559
-253
-796
1044
862
-880
-793
-1386
-372
-281
-1308
168
308
209
174
-628
-511
-522
-333
-179
525
810
228
800
379
906
1505
251
1168
778
-264
-255
-1087
-602
-406
184
-281
-844
139
-1085
-167
104
-1340
-605
-818
812
1116
-1090
-64
945
668
743
582
457
255
-491
-194
546
-675
-1028
-80
-322
385
705
-818
-83
662
60
376
-427
-12
768
-325
5
-307
-1013
-366
-177
248
419
553
855
592
512
120
-190
-1005
-1297
217
342
290
743
336
674
667
-511
-1293
36
1507
587
-429
-1318
-2227
-1946
-1197
59
699
2
174
563
-77
670
1073
443
1197
0
-343
651
-728
81
101
-310
876
597
1587
993
444
571
-943
-151
-705
-1860
-1092
-1469
-1839
-581
-81
-413
564
-105
612
2163
568
404
-243
-910
216
437
625
484
277
159
-402
-819
-533
273
859
1083
412
-597
-490
284
-286
-825
-14
-321
-768
-148
328
316
-1340
-2088
522
2329
1720
752
71
-607
-898
-453
168
1045
1225
876
-634
-1497
540
475
-696
-802
288
1273
-679
-929
-1357
-1413
564
-657
-564
723
548
746
164
433
959
-15
-673
-682
-572
198
-55
-578
1069
1386
999
1341
37
-109
181
-137
477
-512
-1127
-338
-379
-424
-31
210
-294
-587
-1732
-1535
760
215
491
764
-841
262
328
8
1155
-191
-210
735
-425
702
548
-512
1465
1083
767
365
-1841
-1485
-744
-533
-530
264
1898
989
-492
-421
-600
-943
-567
-929
-846
597
779
169
4
253
873
515
-41
125
-154
537
1065
225
-96
93
272
-1437
-1699
-339
-1151
-483
298
217
318
-352
241
1265
1711
746
-773
-143
1024
1098
217
-1037
-1356
-1430
-1243
-132
-135
-243
413
538
651
951
656
-187
276
112
-138
750
476
932
604
-539
-1429
-1774
-67
182
334
477
-638
-839
-916
48
113
-801
-32
314
195
-33
-293
-294
-704
473
1328
388
587
617
843
898
175
957
1389
694
-802
-1130
-881
-1541
-640
-914
-1300
-452
-276
350
475
339
-373
-789
-433
-43
965
866
27
-584
641
1759
842
365
-203
780
1291
723
698
-339
-187
-1444
-191
2477
-1864
-2916
-112
-1075
-2501
-2212
-338
235
18
706
1013
230
-459
906
1405
713
846
1030
1126
313
20
251
-432
164
388
-551
117
641
-153
-1414
-1435
-4
-142
-1349
-1420
161
-49
-1182
1126
1667
86
-157
42
967
777
681
1116
394
242
128
68
513
-182
-857
-451
-723
-1008
-680
-891
-400
272
-250
-619
-555
-716
-878
-328
526
438
219
701
760
517
886
1459
1427
842
1012
1552
795
-457
-1175
-1076
-910
-1751
-1709
-1180
-1483
-627
27
-256
914
1698
754
319
486
967
575
-1281
-1384
-888
-295
1048
55
25
1671
933
-138
-424
-578
-157
159
597
1015
-139
-1325
-411
1028
541
-852
-149
505
-582
-966
-941
-718
9
582
653
451
691
-223
-1146
-558
-57
1145
864
-72
671
60
-359
-307
178
568
-870
-777
-527
82
1037
-610
-1062
12
847
1140
-50
-539
227
693
729
-201
-644
57
-520
-336
416
28
280
-380
-1245
-519
139
16
566
1215
256
136
619
367
553
27
-820
-637
-92
-116
-397
-45
-462
-1010
-71
-100
-605
-57
418
488
78
274
920
416
-401
-61
-847
-96
3610
689
-3677
-1115
1106
184
-1146
-1333
-1196
295
2298
2278
2059
811
717
2102
392
-2631
-4417
-3582
-733
384
-555
-1401
161
2993
3334
1750
-523
-1137
1
-287
-411
-288
-492
-365
1562
3601
822
-1772
-1125
-844
-1849
-2436
-375
1272
1201
1506
898
-851
-579
998
1100
358
-915
-1356
-559
121
-155
-1523
-1515
602
1585
-456
-1498
181
1431
1676
1535
1575
887
-435
-946
-1400
-1135
-283
-852
-2713
-2064
3442
5356
227
-2054
-146
655
87
-680
-2396
-3618
-824
2364
2340
703
504
2334
1936
-550
-1708
-1449
-1948
-1647
292
7
-167
1620
2352
1807
726
-893
-1369
204
209
-1576
-1461
175
1064
624
-414
-419
182
-533
-1077
-18
482
-620
-245
1796
2606
1390
-751
-1636
-1235
-424
-1336
-2623
-3565
-1736
5834
5487
-23
-506
-771
2801
3523
-2135
-4725
-4238
-1311
2381
3040
549
-901
1251
3482
1138
-2555
-2965
-3177
-924
2755
881
-2511
-1281
3558
4934
1425
-662
-1779
-2155
-772
-1099
-1189
585
1272
1537
1695
-878
-3555
-2288
67
733
-110
-395
871
1927
1846
1223
880
-132
-469
-441
-281
122
-1004
-1381
-713
362
-2770
-2763
4302
2904
882
-1357
-4806
2834
4839
-548
-2586
-3099
-329
26
-216
2383
1725
818
2481
2588
-916
-4686
-3935
-716
475
-1550
-1805
2263
3092
1997
2396
157
-1691
-344
679
-96
-497
-687
-1085
-43
991
379
-1259
-1769
-62
1394
1113
603
949
1800
1034
-311
-575
-1887
-1501
-76
-924
-2967
-3687
-2511
-2848
2802
8532
2764
-995
-2076
-1473
4122
4090
32
-2905
-2611
1443
2129
46
-2419
-2960
1293
2958
1401
-198
-3424
-3957
-1111
1294
867
-549
-1
543
911
368
-398
487
1084
1840
2071
977
647
294
40
-26
-728
-702
-1487
-1870
-754
-1248
-1402
-307
877
1670
1235
207
-955
-1325
-1772
-2645
-2704
-4431
-2669
7646
10119
2771
-70
-2239
-661
4825
2940
-3464
-7737
-4720
1181
4069
4658
424
-1297
2450
3311
540
-4218
-7704
-6019
-1063
1367
1088
2546
1563
-242
2389
3080
312
-2782
-2459
1076
1813
2184
2258
56
-395
-42
94
88
-1374
-1702
-386
259
131
517
573
-490
85
9
-1827
-3168
-3833
-3932
-5751
846
11117
7108
1633
-1089
-3568
1893
5511
1996
-3922
-6275
-2448
1731
5169
3835
-2182
-3204
-525
2027
2216
-2107
-5923
-5794
-1201
2273
1821
2394
714
-708
2200
2799
783
-619
-867
-765
-374
1380
1079
-435
959
1753
1061
170
-1142
-1331
-1589
-1299
279
1958
1075
-1288
-581
-296
-2064
-3865
-3956
-6135
-5120
7375
10360
4083
1438
-3627
-1535
4659
3886
-1502
-7162
-5667
-600
4591
7962
3243
-1671
-1452
-550
960
-18
-4088
-5913
-3306
612
2846
5081
3395
-1347
-1551
691
1325
-527
-2375
-3139
-2402
513
2572
3378
1841
-672
58
1320
204
-847
-1147
-1703
-917
1473
2407
458
-757
-1433
-1860
-1231
-2707
-4618
-6189
-328
9940
8773
4388
-96
-5073
-1614
2376
2281
-1263
-5567
-4574
-849
4629
6579
2332
-786
-2752
-2341
880
1491
-1524
-5581
-5200
-741
3648
6391
4731
612
-2015
-1269
994
394
-1788
-3433
-3726
-1265
1792
3127
1680
-807
-780
245
1901
2459
817
-432
-1676
720
3017
1844
483
-2339
-3442
-4462
-4433
-4438
-3321
5490
7672
5136
3519
-2266
-2113
274
664
-497
-4077
-4139
-3355
314
5889
4874
1915
689
-1352
-2017
87
300
-3010
-5282
-4211
-471
3960
5768
4009
633
-1603
-1019
1342
2282
15
-2314
-2194
-1293
403
2514
1622
-1169
-2279
-1492
376
1475
1239
-144
-1162
163
1531
1965
831
-1503
-3569
-5022
-5718
-4505
3378
8400
5768
4713
91
-3496
-273
2189
1593
-2640
-4461
-4333
-3538
2688
6077
3637
324
-1897
-1567
-828
-374
-381
-2353
-4376
-3454
1040
5023
5016
3337
645
-2064
-1745
897
1984
-556
-1991
-1426
-1127
1009
2926
2154
-298
-2208
-1627
-107
1142
1612
104
-963
-960
-430
1273
563
-755
-1809
-4245
-6358
-5368
3207
7626
5580
4732
-1008
-3247
535
2638
2063
-1237
-3244
-5866
-4574
2225
5497
5956
3137
-1964
-3225
-1236
-61
-537
-1831
-4786
-5605
-174
4899
5731
5495
2048
-3133
-4109
-1093
1698
1799
723
-1279
-2448
-656
1515
2616
1925
-607
-2626
-2187
-216
1799
2932
1599
-772
-1358
252
574
-934
-1420
-3569
-5529
-5548
-3875
3030
7298
6862
4635
-2239
-3962
190
3002
4811
2505
-2518
-6123
-4624
803
4375
5322
2251
-2086
-3546
-2842
-747
643
464
-2014
-4311
-2706
-366
2225
4706
3602
435
-1887
-1049
282
279
996
41
-745
-402
237
2668
3141
1083
-1255
-2822
-2774
-1535
501
1828
1700
1044
316
-394
-130
-254
-1471
-3223
-4431
-4724
-4501
1611
6879
5749
4615
551
-2351
-1038
1086
3267
1914
-493
-3148
-4426
-1175
1718
2931
3642
1281
-2375
-2852
-1874
-1018
-158
-803
-2222
-2653
-1619
635
3315
3978
2489
922
-400
-1518
-1208
778
1043
-496
-1204
-1541
-933
757
1361
1276
1069
4
-529
-122
739
853
404
319
-1226
-1734
-350
235
617
330
-1169
-2530
-2060
-1563
-1687
1061
3715
3452
2569
691
-312
-6
-625
-488
-517
-1570
-2770
-2344
226
1221
2005
2583
864
-283
651
1631
627
-1
-921
-3361
-3932
-2779
-1026
296
653
1696
2433
1688
1502
1750
917
-598
-1457
-1628
-2515
-1472
1043
1962
1925
1010
1132
1539
857
-99
-961
-593
-712
-1434
-1883
-1188
695
818
-65
-265
53
-316
-1425
-1408
-268
492
-325
-1096
-646
-237
-1
1896
4479
3568
1091
-673
-2562
-2351
-540
755
904
57
-876
-1366
11
1024
740
1822
1170
-1275
-2021
-1740
-1017
-720
4
1212
959
696
902
600
-137
-358
-166
-268
-470
-1470
-1067
430
754
1420
1188
431
286
-146
-727
-768
632
579
-79
644
41
-610
-1069
-1202
-565
-844
-428
-670
-1084
761
650
-95
1174
1459
1518
1563
673
-29
-549
-1267
-1662
-792
263
575
432
-57
-225
-523
-892
16
1455
1050
210
338
-855
-2229
-1773
30
773
434
1420
1110
-8
328
781
707
-212
-583
-1037
-1043
315
790
1376
1147
-84
-90
-429
-941
-651
-497
-563
-996
-1980
-2350
-1691
-82
2093
2155
869
936
722
417
1648
2362
573
-2080
-2581
-2024
-1508
-10
1457
2679
2207
708
533
315
110
-283
-237
-1047
-2883
-1916
-1080
-636
355
655
1663
1033
353
861
-380
-1064
-159
311
-177
-867
-323
37
-886
87
1721
1272
1013
712
-224
-477
-1152
-1807
-1202
-332
416
759
1086
377
-514
492
355
325
586
483
15
-1282
1825
1389
-2065
617
252
-2211
-2596
-1584
557
-97
-222
1053
1424
967
1175
2008
444
-1389
-1611
-1149
-456
311
655
492
209
-58
266
-142
287
1316
444
-307
-312
123
-125
-973
-1897
-1953
-1050
-1401
-155
962
-161
240
1775
1904
977
1957
1621
-511
-92
505
465
309
-539
-728
-574
-1621
-1221
-128
-1536
-1666
-1048
-542
681
838
1448
1785
1323
945
709
-392
-1687
-473
-52
-592
349
1021
761
217
569
447
-543
-704
45
283
-765
-813
-906
-1639
-1376
-979
514
1052
-348
-563
-233
942
2039
1666
1230
-224
-535
445
-636
-291
1544
1472
1029
206
-911
-1079
-1175
-764
-117
-390
-236
109
40
352
193
-467
-683
-265
-10
-698
-471
494
335
-233
-1339
-1133
-98
-391
786
1172
1000
1391
469
1985
1297
-943
889
406
-1024
-547
-781
-1069
-986
-649
-161
124
-454
72
492
-402
386
226
87
605
-935
-303
264
-1193
240
1568
348
-364
-197
-175
-206
103
518
691
331
168
746
751
775
1329
786
-149
-569
-717
-1001
-2186
-2282
-678
-1065
-2827
-1411
769
222
681
1851
1355
928
560
1205
1639
610
1306
984
-1129
-391
575
-67
-240
-753
-979
-1294
-1722
-143
44
-742
482
783
783
563
-372
-170
-288
-545
123
941
435
-499
-565
-1226
-1027
-167
304
641
643
1496
948
171
1337
1101
-139
-484
169
1137
838
-249
-445
-982
-2378
-2074
-1193
-2070
-2821
-1270
526
763
517
678
1841
1744
1012
2485
2804
1850
2147
1216
-683
-1237
-1517
-1722
-1442
-1551
-2203
-2116
-1472
-1403
-550
195
1120
2396
1343
634
281
-465
-222
27
917
781
162
-119
-590
374
395
400
1334
485
-339
527
1399
692
-194
-878
-1409
-1117
-867
246
406
-933
-880
-780
-1291
-1244
-619
-796
-1228
-243
254
511
1133
1673
2912
2888
2048
1935
1118
327
-357
-1595
-1775
-1456
-1572
-1599
-2194
-2333
-1356
-539
328
853
1106
1465
1066
600
695
924
742
733
1080
779
442
-334
-947
-383
-372
-689
-673
-448
-137
-412
-917
-344
1037
1270
1202
1431
524
-720
-514
-42
-1733
-2462
-1297
-1675
-1560
-671
-591
-232
195
1381
2667
2572
2358
2590
2385
1301
90
-1002
-1349
-1090
-1609
-1417
-946
-1791
-1914
-761
-515
-995
-106
1007
919
555
1191
1855
989
1214
1659
193
-186
14
-527
-714
-499
-276
-994
-1504
-671
149
18
-258
737
730
-211
743
1277
848
239
-736
-1455
-2524
-2559
-1127
607
1234
167
561
937
-612
-80
1141
907
1288
1572
1377
447
-677
-206
307
216
24
-916
-1991
-2189
-2247
-1346
638
904
1174
1169
-8
65
-336
85
1548
1856
1999
584
-930
-611
-552
-1012
-818
165
190
-889
-577
342
-125
-502
-194
228
513
89
-217
-556
-843
-768
-946
-985
-947
460
1223
-320
-250
220
977
2655
2549
2621
1868
-81
-216
-399
-885
-652
-743
-1131
-1392
-1654
-1772
-1616
-1320
-176
575
49
11
29
51
731
1353
1919
2116
1741
1092
163
-812
-808
72
260
25
-93
122
306
-419
-345
-46
-1170
-1507
-674
-427
-1088
-1154
-736
-1640
-1874
-958
-410
581
1436
2139
2358
1820
2509
2936
1871
1575
1039
-680
-1382
-1987
-2499
-1634
-1269
-641
-417
-1773
-1913
-1606
-874
871
1449
1414
911
289
549
837
1120
1589
1885
820
-949
-1512
-1111
-470
196
1401
1416
-80
-586
-604
-250
505
622
525
604
78
-715
-1443
-2198
-1998
-2852
-3648
-2665
-1860
286
1501
1137
2166
3125
4062
4029
3127
2912
1594
93
-283
-533
-1177
-2081
-2318
-1969
-1759
-2911
-3472
-2034
-1479
652
2129
868
1608
642
-377
1190
1965
2968
1642
-672
-551
-721
-1028
122
1325
1075
58
-1151
-1396
-240
416
521
74
-943
-863
49
160
-547
-931
-1919
-3337
-2301
-312
1067
2226
2250
2009
1783
1234
1335
1935
1350
535
-410
-1968
-1583
-1192
-1024
-263
-326
55
-668
-1979
-1512
-150
609
831
965
922
799
-708
-625
959
230
-654
-1103
-97
1436
600
450
1464
1111
679
569
-579
-387
63
-1550
-1557
-1128
-1661
-438
1573
2360
1392
6
-2510
-4117
-1398
610
2113
3355
1190
482
-279
-1054
1876
2747
1551
-299
-4268
-4893
-2132
-960
299
1577
598
120
-427
-898
1701
2869
2321
1909
-1277
-3295
-2877
-2150
86
789
598
1956
1877
1697
3188
3264
1646
13
-1866
-3233
-3686
-2483
570
422
-908
836
1252
724
741
150
-1028
-2958
-5399
-5948
-1830
1140
4107
7664
3353
827
2273
1884
5112
4368
-1558
-5040
-8313
-7664
-3329
-754
2611
4128
1003
-278
1104
2092
3279
1347
-2164
-3172
-4680
-2840
2052
2787
2225
1948
1874
3307
2693
1135
538
-2791
-4786
-3107
-2432
-469
1034
-431
-730
12
1665
4209
3772
1462
-299
-3493
-4812
-4508
-4270
-3538
-4333
-290
4889
7074
8104
3424
1873
2729
1102
2542
423
-4967
-7360
-8276
-4846
2642
5976
5430
4240
335
-1954
-1143
-1714
-2279
-4302
-6886
-4238
-939
2882
7564
6326
3700
1084
-1167
783
1025
-1106
-1983
-3226
-3026
514
1792
603
841
722
1361
1774
653
1256
760
-1891
-2587
-2493
-2004
-2109
-3492
-3433
-4370
-1547
4965
7144
7344
3242
-795
579
703
1458
2201
-2349
-7120
-6607
-2315
4242
7067
3099
458
-612
-1631
-553
-1694
-4019
-4274
-4645
-2346
1944
4837
7736
4394
-2102
-2621
-1429
533
1683
-1378
-3627
-2167
405
3079
3630
1182
-55
-544
-269
1839
2660
1705
295
-1251
-1909
-1059
-718
-1014
-3120
-4877
-4821
-5491
-308
5106
6497
7061
-42
-3054
1259
2628
4334
53
-7853
-7433
-3074
2504
7735
6771
2715
-352
-2620
-2669
-793
-608
-2801
-4825
-5005
132
6901
7547
3414
-2393
-5211
-2859
366
1604
960
-992
-2717
-1696
699
3448
4104
564
-1620
-370
1475
2501
1654
-1159
-2155
-1491
-384
1222
-225
-703
-2224
-5054
-5571
-5949
2450
9228
7749
6596
-1099
-3728
431
-1616
-2325
-3722
-6784
-3673
465
4441
9337
7027
774
-1701
-2460
-328
2099
-1389
-5152
-4973
-2103
3183
5163
2998
-150
-2881
-2815
-1356
1439
2111
-1274
-3579
-2920
1303
4891
3950
1160
-1140
-720
1526
1429
30
-1810
-3704
-1940
721
2642
3997
1306
-3114
-4720
-3914
-2543
-3203
-4525
2043
8146
8822
9178
-1148
-8462
-3654
-623
2486
1357
-3349
-3603
-1428
1743
4678
5078
928
-2170
-1823
-1133
2106
1853
-4223
-6566
-4296
1283
6680
5129
1332
-1425
-3383
-1900
-232
-1017
-1039
-372
-209
2125
4674
5603
3245
-2570
-4727
-3932
-2567
-940
-1041
708
3413
3331
2140
-483
-2609
-1456
-1507
-973
305
-298
-958
-3448
-114
5232
4398
2999
-3421
-5639
1648
4016
3721
1264
-5391
-5618
-564
2584
4620
1987
-1535
204
50
-1210
-1039
-3271
-5280
-5188
-912
5817
6244
2952
-471
-3705
-1147
2234
1682
364
-297
1486
3615
3375
1407
-1509
-4721
-5210
-2324
1210
2656
1
-2642
-3059
405
5227
4501
974
-2619
-2318
864
1145
-1059
-4051
-6097
-6775
442
8903
9289
6088
-3736
-8689
-2863
2618
6318
2817
-5001
-6402
196
7422
6921
1681
-4162
-6985
-3969
540
2818
1265
-2382
-3677
-2524
1255
5748
4293
-1149
-4280
-2179
4032
6348
2573
-1951
-4732
-3552
590
1966
2314
1632
-3383
-5046
-2645
184
3599
2720
108
296
3091
5240
2166
-2135
-4233
-5249
-3939
-1596
-1647
-1582
-1943
-2372
2960
6473
6371
4954
-2729
-5380
1097
6559
5827
-1595
-7584
-7543
-3480
1972
5131
4441
603
-1460
-1258
-1987
-813
3
-2402
-3651
-1255
4620
8060
4493
-1410
-5122
-5270
-2433
169
9
620
2790
3109
2071
-664
-1205
867
-926
-1941
1085
3461
3680
377
-2602
-1871
-1810
-1900
-1884
-1843
302
613
-117
-1101
-2435
60
-641
-3052
2938
7842
7115
3226
-4918
-5994
-427
1308
1361
-761
-3583
-2281
707
2566
2526
1637
916
-889
-2378
-611
1604
623
-2601
-4344
-1623
1704
2431
1328
-426
-493
191
1581
1502
-627
500
1117
-176
195
929
2438
1925
-1713
-3560
-3559
-3264
-1767
-661
1300
4623
3821
599
-2040
-3236
-506
1444
417
-613
-146
981
-2689
-4899
822
3093
2414
1327
-2890
-93
5104
4379
820
-4057
-4429
-1196
1457
3034
2897
2278
629
-1425
-2016
-1935
-3753
-5642
-4875
-1532
4016
7227
4954
-148
-2940
-2228
104
1511
552
917
1849
1506
407
-622
-1154
-3277
-3908
-2464
959
5495
4294
-843
-4250
-2123
3484
4377
1583
-1102
-1819
1065
1371
-826
-1503
-4275
-7328
-7550
395
10599
8999
3115
-4475
-8289
34
5960
5008
114
-5363
-3926
821
3868
4725
2519
-2998
-6340
-3874
1325
4590
2150
-3760
-8258
-4910
4413
8239
4443
-1333
-3310
-11
3802
3648
993
-1942
-5451
-5511
-337
5627
6720
2019
-3249
-5683
-2512
2819
3532
1007
-1730
-270
3530
3204
629
-3454
-6253
-5662
-3920
678
3173
1803
-2311
-6968
-1094
7045
8606
5791
-3476
-6127
1469
7600
7526
-72
-8170
-10184
-5776
587
5299
8117
3792
-2945
-3721
-1727
1079
1062
-3003
-4973
-2484
4268
8585
5844
133
-6287
-7271
-2290
1342
3779
4599
967
-2500
-1776
-271
868
223
-2226
-2165
10
3172
4877
2742
-2051
-4730
-2207
375
1433
1623
1236
-552
-2974
-1738
-1548
-1750
-3289
-5038
3287
8231
6326
5481
-1030
-5670
-3560
1260
3618
-1383
-5269
-3970
449
4203
4258
3193
-694
-3583
-975
1902
2045
207
-1358
-2957
-4743
-3096
1032
3379
1098
-2658
-1142
2982
3307
1189
-644
-1967
-894
2240
3998
2751
-667
-2488
-1212
-762
-1577
563
2259
-1108
-3501
-783
3617
4590
990
-2915
-4650
-3014
1146
1872
-1534
-4876
-4604
2406
5414
1837
2548
338
-3287
-1734
949
5446
4898
-2391
-7840
-5355
3333
8736
6940
-63
-5064
-4307
-823
1443
-13
-1300
-1986
-3183
-1919
689
3097
4375
855
-3370
-2421
242
3070
2904
-614
-1319
-386
1789
2079
-869
-1159
-1676
-1407
-158
-836
96
-538
-499
1135
1433
3796
2957
-621
-2085
-2503
-1521
-1009
-1136
-773
-2425
-3900
1537
5198
3498
2272
-4370
-6180
1878
6647
6818
2454
-4965
-8151
-3668
1716
3612
3214
752
525
182
-367
546
-550
-2224
-5807
-5876
224
4351
6384
4606
-707
-3710
-2593
616
1871
1739
-81
-995
1087
1015
1210
1145
-1701
-4057
-5050
-1949
1370
1304
1842
2154
2498
1418
-859
470
1118
789
73
-2092
-845
-378
-565
-3517
-6398
1731
4977
3560
1931
-5378
-2614
2393
2259
1834
-2511
-4945
-4246
978
4658
3940
4932
1501
-1395
-585
-559
635
812
-804
-4926
-5963
447
3977
2940
1064
-1572
-1293
1
221
1454
1302
-1153
-2050
-438
1924
2980
1488
-590
-1836
-1039
-180
-1302
-2171
-1946
723
3311
3677
686
-2233
392
1096
-292
-1077
-1068
243
-1091
-3508
-6099
-621
5377
1601
765
-2027
-2955
3176
5618
6135
614
-7034
-7505
-1964
5389
5276
2549
2833
1806
209
-1052
-316
-982
-4907
-7287
-6257
251
4712
3029
2168
-20
-2548
-1400
1294
3661
2863
-1659
-3911
657
5674
4179
-1091
-3218
-2702
-2467
237
2382
1741
-1136
-3177
-786
557
1568
1700
834
1034
-1482
235
2924
760
-733
-3404
-6544
-7342
-669
6707
5645
2880
-2815
-4506
887
3589
3988
710
-2556
-4425
-3830
1685
4741
5418
2367
-1686
-1249
330
457
-3166
-3585
-2334
-3050
244
1469
1165
1384
-854
-274
3135
4177
1901
610
615
-411
-1631
-1803
-230
-427
-2315
-3084
-1848
2080
3541
14
-3073
-2317
370
2867
3596
1352
-642
-1270
-1513
1321
3997
2424
-1718
-6378
-7116
-5429
-1696
4336
4650
3897
2479
-2188
609
5910
6318
1868
-5466
-8613
-8055
-1959
5064
4866
3640
1056
-1451
283
1790
1997
-1238
-4815
-5045
-2503
2528
3213
2551
2441
-551
-1785
-1757
400
1817
-926
-3115
-3250
110
2720
1645
16
-1372
-1077
400
2403
2882
1880
2100
1487
690
836
-409
-3281
-5038
-4068
-1886
1126
2754
1984
191
-3573
-5791
-4422
246
5430
4751
2607
783
-427
4408
8159
6166
657
-6267
-9874
-10124
-5898
484
1771
603
804
1857
3870
4599
4298
2952
-1572
-5253
-4942
-1263
2144
2082
1878
2491
2890
1273
-1959
-2573
-3331
-4601
-3504
-1432
1545
2997
1481
75
953
3138
2984
506
-568
817
1858
1278
900
61
-1663
-3386
-4689
-3727
-935
1215
847
-1060
-1552
-1898
-2667
-491
2821
3164
2959
2431
294
906
3801
5141
2952
-2261
-4807
-4106
-4064
-2753
-310
-933
-2161
-1127
1602
5150
5066
2271
1116
492
-456
-1315
-1597
-1508
-2440
-3772
-2063
2327
3429
1231
859
976
-793
-1144
28
-596
-1785
-1791
-1656
-492
2289
3615
3002
1551
492
2050
2170
-493
-1049
-1196
-2936
-4023
-3258
-1029
746
1203
93
-1666
-2843
-3368
-315
3633
2419
836
1701
1657
2508
3175
2027
1436
-627
-2492
-1343
-546
-447
-1570
-3708
-2922
-5
1634
1614
1194
970
583
-182
257
1452
634
-1297
-2872
-2628
-786
1007
3582
2579
-1307
-1213
578
1893
1104
-1139
-1322
-1736
-1454
-178
614
1332
1042
1205
518
-1264
-881
889
1171
-156
-907
-1266
-389
1242
654
-674
-848
-689
-1297
-3234
-4853
-2386
1926
3713
3352
1754
1373
2143
2752
2997
2359
1048
-1815
-4043
-3753
-1407
313
-946
-1025
514
-73
-2079
-2573
40
2581
663
-514
2338
3119
1244
-1288
-661
1782
77
-1163
-741
-1033
-1825
-1937
-370
428
1553
1437
-721
-873
-37
51
59
1224
2304
1511
529
-24
-155
-40
-850
-712
-1
-510
-586
-672
-616
-500
-554
-91
-869
-1369
78
909
-712
-1467
120
904
1118
662
604
1141
103
-396
98
1097
1771
1270
1518
1055
-174
-528
-2031
-2391
-460
-36
-519
-749
-304
-464
-2007
-924
1141
927
-811
-1520
525
558
-76
2336
3314
2066
234
-362
138
-395
-164
-100
-379
126
341
-166
-1604
-1146
-643
-1806
-1851
-1765
-513
367
-692
-508
1015
2345
1900
853
786
1545
2339
685
-777
781
1173
-441
-1521
-1800
-720
-100
-906
-1260
-761
-15
-593
-989
-615
-937
-301
451
1072
1471
432
364
364
337
1485
1545
1417
223
-803
-232
-775
533
1061
-773
-491
288
278
-1332
-2037
-846
-322
-120
-79
581
-416
-1895
-1433
-1024
30
1009
1752
1811
439
258
1108
1111
897
1366
991
-666
-1242
-371
-625
-830
791
830
-1117
-2484
-1979
-269
-102
-527
191
667
558
-395
-498
1077
937
877
1154
341
1071
1046
-229
-979
-742
88
-665
-642
5
-869
-866
34
904
1179
-34
-87
-40
-1101
-241
61
322
590
-700
-380
224
1516
1412
-842
-1618
-1342
492
-324
-614
1630
358
-648
-1177
323
2321
471
258
227
215
5
-1269
57
-49
-47
624
-581
245
-211
-778
337
-1158
-715
898
270
-573
-1644
-1067
-399
-6
1179
1669
2666
823
-1386
-177
4
826
1043
-210
64
-532
-1054
-1020
-155
1409
828
282
-326
-753
-252
-662
-118
-268
-903
8
468
686
108
-731
-1116
-498
667
-6
-8
256
-312
-13
-171
-99
220
-22
695
1101
427
1015
1253
282
316
103
-517
-787
-589
-547
-957
-221
160
447
1111
164
-1440
-2489
-2181
-632
1032
834
133
1236
552
135
1347
357
423
1029
390
400
-114
6
33
-120
230
-1234
-1550
-886
-758
213
-76
-187
687
678
-135
-883
-51
-18
-574
385
-305
-810
730
1097
934
527
56
591
356
-215
-197
-14
360
151
-162
-314
-140
86
-947
-711
670
-214
-1327
-1084
-586
-274
-721
-162
1534
1378
311
83
746
1396
636
421
637
-89
-927
-1166
527
1507
549
-148
-880
-1500
-1431
63
541
-280
138
-683
-1232
-309
-258
-487
-267
745
452
-17
327
-230
800
1074
806
2408
1158
-1293
-1703
-1454
-765
165
870
1094
445
-1106
-1005
189
-191
-262
203
-28
-130
154
484
1086
1277
329
-439
-614
-1010
-1047
-47
963
1180
-75
-1444
-687
-485
-1422
-1026
478
1139
367
717
1436
849
190
-399
-561
-139
28
-282
-128
233
109
391
104
-772
-356
-361
-634
427
262
54
-27
-1577
-598
1185
960
722
812
657
-908
-1155
68
56
512
811
635
-581
-1665
295
1118
560
817
319
-264
-861
-876
-880
-1646
-1416
-837
-126
762
688
393
1118
1759
368
-414
807
653
-345
-652
-133
1153
725
-535
-582
114
909
-245
-1633
-979
-420
-581
-933
-214
1450
1486
330
-543
-547
84
-285
-326
1014
1506
764
-1637
-3401
-1167
750
479
597
968
1032
27
-333
913
1260
7
-1629
-1361
165
636
652
42
-144
881
949
212
-314
128
406
-682
-727
-689
-1294
-257
424
-243
136
-35
-1517
-774
650
521
347
389
1089
949
-153
84
521
359
156
490
678
-573
-1236
-752
-732
-532
7
-216
-847
-498
212
100
26
757
1109
-129
-398
698
330
-239
-105
298
219
12
885
299
-290
571
466
393
-265
-1055
-470
-239
-241
-603
-1026
-721
-1019
-960
373
1064
381
91
483
537
661
426
279
298
126
488
5
-422
-296
-110
1021
920
83
-387
-1135
-912
67
580
-226
-377
551
-744
-1719
-311
245
-189
-268
612
1381
653
-40
-964
-1827
-854
698
1438
1305
1328
520
-953
2
739
-141
12
-6
-730
-1230
-1062
-486
55
1398
1622
321
-204
-777
-1111
-613
-223
392
881
646
487
718
56
-974
-459
25
-666
-239
682
-158
-621
-289
-910
-84
1342
818
-15
-826
-888
345
1204
898
548
652
-860
-2071
-1138
-458
139
1224
1290
208
199
-110
-702
146
-278
-50
596
598
1139
-511
-1050
-476
-990
-151
708
1397
916
-206
-242
-608
-347
-279
-853
-472
117
444
-148
-1146
-562
225
249
987
1241
36
-1036
-522
89
-585
286
1664
1148
677
253
-146
-243
-94
721
426
-209
-274
-1373
-1801
-880
-200
-60
-39
214
-39
-66
717
754
-35
169
599
-613
-546
738
433
-22
-87
248
360
64
-185
-958
-557
119
624
1458
-189
-1674
-1189
-907
21
697
719
854
330
-218
-516
-815
-434
445
222
-374
878
1674
323
-263
117
-285
-213
596
827
993
594
-757
-1291
-1112
-374
722
623
287
-437
-1365
-674
-67
154
192
-15
-302
-1763
-1326
383
150
144
762
973
-25
-641
685
731
-43
719
1195
314
-419
-373
-523
-629
-100
55
-164
452
944
533
120
-22
388
650
213
-26
-455
-1203
-766
-117
-88
547
-41
-1016
-710
-784
-76
730
885
939
37
-235
249
-246
-1426
-1190
-243
271
1637
1433
-252
-672
-440
60
177
102
189
-439
-1318
-1208
200
1046
674
628
662
311
73
77
286
456
1039
1538
413
-469
-75
-831
-1872
-1047
763
1044
-237
-257
-230
-1330
-1961
-2205
-1622
-153
1133
788
-235
424
1741
2740
2740
996
-1042
-1244
-214
-110
-424
-465
-557
-880
-956
-369
168
484
1055
1332
129
-117
1235
881
-208
-606
-1009
-1544
-1313
-416
-554
-814
109
1388
1189
254
726
784
-186
-633
-633
-693
-607
75
-54
-89
881
511
663
1328
777
920
789
743
643
-639
-1010
-1343
-2124
-2048
-1065
-858
-1390
57
1270
223
-1158
-882
794
1859
2414
1867
539
-293
-188
609
108
-26
650
270
-379
-1112
-1252
-1615
-1391
656
1233
1179
1170
97
-430
-989
-1203
-747
-74
733
122
-615
-577
-138
500
415
311
-243
-530
372
771
428
374
1057
556
-338
623
1203
266
-734
-247
133
-398
83
126
-526
-956
-1198
-1642
-2483
-1697
-327
328
469
78
311
380
1150
2453
2284
1947
1651
1428
1363
759
-788
-2219
-1693
-969
-974
-1935
-2452
-1092
-1068
-659
513
65
71
517
550
-390
59
1914
1497
1070
1085
925
1205
1037
1220
787
-570
-1230
-1373
-1860
-1672
-708
-1317
-1958
-346
1144
914
948
854
62
838
1384
632
-81
-823
-955
-1012
-762
160
346
-227
-439
-616
-949
-195
422
-44
-492
-87
1495
2378
2181
2064
1197
-264
-639
-384
-1213
-1492
-169
-398
-1673
-905
-102
-800
-1006
-234
-59
-728
26
1231
888
929
994
-45
-208
258
-187
-146
850
1214
459
-434
-246
-135
-683
-576
-80
0
-78
558
599
-625
-922
-219
202
722
1517
1048
-79
-193
-326
-801
-403
452
-213
-1435
-1441
-993
-880
-1230
-794
137
821
1672
1762
1254
556
284
527
214
133
641
511
-586
-1007
-688
-602
6
431
-136
-836
-557
4
-119
386
1007
701
-94
-823
-771
-271
393
654
582
393
-487
-615
-331
-205
435
60
-53
1114
798
-805
-1197
-1147
-1498
-537
963
1551
831
102
268
-677
-696
26
-263
571
1358
1370
511
-23
775
279
-526
-275
-151
-996
-1541
-746
-558
-821
-161
815
523
-400
-533
-560
384
1694
1418
418
-293
-352
-787
-1004
-77
-592
-1091
-273
80
845
1205
1323
713
-956
-274
582
38
-25
108
479
415
218
261
-269
-785
-636
-503
-558
-42
506
431
148
589
696
-141
139
462
-71
-547
-796
-482
-672
-1254
-1439
-910
213
768
1095
974
602
707
201
-66
467
164
-625
-469
-73
-784
-1338
-428
415
612
1264
1320
99
-393
55
233
22
-252
-115
-222
71
1280
753
-64
774
368
-793
-1103
-973
-603
-830
-556
30
-202
322
947
501
-473
-1202
-1292
-1257
-351
681
556
539
1051
1138
289
88
179
-594
-197
928
1353
859
444
532
-481
-801
-28
153
-366
-587
-9
-1319
-1619
590
504
-469
-450
-262
-815
-1079
478
875
507
1140
949
3
-192
299
243
-82
-160
-210
202
938
785
-137
-581
-741
-800
-1250
-1479
-395
347
724
1012
623
87
-361
93
406
29
879
1375
316
-55
-62
-1021
-1649
-859
327
463
31
376
743
229
126
445
-130
-886
-578
-180
-535
-455
-458
-757
46
862
539
226
653
203
-455
614
986
-229
-874
-437
31
-177
-234
107
208
475
511
-338
-535
20
-20
-467
-428
621
1300
736
654
1077
-119
-1306
-860
-723
-609
28
591
-220
-1456
-371
499
503
656
123
31
-278
-961
-1500
-1373
491
1429
688
814
1293
939
334
357
428
-676
-909
182
116
222
489
-597
-1135
-634
-43
66
-187
40
-200
-805
-304
498
357
-263
86
493
-102
299
722
-101
-71
390
193
-102
-348
-653
-1093
-987
295
1682
2114
1910
695
-1192
-1739
-1378
-1394
-881
216
183
-514
498
1668
595
-522
-503
-435
-278
255
940
472
-453
-143
309
232
126
431
533
309
868
803
-222
-307
170
21
-657
-908
-684
-1411
-2251
-1129
-78
-345
175
931
529
54
633
837
241
955
1599
718
449
200
-953
-850
108
227
-338
-512
412
354
-429
169
269
-802
-1149
-374
-276
-969
-510
-143
-379
481
1014
95
85
1240
1123
163
7
435
515
434
1193
1531
184
-918
-943
-1322
-1539
-717
187
194
-428
-611
-977
-1469
-791
-192
-259
205
1040
1188
593
88
85
388
726
1339
1102
124
596
500
-734
-515
36
-333
-926
-412
273
-270
-213
-247
-1195
-1271
-449
332
418
563
1094
592
-310
218
946
364
-24
411
692
517
237
-449
-1776
-1936
-952
-467
161
1126
1214
99
-942
-521
163
-285
-182
560
227
188
957
710
-258
-795
-1202
-1274
31
1240
683
145
94
-188
52
874
1476
708
-52
32
-458
-747
-127
1102
674
-994
-1063
-852
-685
-356
238
304
-545
-253
-327
-721
-444
-351
-449
-385
917
1710
1122
205
-353
-590
-783
677
1431
705
726
351
-344
-772
-267
65
-332
393
680
188
-91
291
443
-774
-503
15
-755
-663
-490
-748
-1167
-497
642
557
593
275
-693
-966
54
879
320
301
1093
1247
247
-20
904
264
-1047
-835
-242
-592
-466
-37
-516
-221
621
897
11
-1208
-572
-229
-602
356
997
885
985
926
167
-702
-314
173
-164
-61
341
71
-233
360
600
91
-86
-108
-664
-1407
-1017
-39
309
-3
-702
-1152
-515
543
479
188
301
509
-70
-775
413
899
154
287
1088
836
-171
892
1140
36
288
111
-969
-1814
-1173
-740
-1469
-1139
-476
-354
491
2028
1652
435
554
207
145
722
217
-628
-496
189
-19
-244
-111
-868
-1352
-652
632
802
99
226
-139
-375
-69
283
1102
416
-349
-77
-499
-564
73
350
132
-70
-313
-546
-478
-293
-205
298
1295
1221
289
-634
-777
-302
-544
263
1604
883
-336
-450
-616
-800
-144
366
331
96
504
898
403
396
-153
-1032
-942
-877
-600
-335
30
488
17
72
535
-152
-667
-675
-641
-177
309
1050
1780
1591
789
-291
-993
-548
89
66
-113
-78
331
269
-75
54
-656
-1129
-779
-1101
-665
437
362
-453
-766
-25
805
819
610
801
876
550
700
940
423
-118
-600
-953
-643
-537
-752
-512
251
772
331
90
27
-611
-614
-157
-453
-1180
-712
498
501
184
416
621
432
437
1157
1282
845
213
-685
-367
192
-396
-645
-95
-38
-1115
-1742
-1087
-295
196
208
459
560
-104
-212
-149
-32
126
423
814
474
1131
850
-915
-509
132
196
73
-385
293
150
-387
424
528
-8
-226
-875
-1400
-731
220
622
556
464
982
679
-349
-374
-637
-1494
-1112
225
335
13
499
137
-391
-74
348
525
286
368
634
375
-491
-1144
-794
272
1339
751
-437
-574
-417
283
859
636
205
-32
-38
-311
-740
-678
297
976
659
191
-346
-595
-661
-565
-25
210
148
-395
-1572
-2013
-1293
-422
26
545
1421
1562
863
585
759
1472
2422
1688
151
-321
-953
-2156
-2171
-520
108
-609
-620
-647
-371
-620
-949
383
-57
-111
2024
1177
275
2337
1962
-281
29
620
-137
-1032
-1312
-802
-974
-790
-254
-1063
-877
379
372
-360
158
1887
2171
1419
926
-46
-1041
-1937
-1811
-1479
-2199
-1626
-548
-251
240
754
1318
1880
2243
2231
1766
1765
2077
1127
394
-111
-1920
-2696
-2792
-2820
-2658
-2609
-940
458
696
1561
1762
593
736
1750
985
587
490
-247
-438
-924
-492
345
331
1000
855
-812
-1478
-667
3
614
1793
1768
297
-405
-338
-894
-911
67
-178
-1455
-2714
-2988
-2162
-1332
672
1884
1268
1663
2080
2016
1997
1728
1865
1183
-55
105
-592
-2101
-2251
-2543
-2054
-933
-665
-462
-712
-636
70
555
998
2048
2218
1136
1567
1337
-499
-1542
-1511
-458
-64
269
1031
720
425
526
284
-384
-404
452
263
-454
-372
-618
-918
-260
370
-277
-1395
-1697
-2728
-3132
-1437
-124
1911
3020
1797
1383
715
740
1427
828
1872
2904
1341
-661
-2439
-2915
-2002
-1645
-865
183
-334
-479
-18
-719
-291
1333
1762
1917
1397
-108
-1140
-1628
-670
563
721
1491
2017
1170
263
-215
-936
-1426
-1067
-324
-272
-1103
-843
-250
-160
160
393
931
929
632
-332
-1629
-2801
-3916
-2288
-906
872
2804
1346
2446
3505
2403
3384
3157
1606
-187
-2638
-3866
-3682
-2906
-946
732
1053
1946
1529
-502
-1344
-1403
-1015
-527
-394
119
-411
-1890
-1365
-463
999
3718
3630
2538
2022
656
34
-411
-1177
-1451
-2095
-2589
-1764
-902
48
2058
3223
2575
2180
1718
-276
-1771
-3172
-4098
-4985
-6470
-3008
298
2206
6130
5070
4257
4197
1778
2240
1112
-185
-637
-4209
-6218
-5571
-4673
-2190
2097
4341
4619
4062
1940
885
-463
-1754
-1264
-2553
-3226
-2166
-2822
-1774
1597
3981
5176
4197
2379
808
-756
-1156
-1409
-1973
-2032
-1717
-1833
-947
984
1747
2388
2820
2575
1995
723
-1189
-2080
-3469
-5912
-5461
-6692
-5095
1359
4311
8475
7913
4349
4433
801
526
1899
-1323
-3356
-4675
-7451
-8129
-3205
1933
5251
6744
4525
2494
-6
-1751
-1347
-2549
-2410
-2137
-3984
-2766
-506
1288
4401
5837
5691
4215
1017
-997
-1286
-1878
-2497
-2400
-3173
-3372
-1173
599
2188
3565
2975
2608
1789
596
-515
-2233
-3282
-4116
-4752
-5328
-3853
-3253
-1071
4995
6227
8369
6230
-93
1204
-266
-177
2503
-517
-2561
-2927
-4118
-3985
49
3397
4490
3664
-145
-1697
-2899
-3678
-1775
-1991
-2894
-2599
-2217
281
3611
5434
5456
4068
2444
458
-481
-931
-1466
-1799
-2797
-2351
-1450
-550
1407
2116
1155
561
374
-276
-243
615
787
-652
-1654
-2076
-1712
-942
-1384
-2162
-4382
-1274
3841
5278
7343
2878
-1076
-982
-1592
2116
2887
111
-1676
-3568
-4817
-3055
1318
2995
3511
1713
-2358
-3442
-3157
-970
1485
413
-707
-1403
-1535
1200
2986
3511
3034
1030
-11
-1330
-578
836
-413
-1355
-1763
-1170
-191
667
1463
993
364
110
466
1257
762
-315
-699
-1771
-1468
-622
-586
565
-695
-2773
-4987
-3853
2030
3327
4655
3841
-383
990
1845
2806
4291
874
-3960
-6425
-5338
-1907
2449
3433
1202
-292
-2102
-1967
801
2329
212
-2799
-2777
-2371
-896
2731
3557
2506
1431
-248
123
2173
3158
2070
-578
-2827
-3629
-2642
-741
253
306
-732
-1109
770
2140
2768
2316
534
-323
-409
479
978
-658
-2442
-3163
-4019
-3113
-2877
-4039
661
3116
2617
3868
635
1003
3651
3521
3582
1183
-2491
-5733
-4300
-1086
955
3381
1780
90
351
492
979
760
-395
-3424
-4557
-2184
-574
615
1209
145
-142
969
2551
3382
2493
497
-994
-1425
-1648
-581
132
-802
-1306
-1059
337
1505
1708
1203
33
-128
-128
-616
-531
-776
-984
-915
-1041
-235
-984
-1725
-2930
-3689
2861
5481
4076
3262
-2088
-1102
2763
4139
4513
340
-4185
-7308
-4570
22
1257
2142
48
-1260
-65
1950
3108
1354
-1496
-4745
-3729
199
1829
2198
473
-1421
-1131
299
2155
2518
827
-1639
-2295
-807
-142
-36
-417
-1336
-897
1186
2996
2550
1925
1060
-28
977
1575
613
-691
-1896
-2934
-1926
74
195
-370
-2271
-4003
-4813
-1484
3983
2779
1879
267
-2290
2699
6548
5646
1766
-2791
-4630
-3974
-35
828
-764
-642
-969
692
3313
3391
429
-2721
-4213
-4543
-1278
1146
-171
-821
-1262
-38
3094
4212
2826
455
-474
-587
252
2000
940
-1184
-1549
-1092
-404
719
773
-533
-56
1825
2801
1741
-188
-2004
-3454
-2522
-1669
-1608
-1039
-383
-31
-742
-1399
-2359
443
2854
453
1961
1025
-139
5059
5878
3478
-283
-3299
-3232
-2900
-316
-943
-2503
-861
-888
758
2764
2385
154
-2198
-1451
-1515
-821
597
-547
-519
-281
905
2549
1869
974
-5
557
1334
887
537
-1254
-1882
-1307
-1382
-462
-11
-437
59
1695
2637
2219
1271
-531
-1884
-2064
-1594
-1179
-1473
-1613
-1023
408
608
-939
-3103
-2746
2514
3679
1019
861
487
3452
6363
4649
1186
-3521
-4453
-3541
-1719
593
-2248
-3059
-961
1029
3806
2775
305
-1165
-715
555
229
329
-1756
-3576
-2067
188
2314
1355
-402
260
1945
3319
2108
-395
-2260
-2951
-1461
-565
-1070
-531
70
928
2852
3524
2011
614
546
-90
-560
-502
-1618
-2386
-2200
-1920
-967
129
-599
-1555
-2571
-2935
1860
4003
934
1002
1316
2796
5709
4255
757
-2933
-3234
-348
-627
-1530
-2593
-4237
-1825
2210
3410
822
-2125
-1270
352
1070
1082
-1263
-2464
-656
801
911
308
-217
11
728
1887
3111
2433
109
-674
-322
-804
-2074
-3316
-2591
59
2392
2878
1979
1821
1906
1201
462
-1035
-2318
-2406
-1932
-775
-1040
-2354
-1815
-871
-1511
-2362
-2816
-907
3995
4264
1653
1813
1870
4003
5604
3058
-379
-3201
-2477
-575
-1113
-2352
-4183
-4005
-140
1917
969
266
-258
815
2257
1273
201
-475
-1029
-231
159
-596
-1419
-2301
-807
2494
3593
2771
1484
898
613
-309
-1838
-3279
-2817
-1725
-929
44
47
-559
173
1630
2223
2395
1354
312
510
144
-611
-931
-535
-812
-1805
-1823
-2135
-3052
-1379
2915
4130
1969
546
648
2476
3461
1997
114
-1337
-869
269
-1607
-4474
-5524
-4598
-1503
965
631
-331
294
2235
3508
2508
1113
1648
1695
669
224
-851
-2233
-2186
-536
743
1042
860
-506
-317
1333
1170
252
-487
-467
-468
-1343
-1426
-1363
-769
485
841
1046
781
851
1523
1265
821
-319
-1397
-984
-259
-421
-1637
-2237
-3052
-3543
-648
1839
535
-1232
-72
3207
4896
3836
2116
912
869
1846
1056
-1729
-3657
-3615
-2256
-1233
-1542
-2579
-2134
357
2424
2825
1769
1010
1772
2448
2057
523
-1256
-1233
233
495
-1058
-2269
-2078
-1176
-177
397
340
-386
-878
-563
-480
-72
452
152
606
1134
658
578
721
792
702
311
623
809
496
642
68
-1298
-1794
-1092
-779
-2253
-2913
-675
405
-973
-816
615
2087
3219
2566
1531
798
508
1112
634
-1077
-2101
-2129
-1559
-869
-1346
-2073
-1024
774
1441
1027
962
1445
1572
1285
1152
1160
670
-29
-488
-984
-1412
-1384
-1250
-851
-326
-624
-955
-1097
-924
-158
444
1261
1688
1706
1962
1289
263
45
47
90
335
154
22
130
-586
-1107
-997
-1211
-1614
-1582
-1276
-1864
-1770
143
1523
1128
-319
-496
1096
2868
3050
1318
1241
2196
1388
267
-738
-1661
-1960
-1179
-467
-1553
-2288
-1301
-225
502
667
-188
-501
458
1032
496
-156
79
720
1117
765
-339
-661
-57
235
106
11
-126
-47
621
898
440
133
-135
-87
403
-413
-1579
-816
474
588
124
-234
-1187
-1640
-223
615
148
144
494
544
337
135
-336
-1146
-1604
-1768
-1556
-456
494
564
1255
2547
2714
2141
1304
739
950
825
415
-94
-199
-277
-1258
-1881
-2647
-3117
-2237
-1427
-631
599
1204
847
789
870
482
150
341
977
1065
1002
1054
912
809
-41
-1798
-2702
-1849
-1162
-1023
-182
662
507
-3
229
1029
1430
1312
1673
1377
1059
1492
446
243
-21
-1686
-1906
-2338
-2269
-1452
-1130
-182
-378
-1152
-1030
-829
-292
154
184
299
914
1811
2111
1686
1423
2015
1904
716
-99
-491
176
321
-743
-790
-736
-465
244
-105
-1103
-1865
-2164
-2033
-807
318
295
699
1425
1134
127
302
812
464
590
-136
-1383
-1098
-273
876
1297
487
267
-419
-1441
-963
-131
-64
-37
844
1164
672
751
-96
-738
-84
-814
-897
501
534
450
266
-756
-1465
-1154
413
1391
1501
885
-243
-215
-231
-446
-297
-517
-745
-714
-277
48
184
824
1220
750
527
279
-529
34
952
120
-340
-225
-1174
-1010
112
-171
-648
-901
-405
832
750
154
-126
-129
121
-17
419
860
-217
-444
968
544
-588
-386
-1103
-1026
-128
-624
-416
-195
308
956
571
1169
363
-741
229
1025
1204
181
87
495
-27
-74
-59
897
1024
-88
-963
-1314
-500
-891
-1055
-2
21
-399
-997
-955
-424
-525
-1085
-1237
-405
32
427
1627
1811
941
402
102
49
500
1330
1886
1538
1069
849
793
940
251
-1170
-2194
-1793
-1079
-1551
-1079
-542
-1125
-1604
-1975
-1129
-38
1064
1338
1060
1780
622
706
1166
-861
-738
-523
-893
298
1499
2092
2020
757
-937
-1022
-1077
-1219
-25
521
219
46
168
526
414
86
-295
-1598
-1503
452
1177
981
279
-699
-1285
-632
727
546
242
185
-723
-1194
-186
564
-213
-229
-122
-1140
-1511
-492
962
1726
1945
1406
939
509
-947
-1584
-1103
-777
-632
157
911
600
517
533
390
346
405
439
600
1011
-562
-1609
-883
-569
943
987
638
1106
-892
-1363
-1006
-1088
-179
-1131
-1352
-937
-1712
-540
815
840
1490
1859
976
555
649
18
-258
-104
-259
45
822
937
747
1157
541
-731
-948
-930
-321
428
-64
-1085
-1754
-1626
-645
755
1254
691
7
-685
-179
891
684
223
222
140
-587
-1129
-573
-192
505
1413
326
-898
-698
-457
-80
166
280
282
99
852
1000
96
-351
-680
-745
92
1382
1091
-240
-903
-1040
-405
525
1462
1578
710
-576
-1216
-775
-1091
-617
-122
-610
-441
-737
-288
1323
2557
1871
492
-265
-1716
-1896
-1493
-322
1362
517
-339
-456
-268
195
329
1135
914
-821
-1370
-555
-99
-269
-1075
-1492
-258
1195
2414
3195
2095
527
-368
-680
-119
-686
-1483
-1392
-1602
-753
402
1326
1445
525
668
654
241
-277
-1260
-1791
-1557
-403
414
712
1261
1172
290
-62
213
-102
-627
-726
-1035
-930
-164
-339
-735
-151
1402
2464
1305
-101
-787
-679
682
1583
612
-722
-1249
-2209
-1845
-646
-257
280
2
440
1366
1293
1084
551
224
-94
57
883
589
-484
-1032
-910
-64
549
184
-459
-768
147
599
178
508
-82
-568
-538
-758
-263
-980
-1192
299
531
698
968
470
52
-762
-605
361
362
542
456
-209
-253
-2
662
731
-89
216
577
641
1178
192
-1152
-1379
-1540
-1016
-435
-314
-222
-1034
-1032
782
1566
1355
696
-781
-567
481
220
-350
-172
625
694
1033
1040
-178
-880
-1059
42
798
351
-355
-1385
-1024
-437
284
766
150
-191
-712
314
1393
1013
759
-434
-782
-587
-1289
-1003
-291
366
929
718
780
1047
551
-164
-664
-300
331
26
-71
-314
-1169
-708
298
746
1152
60
-1543
-1739
-911
558
258
-921
-695
-519
215
1248
1755
2028
766
-176
702
1111
387
-649
-1016
-996
-1019
-468
70
487
388
-56
-490
-1220
-225
1076
669
-71
-1125
-1257
-348
147
636
233
-484
349
819
995
1509
425
-504
-282
797
1578
5
-970
-951
-1190
-684
-78
667
594
-509
-1558
-1932
-970
236
544
-216
-258
464
184
461
1290
767
64
1124
1304
-145
-160
-548
-1021
-238
-105
-332
-588
-430
-194
-75
592
1417
1624
1125
923
2
-532
-99
-549
-1349
-2375
-1699
-197
261
940
1176
1350
944
108
-640
-1817
-1911
-1312
-182
790
1036
999
-207
-356
211
-21
385
739
1035
1035
1235
1243
-94
-622
-1140
-1985
-2121
-1437
-340
190
936
1090
1141
715
-76
10
-823
-879
124
1230
1083
-99
404
-8
33
952
-241
-1234
-1561
-1963
-2049
-1089
545
1718
2804
2307
784
-8
-1006
-606
29
-776
-313
594
1115
1648
1542
88
-2576
-3773
-2591
-1088
-261
795
986
1652
3044
2041
615
-1199
-1729
-489
-657
-195
25
-555
-700
84
1567
1727
1299
44
-1315
-1000
-567
-774
-972
-859
-42
902
1302
936
-985
-2126
-1274
223
1923
2379
2088
840
-703
-300
244
14
-1128
-2589
-2119
-844
172
799
279
988
2547
1843
268
-1333
-2400
-1366
148
472
-471
-1370
-50
2111
2407
1412
250
-145
203
202
460
609
315
-114
-1183
-1131
-81
-382
-1195
-1955
-2335
-1636
-619
1279
1963
364
329
379
-343
-911
-2485
-1393
842
1964
3305
2087
2072
2827
945
94
-1879
-3191
-2123
-1030
1182
316
-1479
-376
47
824
1024
281
478
64
222
-344
-1864
-941
188
891
1339
228
-727
-745
-387
-1228
-2500
-1862
339
2848
4072
3058
611
-813
-948
-613
-151
-813
-1656
-1493
-292
897
1607
1450
513
371
-613
-1536
-1514
-1490
-252
328
323
191
213
1461
1190
-493
-1576
-673
1260
1546
552
-1493
-2270
-249
1891
2314
1209
936
1312
651
-1206
-3859
-3909
-1255
870
1333
-305
-1143
312
1489
1332
-149
-1201
-1077
-542
898
1574
1287
1394
960
842
815
-791
-1717
-996
-121
912
1023
39
-748
-731
575
876
-549
-1460
-1269
-405
-806
-2149
-2241
-794
884
1371
2885
3831
1703
219
-1078
-1808
-985
-1686
-1551
32
1357
2874
2221
92
-1094
-1347
-1030
-786
-169
-57
-927
-731
47
717
2219
2702
1231
19
-378
-487
-725
-1307
-1639
-1666
-1032
399
1023
661
177
-213
497
973
540
227
-681
-435
-407
-1533
-411
975
2055
2221
266
-506
-1131
-1380
-598
-1232
-984
-341
-423
752
1274
1210
1019
-37
94
188
-566
-1161
-1820
-1213
-448
895
3452
3150
1379
-7
-1324
-898
-738
-994
-1597
-1854
557
1199
516
1097
1002
986
70
-984
-1649
-2462
-1312
-438
-265
409
693
1792
2133
973
-18
-1115
-903
-38
-205
301
806
764
732
416
1049
794
-629
-608
-1175
-2145
-1839
-1099
-269
-382
-373
91
-75
277
756
1419
2017
1770
1736
653
-526
-408
-1702
-2105
-277
45
-44
443
224
454
1022
603
171
217
-83
-557
-1859
-2529
-877
528
856
318
-1152
-1700
-281
1991
2343
579
44
1185
1656
190
-1653
-1433
-614
221
848
-249
-452
837
1886
1317
-1129
-2410
-2131
-645
809
-368
-1152
87
1510
2808
1440
-803
-121
339
-188
-656
-1347
-1526
-976
-349
-827
55
2151
2266
1509
607
36
163
-508
-1892
-1614
153
604
-171
-3
679
274
-38
-833
-1846
-1271
-841
179
791
65
1126
2385
2412
1546
22
-160
-450
-1671
-1654
-1005
-380
-191
-404
14
1011
2290
1622
-329
-865
-752
-873
-1386
-1543
-1150
-301
17
-138
821
2215
3553
2722
306
-1397
-2092
-1455
-1616
-1547
-1129
-816
768
1641
1682
899
221
282
-35
117
-273
-993
-643
-191
-291
-148
965
1745
1169
804
1081
-345
-2193
-1743
-1027
-469
-108
-1146
-129
2144
2121
1634
596
-1018
-1537
-1323
-1432
-1949
-1415
-543
-232
784
1893
2210
2811
2515
559
-557
-776
-825
-1280
-1601
-891
-647
-183
-232
-600
355
948
948
-52
-122
1481
1077
-623
-1428
-854
264
1197
928
-659
-507
788
1449
836
-514
-738
-870
-759
-1086
-1845
-419
1361
1430
231
-906
-992
-696
-570
-997
-1333
-771
11
868
1972
2759
2795
1768
1052
783
75
365
-196
-1612
-2049
-2267
-681
458
-262
-743
-723
598
383
-729
318
329
-420
-432
-939
-745
-131
-317
-53
1180
2127
1965
1711
968
-336
-731
-1727
-1951
-506
86
696
1059
771
379
619
972
-954
-2432
-2393
-2136
-905
-69
-179
11
1611
2539
1926
1852
1565
1169
173
-1278
-1389
-944
-321
-374
-693
-215
330
785
572
96
-179
-477
-998
-1410
-1204
-1196
-454
355
-203
-39
1490
2473
1713
698
-278
-1100
-768
-1102
-1373
-786
33
1487
1637
1433
1879
1074
-264
-1382
-1692
-1708
-1897
-603
255
-185
526
1238
1238
1626
1247
62
-910
-1232
-533
73
250
-327
-1370
-979
420
2023
2135
855
-94
-1407
-1294
-601
-1091
-1139
-1093
-349
-82
-592
805
1944
1621
965
-60
-399
-436
12
875
-323
-1526
-632
554
1589
1688
1009
585
-249
-1215
-1437
-734
-458
-1323
-1395
-529
310
1126
1193
1357
1549
184
-545
-14
-183
-768
-1521
-1550
-446
461
720
653
1016
1074
450
406
383
0
-520
-1560
-2090
-1107
13
348
407
-385
-667
489
901
632
654
918
475
-164
420
122
-101
1265
1420
795
505
-137
-1094
-2000
-2087
-1793
-1045
-89
-204
-161
-392
-586
743
703
736
2021
1347
424
-7
-242
-261
-622
75
-428
-1150
292
533
656
971
335
648
204
-644
-1182
-1917
-611
-49
-696
393
372
169
743
-87
-194
-167
-1
1481
1595
969
324
-469
-673
-831
-385
31
-20
-700
-1532
-395
949
1047
365
-514
-65
486
66
-649
-1175
-1058
-179
952
1268
1750
1941
474
-1114
-2102
-1639
-607
114
328
-1004
-762
178
770
1873
315
-597
214
-45
8
301
504
125
397
758
-497
-733
11
228
-90
-344
195
596
675
771
-469
-1588
-238
332
-439
-862
-1494
-1030
32
973
1242
371
539
1101
-133
-1855
-1444
-5
670
1228
835
506
1224
1201
766
-805
-2194
-1803
-1754
-534
472
212
675
695
1411
610
-1304
-615
-322
-461
111
824
1413
1407
810
-559
-856
-596
-325
433
-107
-583
-360
-45
673
165
-1090
-1341
-427
475
6
-239
677
1011
326
-429
-313
165
194
269
-403
-975
-91
411
1574
2738
2030
1099
-787
-1582
-1602
-2996
-2818
-2383
-1253
422
795
2249
2747
1954
1004
-236
-174
-388
-541
34
-5
60
-135
-61
971
590
-960
-1408
-885
-260
-178
259
728
262
872
833
-542
-434
-382
-552
-708
-1256
-695
341
1405
1306
-263
-928
-134
1045
756
-212
-738
-649
1186
1964
1289
920
-767
-1444
-885
-1497
-1206
-694
-471
318
808
1521
1607
1202
75
-1812
-1659
-688
-112
128
-288
-53
159
271
436
-99
68
734
764
368
-651
-671
770
1479
956
-920
-2401
-1545
355
1637
616
-1440
-1769
-571
984
1551
931
10
-151
253
-144
-213
-134
-731
2
1422
1887
1557
400
-1306
-2395
-2014
-785
701
1154
163
-61
739
796
334
-237
-1407
-1668
-1334
-756
318
423
1051
916
342
688
-561
-172
660
-45
167
-665
-606
326
246
1037
610
-707
-753
-484
219
714
555
-50
-945
-481
644
1372
1868
777
-728
-1102
-1497
-1390
-842
-818
262
1517
1673
1777
409
-1662
-2482
-2134
-440
671
632
612
470
539
580
72
-40
457
294
-39
-19
-200
-264
-7
381
-16
-484
-59
302
405
-27
-224
-710
-1741
-543
632
666
1228
450
-168
-69
-94
763
726
192
-221
-293
288
-176
-37
-426
-1670
-811
-420
-117
582
-217
-611
-449
415
988
310
913
1079
10
-362
-621
180
991
149
-625
-844
-344
523
749
431
-43
-673
-1025
327
1169
506
349
-104
97
-84
-1033
-794
-1232
-610
-60
-905
-65
194
915
1556
346
336
-187
-140
810
165
-433
-998
-730
10
408
1071
656
-266
-742
16
1082
745
-298
-1180
-852
-343
338
983
237
-239
-898
-1185
-154
898
1726
1187
207
-145
-710
-1207
-832
-123
-615
-864
-205
500
1346
1090
509
106
-775
-684
-317
40
841
304
-289
-151
-505
-351
189
746
911
243
-108
-14
-203
-606
-566
-640
-863
-750
-119
878
194
-697
-444
234
1728
2180
1741
271
-1233
-611
-678
-608
168
31
423
501
224
86
-565
-545
-252
-283
118
-10
-649
-1231
-1930
-1499
-411
583
1162
926
794
474
759
1247
1185
1166
343
-131
-347
193
1381
816
61
-1168
-2386
-1560
-384
13
-22
-33
-589
-843
-498
-455
-309
-870
-1302
-1067
-53
1558
1614
1707
2210
1849
1245
308
-106
-311
-752
-1085
-1053
-294
247
574
54
-1149
-1059
-373
-142
156
866
716
-297
-7
538
136
36
-553
-728
119
-506
-426
523
78
-159
-390
-35
729
613
302
-336
-547
-344
-84
427
964
915
-261
-733
-513
-336
530
506
-373
-259
-65
-196
328
794
568
-120
-664
-591
-444
-725
-979
-357
560
794
718
651
91
-300
-236
-359
252
879
943
894
74
-689
-616
-34
183
-130
-915
-1693
-840
557
877
615
83
-726
-957
-713
-354
362
489
501
778
1102
1328
999
691
-60
-377
-94
-614
-738
-372
-607
-1278
-1533
-1022
-450
68
632
786
915
1072
806
513
65
-173
66
197
60
335
966
223
-545
-444
-709
-694
-911
-1295
-1348
-1086
167
947
744
1071
881
169
378
542
766
1036
644
-61
-392
-22
-138
-614
-1284
-1361
-644
-642
-467
69
646
130
-424
259
-22
-109
73
37
182
644
1635
1740
1783
1332
540
-280
-1063
-423
-917
-1533
-1156
-1594
-1546
-1281
-1170
-341
246
89
590
1149
1160
1504
1322
474
-19
-77
-81
408
455
215
296
-492
-360
44
-171
-289
-932
-986
-1022
-381
503
264
175
-268
-653
-632
287
1559
1459
799
260
633
1378
1069
-131
-436
-250
-1038
-823
-829
-1235
-687
-1530
-2235
-1420
-634
-194
100
719
843
569
1488
2693
3119
2647
1259
732
869
290
-279
-960
-1375
-1206
-1992
-2651
-2291
-2867
-2930
-1540
-587
273
1158
1646
1924
2335
2389
2295
2436
1475
429
-210
-507
-595
-1291
-886
-220
-473
-780
-925
-956
-1489
-1345
-820
-647
637
1068
565
977
566
467
867
602
1041
979
714
302
-364
343
469
112
111
-795
-1269
-1157
-1753
-1530
-1269
-1757
-1085
-1223
-1192
106
500
1331
1720
1456
2079
2297
1729
1623
1519
413
-347
-501
-257
111
-237
-849
-989
-632
-591
-297
-191
-688
-1124
-1811
-1612
-818
-216
-165
-760
-324
253
357
1402
1821
897
926
1223
882
1139
1451
660
-652
-381
14
-788
-722
-737
-815
-464
-541
-215
125
-137
-1082
-2013
-1768
-332
1213
1202
835
995
199
80
1578
1481
294
588
584
157
275
509
632
-571
-1449
-1062
-1048
-953
-735
-748
-1000
-1204
-731
-53
-45
-432
-688
-657
600
1933
2113
2226
1857
943
179
0
595
221
-907
-659
-243
-591
-333
52
-137
-495
-1018
-1277
-706
106
401
94
-463
-407
-203
-113
709
965
345
640
1209
601
-263
-429
-379
-555
-360
183
-109
-755
-851
-223
-154
-356
844
444
-212
999
666
64
180
269
498
324
387
286
92
532
505
-719
-1600
-1208
-712
-969
-809
297
-107
-477
552
387
34
-87
-456
-635
-502
412
1157
1498
1920
1829
516
-138
765
334
-944
-1392
-1523
-1509
-1270
-146
654
353
253
101
-218
-430
-40
469
21
506
1257
396
-201
-75
-641
-1702
-1490
-271
357
637
844
622
312
619
616
-73
-375
-446
-588
-483
192
869
1349
1059
-482
-975
-595
-344
292
195
-168
-346
-238
392
626
637
-256
-1100
-672
-316
316
534
-136
-721
-977
-39
962
683
330
201
-652
-756
502
624
362
422
-441
-980
-914
-299
737
619
-21
-284
-446
-268
118
417
626
513
384
808
846
622
232
-793
-807
-472
-210
343
-161
-751
-870
-454
209
-69
-217
243
-38
-875
-503
782
1167
667
412
189
-229
100
250
-27
651
708
-173
-373
-863
-1394
-1127
-601
-509
-1091
-637
692
1370
899
474
702
540
794
492
130
89
-235
171
-91
294
700
80
-628
-1382
-632
-290
-251
-228
-542
-293
-351
274
211
43
189
-628
-296
324
709
1106
1017
640
55
-61
49
101
-419
-1114
-860
-107
338
222
290
28
-544
113
605
203
96
98
-128
-166
300
132
-350
-353
-716
-1164
-959
492
1526
1191
681
-245
-808
-597
-186
-395
-1308
-1526
-624
1029
2108
2076
1352
538
-144
-804
-559
-249
-205
-74
-119
434
523
180
340
-462
-1188
-897
-819
-43
803
302
-216
-233
-96
-18
-321
-643
-800
-521
464
1234
1508
1327
793
424
-250
-747
-1037
-594
514
386
807
1092
101
-170
-678
-1397
-1602
-1153
-541
-229
380
480
