-2068
-2641
-1529
312
853
1916
2332
2067
2119
-1259
-2674
-2624
-1170
3367
3771
2172
-861
-3359
-3386
-3971
-1803
1640
3920
2993
94
169
507
504
701
-1123
-2893
-2650
-1496
189
1306
1473
1805
892
-926
-826
765
873
-134
465
908
-201
-90
913
481
-1503
-2705
-2048
-1502
-212
1135
3284
4478
107
-1527
-957
-2160
-1093
-966
317
2222
2079
1817
-137
-2126
-2344
-1356
-1439
-1036
1164
1465
1441
1900
1697
-145
-2918
-2387
168
2511
3318
288
-2371
-3123
-4273
-1900
3056
4294
2298
1022
-55
-1213
-583
103
562
547
545
554
-1255
-1935
-1502
-1013
-1256
-1879
-960
1056
3431
2760
1978
731
-3037
-3019
-608
1307
1582
1424
1988
270
-1927
-1522
340
3
156
881
-796
-519
463
479
853
461
649
370
-2142
-3763
-3105
-1184
1220
1965
1983
2640
1557
-967
-1744
-1582
-1158
1404
2546
1529
1673
951
-1761
-4185
-3032
192
137
124
2430
1472
-343
-799
-1385
852
1950
1125
1714
648
-1299
-2187
-867
675
131
547
947
-106
-1429
-2377
-2283
-1233
246
1544
1615
1040
1866
1180
-1033
-1943
-2265
-623
935
1846
3212
1681
-1267
-1985
-948
-595
-295
924
1213
-4
-1503
-1224
-605
-950
326
1875
2142
2025
37
-1401
-1124
-1323
168
1009
6
152
683
236
-1342
-946
-317
-927
247
622
-291
-1365
-913
1510
1764
454
-311
502
1322
-382
-1148
-825
-694
492
1536
2705
1461
-1938
-1909
-662
-1745
-1650
415
-754
-455
2665
1573
521
-242
-866
-220
-264
387
-257
792
1191
-603
302
-379
-1687
-56
1993
124
-758
1610
-1127
-2905
-708
64
843
810
401
1709
1598
-973
-229
306
-2186
-1010
1069
1676
786
-153
287
-2378
-2988
-1050
-44
1693
466
310
1217
-979
-938
2056
2256
-269
1242
146
-2967
300
638
-175
980
542
37
-1427
-3124
-2942
1544
2172
202
2283
175
-2193
-1386
1148
2661
501
468
-342
-623
832
-547
-1813
-2048
-1003
364
1329
1906
1105
52
-1617
-2583
-1314
1056
1591
229
1491
2039
-1598
-2134
1092
1452
658
633
-977
-1672
-710
-540
344
835
-87
59
1
128
894
-21
-1281
-1467
-491
294
-261
67
1543
1356
815
1862
823
-1059
-1591
-1741
-209
-562
-1416
514
676
318
1728
1294
-910
-1546
-1766
-928
765
-346
-268
563
-270
1411
2910
852
-472
944
-158
-2400
-1073
-7
166
901
1164
643
-555
-1734
-2058
339
1928
738
1572
1408
-1765
-2647
-1966
-1758
-11
1812
1386
960
741
-327
-1193
-1651
-196
1859
1515
211
-489
-254
-143
29
1299
1174
-67
-361
-999
-1666
-1374
-509
1128
1987
1234
851
-415
-2831
-1265
1530
217
-240
536
-542
-923
-759
-397
18
-922
-992
1082
2236
1063
695
1601
426
-1100
302
1315
-177
-480
157
-1791
-3209
-1135
538
961
1524
947
16
-571
-947
374
742
-1110
-22
662
-1057
697
1818
24
-641
-363
-1310
-1962
-105
570
1373
1230
-891
957
1697
-141
-823
-1227
-1224
-1179
878
2068
1276
1426
162
-1402
-1751
-1584
-456
805
755
-1
-176
-969
-996
1368
3064
2664
1458
-862
-3740
-3690
-1284
466
1966
2873
2510
914
-1844
-3696
-3827
-3411
-1178
2817
4089
2974
2311
1022
-40
-696
-911
-727
-1742
-1907
-1174
101
983
715
2304
2045
-82
-489
-1608
-2625
-2144
-230
-286
-1155
1795
3095
2374
2286
514
-2108
-3511
-1764
873
1661
1600
1052
402
-230
-1846
-3081
-1292
153
-11
1771
2450
667
123
-53
-1076
-935
163
315
-209
603
1986
556
-1878
-1434
325
439
-133
-325
-853
-1048
-1322
-225
2102
1565
432
292
-847
-1079
934
1805
232
-351
-286
-626
-1577
-1986
3
-62
-337
1941
1996
665
-337
-913
-1226
-707
1654
2283
503
-1105
-474
502
-1166
-926
1447
1615
44
-1329
-940
5
-168
-1485
-2207
-1109
130
1092
2643
3479
1575
-605
-3201
-4654
-65
2419
739
1611
2269
195
-1306
114
489
301
-171
-1622
317
-93
-3017
-2521
-564
1179
1867
3134
1946
-504
-463
-2357
-2139
-92
873
2302
754
637
870
-1699
-2329
-2137
-74
1736
940
791
490
-414
-1033
-158
593
935
1577
701
-420
-1314
-760
-871
-1546
1075
1723
226
-586
-1076
-141
-198
-534
436
1312
847
-83
637
331
-153
390
-877
-1309
-915
-239
743
-327
-643
-707
-531
1027
1221
1509
1312
-24
-1040
-1834
-2146
-1232
1781
2739
1543
1017
-961
-1873
-1159
-822
692
1632
834
293
-472
-1250
-1234
-1371
33
1375
196
-398
-332
-302
321
1272
1295
-30
417
922
-461
-597
-213
-538
595
1605
-534
-1456
-433
-1251
-1291
-653
457
2099
1000
-64
-99
-190
467
54
-488
-918
17
2150
-181
-2185
-303
270
581
990
228
-1191
-2984
-2444
556
2282
2226
2418
2321
369
-2101
-1986
-471
454
831
290
-14
-1166
-733
1022
-973
-374
2307
1019
-578
-1318
-1548
-1970
-1624
1676
3407
962
-1294
-1543
-1178
-560
-137
1912
3165
-391
-2279
-345
812
1693
1058
-1252
-1431
-271
813
1289
929
784
-1258
-3378
-1622
1058
1078
175
738
919
-46
-1683
-2101
-196
623
878
1613
1829
1187
533
1110
-100
-2044
-2253
-2453
-1260
380
234
309
162
-207
320
-244
-508
225
-110
-521
883
3023
2929
2419
1485
-1154
-2650
-2558
-1743
-1634
-226
1711
1211
1733
958
-1602
-1538
-1012
-939
158
984
369
-113
171
297
12
-962
-925
612
751
-56
173
412
120
22
11
208
801
-458
-1652
141
506
-231
772
249
-1630
247
2572
-85
-1250
-376
-931
-144
799
1456
1016
-515
-831
-1038
-696
-98
-577
406
2383
1498
-516
-1335
-1341
-896
-198
1193
697
-310
867
93
-2101
-1017
1303
1083
873
861
-475
-567
-638
-1149
-386
585
376
-185
381
63
-853
-1200
-1205
150
1466
2547
2411
882
-165
-1460
-1297
-502
-376
201
194
779
554
-1528
-2415
-1759
213
1881
907
113
918
-86
-1174
-304
-458
-316
1962
2737
1042
-377
-1962
-2323
-430
494
844
849
-242
-1392
-1125
-617
-794
1580
2344
872
1174
-682
-1972
-760
124
534
359
1872
1618
-1354
-2441
-2758
-964
1888
1638
992
1251
-598
-2719
-1322
298
1102
2520
1504
-219
-771
-1413
-2010
-1239
1216
1074
-130
834
1204
63
-1433
-1485
-1407
-462
1178
1064
1474
699
442
1433
1213
1396
-599
-1780
-2144
-2926
-116
851
-102
-570
-745
446
756
1315
-33
-1849
-261
1050
2008
1882
689
-1399
-3316
-1303
-14
881
2156
959
1006
594
-426
-762
-992
-410
-924
12
706
-275
212
323
-1076
-3476
-1571
1405
835
1906
1500
1304
917
-879
988
805
-37
-13
-577
-318
-1934
-1777
-834
-478
856
1172
756
446
852
-486
-1146
-382
656
1872
-1304
-2024
297
872
1972
463
305
1702
-408
-2126
-2186
-1613
-731
-69
786
1818
1907
816
-684
-1648
-1251
-1832
-1566
1401
1914
1180
1981
1594
111
-936
-1480
-1150
-197
133
-313
-640
94
28
-888
297
1170
804
564
126
-271
-842
-405
603
882
22
-196
877
632
274
-649
-1411
-931
-1267
-292
1029
691
274
-593
-1816
-785
1051
874
1327
2235
1123
-351
-631
-1252
-1288
19
-338
-824
-144
67
17
644
1257
711
15
-352
-756
-2285
-2086
-39
2
1285
3227
2597
935
-266
-390
359
-245
-1324
-11
-675
-1721
-861
-1264
-462
134
509
1257
220
-528
-286
370
590
381
-292
-838
406
1743
975
-334
-66
374
556
149
-11
151
-1381
-846
702
215
-775
-1360
-274
33
1090
1626
-1623
-1605
-561
-902
509
-122
-107
1170
453
517
1319
1481
282
-421
712
642
338
263
-1071
-1965
-1239
4
-234
-533
-217
-679
-1059
-1279
-134
1091
859
1555
1555
228
-2
1072
1457
1494
1843
-130
-1208
-582
-1292
-1652
-2016
-1927
-1023
-77
-494
-2685
-2594
-1270
283
3175
3809
2336
1931
2416
1678
8
-398
-526
-433
1371
1969
298
-834
-1223
-1351
-1247
-1452
-2070
-2337
-2491
-3264
-2799
-878
1474
3778
4531
3672
2239
1433
-304
-2697
-1818
283
682
243
-37
-6
-135
-197
725
2418
2624
1800
0
-1529
-2141
-4969
-5180
-3822
-2634
1543
3156
3378
2562
1491
1764
-248
30
-74
-1841
-410
345
-734
-310
1573
2001
2552
2402
726
-439
-1631
-1559
-2164
-2190
-1299
-1530
-2495
-3989
-1875
205
1790
4333
4377
3517
-67
-2025
-1317
-1558
-183
1115
2095
1795
1477
1820
729
961
1072
467
90
-926
-2043
-3693
-5120
-4721
-3508
-2253
281
1863
2690
3396
1774
417
-150
261
1526
744
-567
-110
886
763
933
2397
3115
2515
2963
1928
-1820
-3487
-4045
-4665
-4693
-3020
-1914
-3257
-1464
1082
3054
4401
2383
1206
1304
924
9
-324
-1292
-2313
441
3012
2966
2985
3520
1984
-310
-1281
-1655
-2323
-4309
-3058
-1048
-1136
-1480
-3323
-3025
-1427
1686
4820
3708
2158
987
510
353
-1077
-2778
-2286
1093
4410
4753
1731
210
147
425
724
-1233
-1865
-2134
-2705
-2537
-2652
-2812
-3361
-1869
513
3747
5822
3146
234
-616
739
129
-1441
-204
-1269
-1223
2020
3375
2079
444
632
1046
537
-1147
-2697
-2873
-2000
-1074
-589
-733
-3584
-3824
-401
2989
6397
4999
1423
-558
-1456
-1365
-1854
-1834
-2416
-733
3438
4645
3439
1323
58
193
707
245
-941
-1043
-1293
-2801
-3424
-2339
-3948
-5975
-3277
1707
5987
6494
3744
833
-622
-754
-1383
-1199
367
505
787
3690
3612
151
-940
261
1937
2435
1142
-2600
-4724
-3316
-3410
-3032
-2798
-4363
-3085
1029
4196
4641
3037
-154
-574
2881
3341
839
-1136
-2015
-695
2093
3586
2785
1655
939
-512
-2746
-3792
-3609
-3919
-2459
520
1827
-221
-3831
-3369
-478
2487
4837
3736
2126
1712
1254
-16
-2072
-4184
-3907
-305
2912
5468
5172
1656
-457
-33
1179
51
-1655
-2832
-3772
-3577
-3012
-3154
-5221
-5285
-1105
5402
9526
7707
3632
-541
-2432
-1363
306
697
-1998
-2953
407
2436
1992
1451
553
-9
59
705
676
-1254
-3351
-4714
-3628
-1765
-1665
-1824
-674
2959
5934
4970
1094
-1359
-855
-474
110
456
-1091
-1967
89
2843
4511
4390
1615
-1198
-1678
-740
-959
-2292
-3644
-3995
-2210
-1047
-1630
-2232
-981
1648
3867
4378
1805
412
882
-313
-615
-964
-2385
-844
1366
3044
5028
3571
630
-703
-385
-7
-277
-759
-3417
-4582
-4515
-4683
-2679
-846
1578
3212
3374
3420
1728
-5
-739
-591
-247
323
516
-122
748
1838
2187
2690
2136
560
-42
-456
-2094
-2887
-3047
-4355
-5174
-4015
-2127
457
3976
5047
3169
1902
615
-692
178
696
737
998
-120
-673
-67
1055
1841
1553
751
-32
747
600
-1642
-2823
-4276
-5613
-4949
-3152
13
2183
3061
4164
3332
1574
809
1363
2281
1226
-692
-1043
-677
-629
554
875
-316
473
1346
701
100
-2222
-4976
-4094
-2677
-2343
-870
449
1211
1576
1797
1550
1950
2737
980
238
1395
1244
-486
-1303
341
840
1033
1862
888
-184
-192
-464
-1590
-2476
-2622
-2342
-2695
-2878
-1276
-399
-518
889
1961
790
1215
2988
2455
1579
1527
1603
1181
-165
-1797
-1356
806
1117
871
56
-683
176
-877
-3103
-3527
-2924
-2709
-1590
-274
44
1045
1121
1291
2573
2480
2049
1676
1110
1078
1303
1265
47
-1045
-194
800
640
-448
-1798
-1964
-1082
-1010
-2841
-4008
-3088
-1581
-175
449
1307
2259
1794
1129
860
1038
2281
2448
1173
1050
860
360
-65
-857
-149
204
-442
-578
-1120
-1152
-1003
-1663
-2138
-2221
-1753
-1327
-907
85
-84
635
2350
1529
1429
1816
1107
1445
1607
1600
1263
1053
1245
385
-922
-2369
-2237
-1128
-1047
62
946
-448
-1716
-2330
-2648
-1728
-665
-270
-227
162
654
607
1380
2505
3455
3226
867
-8
489
107
-95
475
1192
-187
-2139
-1966
-997
63
-328
-1319
-1589
-2899
-2715
-833
-250
368
1200
941
731
1269
1351
1159
2021
2693
1389
-52
-378
-276
1110
1564
-356
-1120
-601
-1074
-1699
-1214
-1044
-1413
-1554
-2091
-1134
-44
-725
214
382
-828
552
1569
1680
2448
2579
2548
2010
138
-1418
-263
727
-518
-770
-611
-114
1115
599
-1253
-1925
-539
-596
-2447
-2170
-1388
-1576
-653
558
626
557
698
1310
2308
1517
138
777
1163
674
1174
1491
903
-262
-1131
-908
-530
-32
-342
-1550
-1432
-961
-1954
-2250
-386
558
-256
-914
-1102
148
2278
3108
2931
2011
-88
-1641
-1534
-230
2146
3258
1342
-336
-521
-1710
-2895
-2094
-58
1026
808
452
-1003
-2446
-2483
-1626
256
1960
2130
1214
292
-1765
-2313
507
2332
3521
3604
1434
-1349
-2987
-2157
-1467
174
1846
1499
1775
1198
-468
-2368
-2727
-1407
-1113
452
1641
-99
-1964
-2850
-2391
-483
1425
2145
1764
1239
1245
1008
1094
979
-48
922
1539
504
510
171
-305
-142
50
-802
-1914
-1807
-1873
-1140
-77
-853
-1598
-434
53
-1722
-1635
-121
-166
871
2213
1181
1978
4556
3030
100
-197
-244
-807
-343
185
103
1118
1725
-272
-2315
-2233
-1800
-1478
-1361
-2025
-1796
-756
113
12
-108
586
504
1124
2652
2470
1410
1709
1176
-208
-434
-1331
-1128
338
1078
1340
830
229
-1232
-2950
-2553
-629
465
750
218
-967
-1570
-2646
-1813
472
1542
2524
2321
1119
90
40
-44
-246
586
1193
1586
461
-207
294
-672
-57
430
-1381
-1552
-457
-493
-1327
-1474
-1432
-1338
330
765
91
147
-864
-190
1897
2643
2234
1668
1756
-200
-1191
-496
-1545
-915
326
816
1490
1210
604
-1132
-1858
-1233
-2281
-1740
-569
-371
1151
978
-342
-1130
-1326
-351
115
765
1410
1987
1711
309
502
1313
1029
-101
416
1044
57
412
-36
-1377
-1123
-721
-1336
-2072
-2081
-1649
-971
-597
162
737
567
437
-117
-460
178
1511
1210
957
2366
2058
1232
291
-107
523
143
386
277
-336
-945
-1956
-1923
-2770
-3340
-2104
-720
1001
1704
755
-316
-505
257
1674
2520
2355
1983
1179
1070
687
-582
-1154
-1519
-305
1070
-19
-946
-889
-1969
-1859
-154
-1105
-1490
-917
-2704
-2404
577
2282
2704
4009
4473
1642
-1058
-934
-870
-798
469
151
786
1864
590
-613
-1059
261
557
-860
-2004
-2365
-1854
-2650
-2297
-1469
-155
1499
755
549
427
2003
3815
3031
2924
1642
-251
-1587
-3154
-2136
271
967
939
1170
1675
591
-860
-522
-1354
-1402
-3101
-5674
-3543
-1544
889
2169
2074
3157
2076
1122
458
586
881
-8
610
573
-685
-292
1364
2325
2078
1060
749
169
-938
-2841
-4272
-2716
-3504
-4028
-2327
-808
1451
912
710
2023
3817
4367
1822
1338
1180
-1169
-2743
-2195
-572
1625
1774
1394
3883
3803
1062
-2089
-4558
-4458
-3432
-4420
-5225
-1664
1103
2309
2219
1318
2553
3588
3781
909
-740
-819
-2095
-1039
-427
926
2442
2440
2710
2265
1202
-1402
-2584
-1050
-1677
-2551
-3918
-8510
-6988
-1134
1871
3781
3381
5390
6206
2665
435
-1173
-1162
-1831
-2172
77
2312
2756
978
904
2429
2879
1198
-1037
-1508
-3000
-5797
-5511
-4991
-4814
-1041
1053
2461
3012
2756
4687
3113
1254
-803
-1742
-121
-909
206
1086
644
1378
2419
3630
3137
1012
-1812
-3393
-3136
-3446
-4077
-2392
-3860
-4981
-136
1932
2546
2082
4125
7088
1933
-1191
-945
-1176
-2152
-3120
-647
2043
3627
3296
3146
2903
-270
-2285
-1080
-1173
-2756
-3463
-3797
-2088
-4003
-4014
2227
3272
1887
1277
3399
3092
-1386
182
960
-1159
-2180
-789
2778
2653
1698
2879
4022
2054
-2182
-2286
-610
-1941
-3627
-4547
-2303
-2571
-6597
-1408
1857
370
3384
4227
5103
1780
-1130
1947
196
-2006
-1453
826
1819
380
2587
3306
1108
3
-692
-326
-2284
-3574
-1477
-3185
-3420
-3701
-5180
435
3361
4026
3805
2537
3526
-612
-657
318
-3512
-1835
613
1981
2502
2424
3594
2254
307
-1065
-2541
-2205
-2350
-1946
-2217
-3928
-1851
-4017
-2019
5095
1426
1519
4179
4173
2531
-1437
510
-1408
-3182
-2359
-2682
-98
1371
4508
3794
2269
3500
503
-1136
-1946
-2253
-1973
-4060
-3105
-2960
-5565
1
3109
-508
1769
4271
5003
2520
645
1185
-3472
-3851
-1014
-789
494
2902
4100
2323
2274
2909
-669
-3015
-1965
-2668
-2260
-2026
-1875
-3237
-6106
530
1537
-772
4623
3839
1881
647
1039
189
-2680
699
503
-975
1137
2644
2522
1631
3251
1519
-1496
-593
-1390
-1904
-2536
-4029
-4251
-7641
-3265
2691
-1177
3118
6990
3702
1721
122
1353
-495
-246
791
-3089
-730
1668
24
837
2532
2476
508
1498
635
-2679
-1065
-2139
-3133
-5548
-6787
1287
-1254
-1443
5613
1977
2347
3119
2674
2007
-781
1273
-1913
-2653
414
-626
1870
2963
1542
-58
482
801
-2398
-494
-1546
-3338
-2563
-6389
-1747
-256
-1739
4060
1426
2475
5413
3259
2024
-2338
-847
-1906
-3318
1555
363
1379
2700
2386
2524
259
1263
41
-929
-1837
-3583
-3952
-8218
-3726
-985
-3725
3446
4015
3028
5174
2506
1458
232
1323
-539
-1469
1589
-2066
-759
879
-540
3087
3182
1582
8
-156
-1989
-3474
-1594
-6120
-3300
-1497
-5372
2048
1592
679
5908
3436
2315
2126
1534
-1614
-2498
953
-949
-144
1763
1714
2133
1175
1172
291
-123
-3169
-3865
-3840
-7658
-527
-5
-3763
3294
73
45
5605
3154
2268
1445
1394
-67
-148
882
-1455
1116
706
-149
2231
683
570
255
-263
-1245
-1121
-3077
-6749
-2211
-4830
-5231
2552
-137
1821
4511
2090
3796
4037
3327
766
1471
1461
-2370
-1699
-2381
144
3045
1601
1396
-620
72
-814
-2415
-4744
-8352
-1486
-2093
-2913
3775
-1100
1116
4207
213
3178
2948
634
348
1522
1083
826
3594
175
-903
354
-805
131
-213
527
-527
-566
-3213
-7207
-1427
-3951
-3883
2255
-2590
2543
6320
1064
3205
2873
114
603
2652
364
-1110
945
-1304
241
889
-87
1091
-363
-380
-2326
-2054
-3480
-3553
1380
-3848
-1346
1633
-3565
1959
1544
410
4957
2973
2487
3966
1858
-2165
-355
32
-1562
2316
750
-46
-480
-2845
-1245
-1894
-1440
-4011
-2035
489
-5098
1461
1129
-2372
4600
618
1183
3876
399
1955
2261
1103
911
2103
-36
-735
668
-2334
-954
-492
-694
-230
-1765
-3007
-5491
-495
-1899
-4146
2839
-1542
1300
5660
544
3978
2700
813
2399
20
-257
504
720
-626
739
603
-832
338
-2099
-719
-1
-2150
-3289
-4443
-997
-2775
-1074
2773
-1752
2132
2509
-227
4249
2013
1512
3440
431
-523
24
-831
-619
964
538
95
752
-363
-1693
-1314
-3401
-3559
-10
-3211
-1394
1030
-4108
580
621
-924
6015
4259
2746
3163
1319
1627
728
-754
-1292
-152
-146
456
887
-181
-443
-2224
-3365
-5470
-3065
-1412
-4475
555
-87
314
5299
-11
2299
4066
355
3472
1956
239
1129
-829
-294
1677
531
-74
1284
-454
-1864
-2237
-2313
-2898
-3794
-1559
-3690
-2000
1180
-1547
2892
2252
511
4099
1231
2014
3230
1688
1840
908
378
-34
-312
-1410
-881
767
-973
-1913
-1838
-5149
-3396
-329
-3773
298
1434
-1489
2631
-843
-392
4066
1442
3701
5159
2091
716
-124
-1530
-869
186
-78
1040
958
118
-863
-1529
-3620
-5456
-3242
-3373
397
1024
-3602
1613
-79
-1862
3960
2699
5936
7007
1937
1775
-210
-2390
-474
492
-609
540
1078
-1107
-3292
-4449
-4966
-4586
-480
-1044
-551
2872
-937
1448
1282
-1321
4649
3042
2164
4379
1104
433
523
-712
-1026
-674
-122
224
835
-414
-1345
-781
-4587
-3890
-1084
-4960
-1062
-168
-2762
3499
1815
1176
4943
2526
2335
2859
1548
-396
-468
93
312
2470
826
-678
-724
-3023
-2373
-1332
-2876
-2210
-1309
-3362
-1491
10
-2063
1474
3143
2331
4310
2287
606
1620
1446
751
627
1359
473
118
-536
-2480
-855
-1053
-1378
-106
-2365
-890
-2117
-4414
-130
-2118
-2347
281
-806
3144
4708
3348
3720
2659
1422
979
1828
882
-738
-786
-601
-182
-1361
-2831
-1467
-794
-2621
-1878
-3156
-4327
635
787
-80
1635
563
2064
3201
2422
2173
1417
1488
1555
1595
605
-769
-661
-1300
-1276
-1034
-1405
-767
-2721
-2504
-50
-2645
-2308
-1128
-2515
117
1434
1571
3338
3811
3180
2640
1988
165
461
1359
438
600
586
-375
-1252
-2381
-3322
-2426
-2759
-3111
-1079
-2070
-1103
768
-601
800
1287
1313
2547
3216
3675
1690
1249
942
-444
1094
1940
2043
826
-2432
-3697
-4007
-3508
-3043
-2309
450
-588
-1844
124
-149
484
1199
582
999
1653
2966
2640
1878
1800
1801
2488
733
-1177
-1450
-1733
-812
-145
-1130
-2375
-3053
-2828
-1514
-1696
-2032
378
462
-59
2527
2261
380
1216
1803
1077
1910
3004
1204
578
1729
1035
-117
-1672
-1842
-1097
-1990
-2353
-3188
-2448
-731
-2291
-2229
-1166
-1099
543
2011
2732
2430
2856
3449
2069
1667
1611
1880
1745
-77
-824
-1127
-1139
-1052
-1690
-2377
-2852
-2113
-741
-810
-2388
-2417
-1406
-1120
-559
525
2455
2786
2609
3541
2733
1993
1880
1348
789
-46
-209
-602
-1524
-1130
-510
-435
-332
-1620
-2381
-2563
-3672
-2332
-775
-218
727
686
1309
1320
1470
2506
1801
1930
2613
2359
1854
654
-325
-830
-1324
-1541
-815
-563
-1539
-2465
-2985
-2900
-3606
-2998
-188
1039
1970
2274
938
692
1582
2649
3269
3124
2463
2211
1695
-199
-1143
-1241
-1973
-1997
-1077
-579
-1070
-2233
-3028
-2257
-1309
-986
-390
-418
-475
685
1141
258
646
1975
2805
3414
3194
2622
1605
216
-490
-690
-626
-759
-919
-1503
-2268
-2679
-2799
-1426
-521
-1363
-1454
-756
-641
-375
387
1102
2431
3485
3457
3082
2828
2650
755
-1439
-1514
-871
-130
-365
-1443
-1596
-1615
-1605
-2249
-3061
-1898
-1021
-755
412
1095
1140
889
388
78
577
2277
4161
3868
1254
-58
370
333
459
935
622
-1237
-3782
-3924
-2254
-1460
-546
12
-859
-1768
-2236
-2443
-1651
641
2631
3460
3727
3624
2940
1465
695
21
-76
1348
1136
-908
-2924
-3023
-1600
-823
-217
-211
118
508
-1269
-2877
-2226
-841
-644
-280
1501
2310
1843
1146
437
241
587
1886
2362
1570
1632
573
-1018
-1858
-3010
-1565
58
-1027
-750
310
-392
-1337
-628
207
-593
-1315
-891
872
2175
2083
1672
-162
-761
215
-115
496
1818
2016
675
-841
-780
-1378
-1588
-239
38
-194
-440
-1258
-1840
-1169
871
1988
1458
308
-967
-1569
-1432
-253
772
1758
2585
978
491
1180
244
-544
-1419
-1112
171
-31
-351
7
-116
-1042
-2025
-1711
296
1662
2381
2847
1351
-717
-2412
-2652
-1660
-951
1102
2617
2188
1296
-1333
-3824
-2679
229
2146
2983
2420
733
-712
-1983
-1851
-392
-276
528
1737
971
81
-1083
-1322
-653
-516
438
902
948
670
-676
-1320
-864
-505
-409
795
1717
1447
1079
-66
-780
-437
-286
-86
-185
-998
-1033
-619
-456
289
508
869
1720
1146
-155
-1307
-1778
-1132
-214
209
378
1035
1794
1271
-466
-1249
-306
562
471
408
142
-368
-165
-475
-1423
-1228
-152
235
277
499
81
-119
-245
-269
610
858
956
961
131
-617
-1520
-1541
-456
545
1506
1506
979
448
-567
-521
-138
-1037
-1286
-92
514
49
-305
-762
-540
437
80
-100
27
-451
-22
-340
10
1841
1486
693
159
-616
-76
224
-5
-223
-326
-152
-470
-858
-1140
-871
452
1336
660
350
1377
1062
-185
-759
-1262
-1186
-943
-99
1373
1095
480
798
426
-766
-2174
-2023
-887
-398
911
1584
634
58
237
866
817
251
-196
-817
-1265
-1494
-473
1373
1978
1472
828
-1
-1693
-2293
-524
729
754
204
-524
-677
-1581
-1319
1594
3056
2739
1815
-608
-2476
-2172
-864
106
682
1150
669
-1021
-2044
-1731
-1330
516
3083
2982
1157
-902
-2213
-1747
-758
120
1133
1341
265
-487
-322
20
91
-13
631
886
245
-20
-81
-12
-94
-473
-1101
-1560
-147
1596
648
-480
372
152
-900
-772
-876
-520
803
950
443
-92
-1378
-1324
712
2204
2959
2727
184
-2344
-2879
-2646
-1581
391
2102
2723
1909
422
-1113
-2209
-2029
-602
701
1227
1816
1587
-13
-1414
-2006
-1504
-162
166
-266
53
579
810
316
0
500
345
520
254
-1524
-1012
858
140
-569
644
1410
1093
228
-774
-1168
-437
201
117
313
-136
-583
-93
448
329
-690
-321
-11
-1049
-252
439
3
366
-143
-1182
-503
635
970
1340
1512
1186
476
-461
-1263
-1566
-822
-194
-75
-290
-336
662
631
297
500
-133
-332
204
433
-192
-175
-116
-757
-90
-168
-368
1041
1390
344
-799
-1233
-657
494
833
300
4
-322
-227
-85
-855
-904
290
697
515
672
-403
-1733
-541
832
1159
1759
402
-983
-492
-539
-350
-5
-35
14
438
1190
1218
944
114
-859
-712
-565
-970
-681
-339
-873
-247
811
395
115
-118
-1086
-662
659
731
933
1109
722
354
-686
-1173
-826
-511
-436
-472
538
1271
879
588
92
-440
-443
390
880
108
-354
-1531
-2425
-493
1767
2560
1412
-690
-1700
-1683
-1665
-2081
-993
1299
2362
2101
1032
310
944
1433
657
430
315
-523
-836
-2100
-3187
-1622
236
1195
1476
639
-369
-942
-752
180
972
841
428
1031
1020
-201
-1265
-1873
-1593
-765
876
2307
1883
933
161
-358
-492
-1121
-1801
-1393
-491
323
931
1031
263
-929
-1489
-1545
-186
1496
1681
1860
1874
1525
708
-788
-1335
-1078
-850
-372
52
111
-301
-880
-703
-502
-112
225
268
1531
946
-900
-605
-346
-389
292
266
-811
-469
310
123
755
1110
1190
969
-317
-986
-571
138
47
-391
63
392
276
427
-465
-2112
-2284
-994
548
1830
2572
1855
557
-561
-1706
-1705
-1220
-767
263
1036
1129
1038
449
-356
-493
-141
571
877
941
375
-764
-1051
-1704
-1511
-638
-541
345
1222
1885
1487
108
-451
-880
-655
-640
-724
707
821
-362
-179
122
154
741
982
720
227
-17
41
-800
-1210
-870
-1198
-627
30
169
969
829
25
-644
-352
945
1267
590
-919
-1279
-107
261
692
1134
582
-41
-121
-444
-539
123
264
-96
-746
-933
-581
-572
-228
66
736
1506
534
-212
-171
-1023
-788
611
907
539
-27
-638
-671
-141
445
959
1024
185
-495
-880
-624
-66
-418
120
479
-28
201
-322
-230
623
257
66
49
-181
-239
-388
-515
25
471
147
198
-64
-72
468
297
207
-100
-257
-252
-723
-1268
-953
972
1629
378
-228
582
1037
-112
-608
-327
-370
-854
-874
240
378
18
657
985
417
389
243
-529
-288
-31
72
-254
-1211
-1097
-830
-696
-412
-22
872
1540
1594
753
-539
-711
589
1473
503
-987
-1349
-843
180
1634
1911
681
-241
-1507
-3406
-3240
-2108
-888
1544
2537
2156
1569
804
1010
1768
2389
1153
-473
-39
-422
-1689
-1894
-2382
-2761
-2513
-2759
-2297
-776
465
810
1267
2400
3046
3050
2171
2004
2607
2718
2105
371
5
-1012
-2387
-2331
-4579
-5950
-4734
-3637
-2631
-1911
-889
1476
4001
4884
5156
4937
3616
2260
1579
1092
798
993
822
328
-777
-2424
-4811
-5978
-5153
-5707
-4844
-2675
-1601
733
3239
4290
4452
4734
3551
1982
3240
3809
3053
2623
298
-1220
-1261
-2607
-3591
-5013
-5611
-4784
-3930
-1715
-831
-334
1011
1583
2043
3418
4997
4060
2825
2131
2194
3082
1578
-453
-1126
-1972
-3040
-3374
-4762
-4580
-3146
-3606
-1579
-775
-960
1208
2035
2728
3227
3809
3926
3305
3379
2388
1528
929
-434
-398
-956
-2347
-2343
-4681
-4787
-2879
-4472
-2945
-1627
-1068
2168
2897
3121
3851
3097
1902
2478
3066
2285
2099
1254
-67
-973
-1565
-1885
-2268
-4369
-5007
-3200
-3739
-2372
-1221
-1619
1477
2814
2484
3688
4078
3355
3219
2754
1475
894
408
-756
-1248
-543
-1594
-1860
-2073
-3552
-2760
-3679
-2795
-1128
-1638
618
1090
1123
3027
3529
2906
3244
3235
1699
2247
1495
-395
208
503
-1481
-2921
-3833
-5812
-3431
-3406
-3958
583
-191
811
2860
1154
3116
3045
1326
2436
2493
1697
1986
1354
242
633
662
-1234
-2480
-3464
-5245
-3091
-3544
-4627
-677
-1685
-259
2493
986
3736
4208
2726
4129
3740
3018
3270
1351
-818
-1029
-1485
-2063
-2410
-3682
-5246
-3445
-2679
-2832
562
-642
-872
1343
-11
2133
3680
2863
4395
4224
2289
2007
998
-272
-831
-2040
-1725
-1497
-2030
-3783
-3486
-2015
-3379
-1716
-2471
-2029
2283
1869
3686
4444
2618
3768
3156
1547
1641
1180
951
844
-1144
-1290
-1542
-2565
-3318
-3971
-3527
-5003
-2947
-2613
-3167
2105
2502
3418
4926
3794
5788
4729
1853
1531
287
-699
122
-893
-1601
-2225
-3752
-3750
-3099
-2281
-4080
-2295
-543
-2082
1681
1919
1816
3718
2164
3734
4530
3445
3712
1595
-565
-495
-1987
-1978
-1234
-2279
-2649
-3486
-2888
-4513
-3322
-86
-2133
1134
2500
1530
3534
1394
1854
3143
2007
2635
2932
2559
2804
1077
-1095
-1694
-3149
-4259
-5190
-3625
-3023
-3558
-1518
-2450
-461
802
204
4024
3797
3847
5108
3401
3169
2385
584
122
-1075
-1664
-1220
-2402
-2368
-3115
-2863
-2114
-3440
-1611
-2397
-1636
1246
1023
3707
3233
2250
3869
3008
2946
1884
-458
-479
-949
-934
859
-654
-1722
-2866
-3778
-2409
-4412
-2162
-659
-1012
2432
516
961
2054
1138
4057
3646
2808
2986
1053
768
594
-1135
-647
-1008
-2302
-2275
-3542
-3300
-4470
-3168
-260
-2238
162
1240
1006
3872
2805
3424
3994
2209
2604
1975
1000
721
-810
-643
-722
-2408
-2803
-4299
-3486
-3338
-4624
-1570
-1199
260
2179
1209
3597
3782
3220
3396
2393
2763
1110
-349
-56
-989
-529
368
-1429
-2138
-2577
-3111
-2322
-3662
-2144
-670
-1548
243
-210
1351
3224
2215
4347
4087
2823
2228
183
854
864
-587
-860
-2066
-2542
-2291
-3588
-3028
-2207
-2009
78
-860
-1089
600
177
1879
1961
1682
3104
2320
2858
2575
1884
1900
-76
-808
-1031
-1964
-2521
-2859
-3133
-2187
-1570
-1895
-109
-65
-358
-394
-1366
1728
3598
4334
4778
1799
394
-142
-115
73
-941
-1155
-899
-230
-671
-1674
-2164
-2229
-1482
-1446
-779
-139
-584
-310
-178
806
2336
2804
3343
2961
2066
1349
-113
-561
307
320
-715
-1433
-2214
-2554
-2090
-2395
-1811
-431
-23
-166
-445
203
640
1181
2757
2761
1720
947
-105
-458
212
768
768
106
-974
-1451
-1630
-1711
-1167
-537
269
599
170
-99
-1187
-1195
937
1580
923
180
-384
159
869
826
244
582
1072
249
-534
-742
-161
216
-368
-505
-913
-1809
-1301
-292
-129
265
653
715
560
255
710
980
962
706
-155
-447
-731
-1060
-954
-287
384
123
244
232
-90
363
1046
1157
-220
-879
-167
-411
-912
-709
-282
-564
-393
633
691
635
356
-113
-31
-317
-42
85
-416
97
487
123
75
243
118
254
101
-277
167
-500
-1103
-167
294
481
623
827
451
-491
-380
-64
-269
-418
-278
-273
-237
197
877
775
-460
-568
-403
-724
-8
631
665
352
11
-85
-55
-185
-281
323
201
-335
29
24
-347
265
1082
375
-340
-127
-818
-1318
-524
-134
-159
237
459
341
489
340
-726
-1082
3
1043
1279
475
-189
619
834
-5
-33
-260
-501
-5
-556
-1384
-797
36
78
399
719
95
142
131
-973
-979
150
847
527
-50
-236
-518
-139
723
1001
761
-42
-328
0
32
110
-372
-787
-364
-502
-427
208
-146
-64
849
816
619
221
-344
-145
-294
-292
-2
-136
191
241
-106
384
673
-386
-957
-209
-57
-201
107
-119
-397
-274
-406
-391
-128
226
871
775
386
431
287
476
449
-117
-446
-625
-1044
-1520
-640
608
1011
1174
238
-490
552
1528
1244
435
-737
-2649
-3246
-1508
300
1915
2858
1371
-320
-637
-1519
-2188
-956
88
399
1770
2566
1541
14
-642
-279
-242
-39
178
-404
-971
-1350
-1087
-255
670
1128
891
931
696
-459
-1118
-839
-754
-274
673
746
193
-379
-899
-1114
-1
1285
1483
1699
857
-898
-1581
-1245
-922
-580
601
1564
1416
176
-881
-844
-884
-108
540
-236
-187
582
752
209
-253
-241
-274
-477
-911
-469
821
1454
1110
952
1255
-24
-1679
-2018
-2054
-1178
263
839
906
1237
908
-70
-132
409
628
-373
-1292
-1259
-1282
-99
841
882
1367
1378
1242
445
-246
-746
-1535
-793
-598
-663
-63
-439
-236
231
461
703
545
366
-219
-82
461
-306
-1029
-614
377
775
220
117
210
-511
-558
161
160
373
644
-351
-802
-403
-447
306
1522
1664
528
-597
-808
-1269
-1053
-13
488
902
1035
521
-847
-1445
-582
-309
-117
93
-306
-92
681
633
60
284
595
772
952
-101
-1141
-900
-692
-227
967
1079
452
587
27
-1135
-1290
-1324
-993
-150
91
629
863
353
104
-266
230
1153
997
294
-521
-561
-177
-357
-430
-155
-245
-303
326
404
207
321
-31
-152
-115
-51
275
249
169
-2
-287
-424
-912
-1038
-339
489
964
546
470
697
247
267
429
415
-131
-665
-468
-936
-832
-149
74
550
439
-468
-820
-32
156
-145
445
318
-351
31
351
324
508
-39
-389
-342
-481
-112
420
1118
520
-724
-545
-208
-161
184
1025
974
789
864
-849
-1734
-741
309
601
-300
-796
-645
-781
-640
317
1044
262
-765
-766
-534
351
1856
1962
911
265
57
37
-343
-1068
-1015
-1071
-807
349
912
826
-264
103
478
-1003
-778
-824
-630
-103
-125
80
-720
550
1668
1470
1415
212
254
225
-475
-462
358
1310
342
-904
-1454
-2421
-1407
1131
1271
893
61
-1244
-1160
-1089
-238
-138
1174
2537
555
616
-123
-758
1063
-301
-1051
-515
-985
-771
-976
111
1640
1639
1236
-230
-885
-1001
-1211
88
194
-823
-643
49
103
546
1469
1398
1561
944
-435
-434
-418
141
747
-582
-1389
-988
-577
-550
-743
44
-3
-530
-65
525
598
105
1322
1283
-510
-496
-1131
-1706
-749
414
1174
1329
1085
929
723
282
-32
-1106
-1388
-1141
-1223
22
724
361
372
528
-236
-227
633
-79
-77
653
-229
-1389
-300
1035
136
-173
121
10
736
1209
425
-338
-658
-1128
-942
-244
12
-20
-285
-583
-193
494
442
391
963
901
660
500
-714
-792
-72
-362
66
458
-199
-337
153
-241
-200
341
-435
-892
-282
485
-352
-478
730
-210
111
812
100
570
517
24
94
-211
-640
112
-57
-1102
-311
-230
-596
-345
29
813
717
544
235
376
989
-229
-405
571
-71
-248
-346
-1060
-1180
-531
265
430
1543
1055
-410
238
-530
4
1585
571
-360
-999
-1340
-1134
45
851
72
-1
-159
-462
-226
-318
-299
-353
-172
652
841
870
962
322
-138
-673
-331
-67
-656
563
-33
-1165
779
593
-610
53
-2
-571
-436
-66
154
465
578
96
213
1015
167
-1051
-171
110
56
1073
-23
-941
-244
-293
715
998
-46
-508
-1361
-1544
-1042
-240
13
-134
728
961
970
970
378
-67
-406
-236
456
371
-814
-552
221
-446
311
1668
731
524
1326
-636
-1591
-878
-1554
-1015
67
1358
1521
-136
-866
-1760
-1050
-315
-1091
-31
728
1179
1305
865
1293
1346
1399
445
46
87
-2046
-1719
-335
-1609
-1861
-704
-77
644
1286
787
137
485
836
271
334
781
217
-125
-1013
-1876
-844
-160
102
1503
1195
-134
879
799
-617
-1304
-1766
-603
634
1632
1234
-1033
-1576
-1568
-465
1167
1259
1049
62
-208
-32
225
815
129
-134
-204
-169
171
8
239
-829
-1588
-654
-685
111
1075
291
-366
-807
-122
690
290
793
1720
1699
780
161
-533
-1087
-482
-355
94
24
-1134
-1392
-1153
-169
900
1117
584
-426
-1004
-763
-526
-582
-425
59
776
847
1723
2102
664
291
-267
-977
-952
-37
830
-2
-687
-1157
-1001
-1036
-655
1004
1113
1009
362
-449
-430
-637
442
1251
549
-612
-622
261
482
953
595
-430
-600
-555
-1419
-1750
-5
678
668
686
-437
-477
-9
22
539
1479
1079
-460
-447
-337
-604
-42
7
-16
612
16
-1206
-828
-366
327
1353
889
377
147
-68
-162
-156
102
-189
-330
-728
-564
324
137
828
787
-371
-617
-1163
-467
-153
-470
294
-322
46
1154
826
957
116
-753
-8
254
422
310
-648
-593
-272
-572
-168
475
535
553
473
-585
-1173
132
590
-339
42
414
-399
-130
744
802
344
344
546
-453
-1098
-1386
-1329
-460
-366
35
173
596
1396
715
509
452
-176
-856
-445
189
-316
-37
316
1046
795
-236
252
-148
-100
-107
-924
-581
-175
169
-204
-317
-52
-969
-923
-605
-651
834
1860
1654
744
-547
-724
-314
848
1581
1280
730
-651
-1065
-873
-498
-429
-883
-194
-615
-1052
-212
-80
188
407
-114
-484
-239
228
448
273
944
1485
565
755
1215
487
352
667
-93
-945
-909
-1368
-1395
-1658
-1661
72
-382
-770
362
-197
409
1484
965
470
547
1472
1390
861
1511
1112
504
-417
-2589
-2166
-693
-752
20
135
-882
-1338
-1797
-1682
-813
253
1007
1210
1401
1503
1755
1000
-121
95
-868
-819
1596
1998
1201
451
-219
-598
-787
-590
-1536
-2005
-1879
-1955
-647
-62
180
1417
1335
-184
-718
-152
-95
510
1398
1724
2032
1640
1110
709
280
-346
-904
-620
-907
-1316
-1612
-1660
-251
-54
-865
-1223
-1187
106
390
218
759
504
537
1001
1723
2062
1453
726
-526
-704
45
59
391
-39
-1079
-1302
-1219
-1412
-2207
-1573
-672
-603
1387
2125
814
299
-875
-1570
-390
1320
2559
2827
2217
990
373
293
35
-18
-720
-1833
-2527
-2222
-877
-814
-827
-407
-1059
687
2409
211
-758
167
-518
-491
1135
1755
1911
1451
384
449
70
-380
509
1001
439
-710
-1315
-1534
-2325
-2350
-2580
-2024
2338
3518
-309
-711
628
-359
-704
1083
1756
184
-161
910
1309
852
1059
1227
-131
-747
-521
-654
-1051
-1471
-1704
-2304
-2611
-373
3151
1980
-930
-385
-417
-840
587
2071
2298
1675
751
220
268
-112
607
819
-655
-536
-20
-1141
-2228
-1946
-2187
-1865
-950
-507
2471
2136
-1178
-202
-70
-786
655
2067
3688
2782
-305
-974
-651
-97
1508
1366
-686
-2168
-1749
-423
-174
-199
-338
-1038
-1899
-2716
-331
2752
964
-549
-171
-1060
-288
1329
2395
3215
1282
-1227
-773
398
924
1946
1411
-908
-2261
-1642
-166
-14
-123
-971
-2696
-2717
-1859
1792
4368
779
-1095
-413
-1060
-800
-80
1244
2455
924
-1093
-437
844
1168
1999
1693
6
-681
-161
200
-778
-1895
-3024
-3182
-2522
-2201
1608
4079
693
-1328
-866
209
1256
1160
2536
3200
283
-1604
-787
271
1582
2037
782
148
-616
-1720
-1426
-945
-757
-1536
-2081
-2580
-3453
409
3998
2466
913
-161
-789
-1301
-1221
1121
2539
1407
68
643
1784
1888
2086
1208
-980
-2251
-2467
-819
552
23
-774
-3149
-3973
-3041
-1135
3727
3596
-581
-1389
-880
314
1292
1207
2504
2811
268
-125
747
-4
97
642
572
-473
-1440
-1105
-248
326
-483
-1451
-1265
-1644
-2544
134
2462
-440
-1611
-607
-172
927
1039
1592
2598
1900
-49
-922
776
1788
1576
1306
-300
-1284
-1184
-451
554
-807
-2691
-3462
-3393
-2761
-1732
2222
4512
1752
-757
-2124
-1544
975
2111
3021
2978
1143
-298
-1321
-486
1498
1955
971
-116
-508
-894
-112
31
-1372
-2136
-3201
-2689
-2162
-1630
2425
3799
810
-1203
-1306
-471
130
913
2656
2998
714
-988
-369
1170
2029
1040
-595
-1215
-1329
-901
169
713
283
-1210
-2565
-2851
-3244
-1792
2875
4585
616
-2091
-1435
-449
1525
2857
2019
1104
150
-556
-157
158
430
1172
877
-633
-1551
-893
630
821
-347
-1139
-2245
-3186
-3197
-2474
1440
4865
2368
-942
-1860
-1805
-8
2043
3085
2893
948
-729
-774
10
905
1499
777
-1148
-1284
-184
14
605
-417
-2169
-1504
-1370
-2262
-3243
-1020
4622
4491
-290
-2663
-2180
-125
1033
1565
2327
1848
263
-547
114
1039
1782
1306
-920
-1947
-875
326
901
83
-1140
-1867
-2543
-2348
-3266
-3607
1716
6800
4436
-605
-3075
-2719
143
2219
2327
2185
1431
72
-940
-169
959
630
-574
-1823
-1006
708
1116
1345
536
-1781
-2690
-2037
-1485
-2081
-3335
-150
5794
5719
-131
-4532
-3233
605
1969
1925
1684
821
484
92
573
2272
1825
-649
-2453
-2292
-1118
30
1006
1045
-417
-1656
-800
-656
-1985
-3998
-3311
3868
7476
2245
-3665
-5113
-1834
2709
4414
2877
1160
-716
-2673
-1400
1891
4475
3937
-569
-4037
-3541
-1520
707
1634
502
-644
-1359
-1924
-1958
-1376
-2320
-2983
2581
8989
6519
-2443
-8124
-6082
100
4041
3625
2908
2145
-143
-1280
-256
1346
1678
69
-2434
-3049
-1288
431
1502
1695
351
-1473
-1542
-759
-961
-2382
-4389
-957
7247
7886
-29
-5691
-4703
481
4317
2979
663
654
-275
-2671
-3006
-388
2500
2611
-374
-2823
-2180
-297
1243
2777
2953
1197
-360
-1217
-1465
-1866
-2453
-2477
-3770
-2082
4792
7035
1639
-3691
-4072
-332
3162
2835
1592
1832
-105
-2845
-2379
-446
1607
2721
706
-1615
-987
97
407
953
965
281
-162
-600
-2010
-3073
-4435
-5867
-36
9764
9421
-682
-7821
-6423
-45
4784
3110
605
2452
2504
-576
-3083
-2556
1042
2855
1082
-1614
-2125
-785
507
1261
1077
1088
-62
-1903
-1436
181
800
-565
-2286
-4176
-3350
3654
6970
1636
-3609
-4632
-1700
2743
4056
3152
1902
-63
-1944
-3247
-1953
1439
2677
798
-814
-280
-487
-931
52
379
438
1040
1006
401
124
-1047
-3262
-5147
-4576
2442
9363
5567
-3563
-7259
-3816
1864
4076
2214
924
1873
1682
-1018
-3379
-2373
906
2609
1118
-1068
-1330
-568
385
1075
1095
987
540
-534
-1409
-296
-105
-2281
-3772
-5160
-631
9019
8789
-639
-7403
-6963
-990
4456
4414
963
-229
1087
891
-2026
-3453
-586
2217
2327
866
-519
-532
-464
-135
617
1356
2065
1111
-492
-1025
-947
-1934
-3555
-4941
-5800
521
10143
8901
-738
-7159
-5981
-64
4181
2876
119
1055
2680
1238
-1688
-3540
-2175
1951
3249
891
-1176
-2008
-1443
-433
1092
2406
2020
568
-1480
-2231
-967
26
-920
-2986
-5229
-1827
8364
10828
2075
-6889
-8491
-2808
3195
4259
1023
172
1684
607
-1054
-2174
-1654
992
2933
1555
-1582
-2799
-2521
-792
1284
2215
3133
2767
50
-2345
-1366
-187
-1505
-2909
-5213
-3461
6809
12133
4048
-6369
-8848
-3986
2843
4911
865
-1003
1421
1928
-444
-3026
-3218
-510
2918
3444
533
-1764
-2187
-1014
942
2372
3513
2652
-166
-2274
-2955
-1649
-142
-1012
-3740
-6499
-2480
7771
10607
3136
-5385
-7863
-3437
2771
4401
1844
1338
2221
1383
-570
-3123
-3041
629
3395
2868
463
-2292
-3336
-1830
285
1988
2682
1331
-1397
-3037
-2705
-941
571
-410
-3465
-4926
1539
10512
8633
-1283
-8393
-7779
-740
5515
5331
1683
523
1566
1172
-1619
-4615
-4507
-353
3567
3189
328
-2017
-1873
-40
1086
2248
2728
1414
126
-1300
-2247
-1609
-1829
-3114
-4785
-4050
3638
10696
7291
-2361
-8769
-7719
-740
5299
3936
336
387
1619
2581
509
-3622
-2928
1384
3663
2826
314
-1883
-1927
-415
692
1854
2414
911
-1233
-3437
-4122
-2949
-2013
-1500
-3037
-1177
7189
9813
3758
-4062
-8746
-4769
2970
4338
1478
858
1746
2693
1339
-3373
-4636
-1614
1344
2845
573
-1791
-990
-225
783
2315
2721
1942
317
-1672
-2703
-1987
-1890
-2336
-3318
-3822
2830
9528
6851
227
-6916
-8460
-1875
2857
2951
2103
1621
2059
2564
-520
-4857
-3549
-226
2315
3878
983
-1641
-1137
-394
378
1572
2306
1378
650
-793
-2619
-1879
-2293
-3314
-4124
-3360
4546
9737
6070
-554
-8038
-8212
-1049
3055
3399
2318
1136
1887
2809
-207
-4624
-4871
-1283
3369
4477
1365
-810
-954
-459
481
1472
1691
1527
888
-1310
-2676
-2843
-3077
-3448
-4517
-729
6322
7599
4503
-1891
-7257
-4702
-369
1941
2994
1567
1073
2492
2359
-684
-3669
-3218
-486
2357
2528
93
-930
-360
645
1041
731
1331
912
-801
-1642
-2924
-3775
-2686
-2573
-1546
3146
6420
5415
1060
-4381
-5562
-2016
1567
2923
2321
1627
2087
1968
-17
-2727
-4176
-2848
488
2304
1656
260
-1030
-719
455
1525
1714
945
1232
-91
-2130
-2497
-3448
-3421
-2194
129
3982
6033
4844
579
-4355
-5016
-2824
-905
1654
2160
1654
3045
2406
-655
-3591
-4076
-1588
1621
3717
2170
-110
65
386
1179
1518
432
-68
-699
-1110
-1903
-3240
-2915
-4165
-4206
1327
5992
6944
4383
-1424
-5461
-4960
-2062
470
1623
2219
3328
4353
3855
271
-4002
-4580
-2492
553
2741
2284
760
-99
-52
-391
-314
157
-546
46
448
-1878
-3024
-3431
-4766
-2683
2612
6786
7180
2663
-2733
-4138
-2433
-204
1618
1125
-227
1330
3136
2473
-558
-4102
-4517
-1707
1785
2450
1050
486
6
-15
630
1073
1062
649
-294
-1864
-3137
-3816
-4044
-2593
1553
5376
6383
4256
-324
-3146
-3468
-2692
-1116
-609
-583
1500
4622
4708
1959
-1528
-4271
-3496
-479
1424
1164
418
603
955
1244
970
332
-181
-391
-412
-1816
-3108
-3751
-4770
-1816
3746
6083
5385
1461
-2688
-2996
-1515
-179
-463
-1055
-426
885
3927
4309
680
-2067
-3445
-2193
228
946
882
-162
535
2510
2323
1387
-62
-1398
-1298
-662
-1124
-2980
-4381
-4457
-2016
2519
5806
5981
2551
-1495
-2476
-1917
-986
-337
-1077
-639
1466
3632
3660
659
-1755
-3065
-2716
-754
240
993
1327
1944
2551
1735
921
-431
-1667
-1333
-1006
-1999
-4350
-5831
-3310
1407
5684
7424
3817
-297
-2098
-2741
-938
-737
-1994
-1787
-357
3723
6102
3926
-302
-4141
-4124
-2142
-716
337
325
789
2028
3118
2893
1040
-601
-1598
-1130
-1199
-3079
-4632
-5556
-3047
1888
5757
7160
3947
28
-2012
-2320
-985
-1183
-1820
-1563
349
3853
4712
2798
-465
-3086
-2686
-1272
28
431
-245
-337
965
2715
1657
-205
-794
-1563
-820
-508
-2633
-5659
-6023
-1604
4012
8205
7782
3622
-352
-2480
-1419
-1277
-2939
-4314
-3418
1210
4895
5213
1904
-1996
-2944
-2060
126
819
-32
24
922
2689
2657
730
-608
-1439
-1041
-1038
-2022
-3602
-6176
-4346
945
5220
7462
4816
766
-1774
-2167
-701
-1096
-1706
-2322
-2350
1239
4911
5558
3141
-512
-2407
-2404
-1370
-1365
-1814
-1071
-310
1867
3055
2084
1426
7
-835
-1729
-2891
-4922
-6705
-2971
2797
7739
8726
4098
-30
-2291
-2079
-1155
-2219
-3808
-5039
-2680
2824
6417
5685
1309
-2296
-2727
-1130
608
222
-517
-510
820
3550
3502
1672
-670
-2645
-2263
-1864
-2159
-4599
-5616
-2041
1786
5743
6868
3143
-507
-1792
-1347
-867
-1451
-2934
-3436
-1070
2923
5744
5496
2269
-885
-1618
-1122
-489
-983
-1972
-1554
-94
2164
3600
2665
446
-1045
-1611
-1822
-2536
-5287
-6443
-3311
1672
5519
5603
3020
23
-471
1513
1521
-221
-2720
-4671
-3374
-212
3415
4758
2180
-65
-952
-839
653
402
-1060
-1140
280
2072
2598
1897
-266
-1689
-1722
-2246
-1979
-3289
-4811
-2385
1428
4554
5384
3816
1067
-806
-603
-839
-1240
-2174
-3747
-2881
226
3091
4162
3197
782
-744
-499
-99
-127
-1103
-1525
-89
1511
2571
1907
-228
-1203
-1610
-1697
-2342
-4272
-4046
-2077
483
3431
4724
4292
2395
949
388
-541
-1174
-2338
-3500
-2793
-424
2342
3646
2301
162
-133
357
-19
-325
-602
-1492
-793
1188
1771
1953
1066
-1320
-2107
-1465
-1691
-2892
-3266
-2603
-751
2860
4627
3340
1526
261
526
1331
697
-1078
-2581
-2954
-1648
673
1709
1250
372
-314
245
1425
1129
-375
-1628
-1855
129
2267
2037
870
-118
-805
-1100
-1511
-2633
-3415
-3015
-1367
1456
3436
3747
2508
1020
780
351
-626
-1367
-2098
-2705
-1534
601
1580
2018
1499
364
-134
-49
463
564
68
13
373
438
602
337
-494
-1012
-1196
-1504
-2413
-2792
-2205
-784
1489
2907
2429
1501
993
418
480
74
-698
-962
-1475
-628
887
1760
1090
-566
-879
-578
678
1405
687
417
-146
-634
-497
-458
-352
-214
-531
-715
-1308
-2412
-2128
-1042
394
1677
2000
1934
1791
2173
2181
1111
-375
-1769
-2479
-2212
-905
247
153
-134
-253
-422
397
1031
829
548
249
810
763
208
312
238
202
-304
-1186
-2041
-2391
-2342
-1867
117
1804
2195
1994
1504
905
699
787
-488
-1564
-1232
-931
-480
-139
-418
-342
406
805
833
666
520
463
288
1110
1350
576
869
475
-938
-2047
-2877
-3185
-2981
-1971
-529
768
1592
1973
1800
1481
1992
1622
1083
895
-567
-1298
-1453
-1144
-103
-105
-416
-726
-601
-102
305
883
693
549
712
856
1112
736
70
-748
-1296
-1624
-2255
-2318
-1536
-186
887
789
351
726
1041
1102
1635
1320
500
242
25
51
71
-573
-1197
-1068
-802
-376
264
640
635
355
552
385
-178
148
503
286
-249
-1017
-1817
-2130
-1657
-699
-36
54
106
437
1217
1423
1466
2251
2058
705
-409
-800
-855
-586
-705
-1372
-1026
-382
198
853
1062
950
503
371
183
4
136
227
56
-1080
-1760
-1967
-2260
-1333
-456
-350
-362
-50
867
1571
2515
3014
1880
703
53
-158
-35
-98
-311
-660
-687
-726
-642
-154
196
243
-391
-576
-65
25
-45
-61
-130
-243
-531
-1093
-987
-588
-716
-682
-526
36
1007
1751
2158
2421
2104
1225
427
-273
-167
-482
-1400
-1236
-886
-438
38
-37
-262
-46
490
200
-148
-72
-671
-971
-618
-596
-404
-486
-850
-468
-37
4
508
1658
1630
759
506
248
486
683
314
156
-227
-316
-73
84
566
-80
-1042
-491
-428
-574
44
432
-42
-1160
-1306
-1228
-990
19
237
73
523
1048
775
666
1114
967
644
805
794
92
-249
-365
-580
-786
-1167
-542
234
526
1164
619
-945
-1171
-850
-738
-417
-503
-32
-98
-730
107
159
-294
-108
26
980
1374
1314
1493
912
777
301
-351
271
324
-484
-1548
-1617
-794
-592
46
353
24
-145
-572
-648
-215
100
68
-20
-146
22
213
98
-66
-238
174
312
822
1812
1529
1187
478
-825
-1142
-879
-843
-1076
-610
578
643
107
267
-178
-453
-137
-289
-149
-125
-154
-242
-14
230
-576
-391
-324
-548
99
568
1590
1365
698
622
-437
-423
-70
6
853
941
-42
-833
-862
-540
5
136
-220
-569
-602
-116
-115
-213
-186
-163
-206
-810
-565
-348
-868
-235
505
488
832
1176
1270
1735
1815
1346
796
-454
-1076
-568
-698
-673
-355
-849
-1138
-842
-291
393
367
-448
-718
-474
-560
-481
-188
142
175
-22
317
983
1401
1065
665
538
375
473
553
394
-30
-368
-598
-615
-844
-1396
-713
205
414
351
-171
-363
-223
-523
-779
-609
-645
-248
337
29
-64
598
1159
970
840
850
484
441
515
634
755
359
-431
-1031
-1349
-1096
-263
78
-100
-593
-539
-188
-245
147
354
19
-747
-857
-323
-183
-52
-313
21
353
624
1632
1507
983
474
213
459
147
96
-242
-828
-350
-47
-271
-546
-723
-20
326
7
35
-505
-1157
-909
-393
-78
-111
-527
-34
527
-70
227
610
501
551
158
198
677
1397
1537
834
103
-434
-370
-307
-108
-109
-852
-1321
-1129
-628
-244
104
39
-597
-659
62
189
-34
-198
-535
248
905
853
1120
843
311
-138
247
1281
1106
56
-684
-1117
-1308
-533
338
256
33
-148
-353
-167
-77
-766
-1140
-830
-372
371
185
-360
127
86
-37
861
914
688
913
383
345
515
242
288
337
563
208
-118
-573
-1560
-1008
-426
-299
-30
-67
-279
-605
261
375
-343
-361
-375
227
154
-151
-36
47
410
228
182
157
125
435
825
702
64
241
-334
-692
245
366
741
576
-596
-745
-566
-469
-21
-67
-780
-512
311
158
-269
-870
-863
-89
204
352
-37
-172
308
551
1106
1142
906
814
642
448
-192
-107
-97
-654
-823
-1173
-911
-417
-261
-277
-835
-486
316
383
681
687
-402
-939
-412
-122
371
1006
1260
1043
653
681
21
-412
39
235
494
612
-5
-799
-780
-1149
-1360
-405
0
-208
-542
-402
-547
-831
-224
152
236
51
-113
157
1052
1542
973
325
-235
367
1230
1205
808
242
-4
-295
-802
-1245
-881
-251
88
249
-193
-297
-259
-721
-1167
-1007
-225
221
41
335
590
-243
-934
-1154
45
1563
1266
1230
1307
758
360
130
-67
-281
-239
-221
-31
232
138
-388
-732
-688
-816
-562
-335
-297
-144
-62
316
233
-197
-138
-639
-883
-17
398
788
740
520
1097
801
282
120
451
761
276
228
-142
-807
-1092
-909
-323
-51
-47
-129
421
567
-418
-755
-294
-139
-213
-296
-571
-811
-769
-271
-22
336
799
511
637
815
392
-79
185
1054
1690
1410
110
-330
-500
-806
-827
-650
198
224
69
28
-157
-713
-1560
-1008
-517
-146
-47
-413
-225
-251
179
529
795
932
591
1010
1015
561
384
-115
-414
-130
154
170
-243
-633
-401
-499
-723
-400
348
481
-361
-581
-843
-864
-295
-238
4
12
-57
314
1006
1306
663
646
944
883
339
-155
158
-133
-256
-374
-718
65
56
-686
-1106
-1112
-389
66
246
242
406
189
-261
145
-322
-879
-969
-925
285
914
933
824
800
1361
933
515
375
-337
-707
-1097
-798
45
-139
-239
171
120
66
534
645
177
439
314
-833
-1169
-1989
-2501
-1232
-397
536
1329
1786
2159
1391
759
1
-257
-476
-1147
-713
-1133
-772
160
232
1341
1407
1158
556
-479
344
559
561
486
-592
-426
-572
-1201
-1579
-2880
-2110
-213
-127
180
630
1750
2211
541
775
1183
-144
-1496
-1936
76
968
147
471
1186
1410
194
-512
252
797
37
-564
745
581
-526
-545
-196
-242
-2432
-4216
-3543
-821
1106
703
1410
2821
2988
1112
226
1180
542
-223
-937
-404
-597
-2430
-907
-35
88
1031
664
1574
1203
-633
-448
856
1386
297
251
619
-1049
-2213
-3901
-4934
-1014
1109
930
2535
2325
2473
1206
-615
377
-525
-1014
-1159
-1211
342
89
-85
856
1085
233
587
1533
535
-104
-437
-753
-337
601
1090
867
-146
-1878
-2332
-4544
-3966
707
114
202
2589
3701
3697
222
288
590
-2122
-996
-718
-413
73
-791
1061
356
-321
1371
892
685
5
158
512
-586
344
499
-7
208
-821
-1616
-3971
-5406
-1056
750
-178
2791
4021
3376
1414
186
1495
-1714
-1998
308
-1283
-463
-183
369
810
-961
630
1330
77
133
57
-76
-155
233
98
-666
142
178
-858
-1838
-4379
-1379
1918
-1416
646
2763
1576
1769
811
2016
-221
-1886
617
-747
-450
338
152
543
-518
669
906
-631
-498
-500
-641
-144
673
575
-282
260
732
-833
-1366
-2532
-3668
-277
-47
-769
2580
3115
2652
1581
818
675
-1337
-406
-274
-1255
171
-153
-517
-407
-411
226
-202
-154
698
426
392
901
825
714
435
266
-827
-1276
-2640
-4889
-148
203
-2856
2208
2798
2043
2259
947
1917
-1026
-1111
-311
-2533
-686
-188
263
1097
733
1566
752
385
349
-338
39
203
486
-158
-693
120
-1243
-839
-969
-3975
127
477
-3010
1213
1360
785
1897
1739
2788
-81
-428
-654
-2471
-153
-480
-912
328
399
843
1010
1319
885
-21
732
1016
-332
-650
97
352
-952
-1473
-2591
-4668
-239
540
-2011
3008
2985
552
1301
652
567
-1078
-216
413
-1464
444
210
-932
638
959
777
202
438
348
-985
56
678
633
1094
346
-16
-1478
-1534
-2707
-4189
1192
-356
-2356
3307
1412
568
1912
1147
1074
-679
837
-657
-2027
1225
-606
-1745
-234
-147
140
1451
2454
1085
404
706
-362
-627
-36
-404
-1013
-1348
-772
-2885
-2968
2300
-1057
-2002
3591
703
1076
3310
1332
306
-208
315
-2433
-2358
305
-1450
-399
1273
368
699
1384
1043
620
1142
572
-702
145
190
-1088
-952
-755
-1067
-3457
-1806
1614
-2460
112
3364
-588
1647
1940
180
290
69
375
-1878
189
1207
-1452
454
523
-682
378
1208
562
-57
1114
473
-239
870
-38
-775
-993
-2008
-2450
-3626
-366
1157
-2223
2187
2491
-432
2811
1520
479
942
964
-234
-2326
33
-1312
-1868
1316
-28
23
1479
1359
1251
742
578
-229
-431
-531
-1891
-953
-830
-1292
-1041
-2440
-3
-45
-1563
1984
792
554
2845
1338
691
934
1004
-847
-1190
262
-1616
-1519
16
-297
726
1277
327
509
970
402
473
1287
12
-817
-390
-2076
-1743
-2303
-2505
1218
-914
-863
1844
-371
1500
2303
1021
1490
1204
809
-1086
-295
-415
-2366
-459
-221
-265
962
710
804
730
563
328
209
384
-364
255
-250
-2231
-1868
-3231
-1180
1288
-1353
1695
2239
216
2227
606
-117
1
87
222
-723
162
-1207
-1344
20
-478
782
954
336
712
573
1015
451
169
1050
44
-362
-1221
-1471
-1595
-3733
-87
-265
-2918
1619
806
809
2679
778
1609
1746
1068
-460
-408
379
-1395
45
341
-908
-122
-88
97
270
192
10
-79
55
-411
-59
64
-1040
-566
-2473
-2926
1465
-490
136
2502
-942
1690
1510
-165
2709
1808
645
-919
-801
-737
-1932
-385
-1093
-1189
-293
-311
1364
1301
323
845
1162
457
-206
925
5
-1768
-1110
-3390
-1853
221
-2205
1878
1335
-639
3274
1281
909
2239
983
10
-1222
-1350
-2194
-1336
-62
-906
550
1042
202
1712
1036
139
1135
619
135
-119
-111
-1281
-1555
-2709
-3813
362
-1434
-844
3242
-252
1767
2362
92
1892
567
-283
-219
238
-134
-924
281
-1546
-1491
799
-200
839
1291
68
1093
639
599
1258
1009
-817
-1875
-1047
-4487
-2061
408
-2945
1524
188
-1428
3744
1542
1458
2645
624
614
673
12
-1410
-933
-1173
-2628
-786
-675
-277
2103
833
1055
2003
1148
1202
521
116
-1395
-1365
-2333
-3642
-207
-2753
-1482
2189
-1759
1974
3117
661
3376
1284
-234
281
4
-262
-721
214
-1119
-1150
-316
-1792
225
1039
555
1949
1034
798
163
-368
-647
-1126
-380
-2969
-666
-182
-3733
1027
-691
-1306
3038
340
2246
3283
818
1397
1141
-139
-1323
-826
-2018
-2070
207
-524
491
1003
-186
1150
1336
1248
1305
656
-326
-1296
-1181
-3840
-2996
-765
-3047
484
970
-815
2938
1520
1435
3283
1338
879
900
-192
-1148
-342
-745
-1518
-96
-724
-677
356
-176
387
469
661
992
635
677
-818
-933
-2041
-2605
-74
-2412
-986
1417
-612
2480
2030
646
2345
646
259
748
300
-598
-439
-363
-1395
-688
-1171
-804
449
36
1063
1210
743
675
86
-521
-1491
-694
-1667
-1828
885
-1260
-600
781
-1672
1296
1640
419
3401
3058
1551
842
-567
-1651
-1096
-1114
-1849
-501
-1034
-1366
-67
55
833
953
984
1519
1367
260
-315
-655
-2160
-1104
-1996
-2628
647
-400
171
1519
134
1754
1588
1118
1361
-12
245
547
196
-1063
-1814
-813
-553
614
766
-491
643
856
293
614
492
383
-29
-944
-2721
-1983
-1090
-2339
170
767
-286
1511
491
436
1814
951
1326
1991
965
-506
-656
-744
-1250
-388
-955
-615
758
-264
619
838
129
427
3
436
59
-6
-1828
-1671
340
-2800
-793
-278
-2365
2202
1164
344
2833
935
766
1400
767
383
-213
-769
-915
-423
-763
-808
89
134
235
126
151
581
655
704
-76
-362
-2136
-2086
516
-1896
-496
975
-1992
927
1228
666
2598
495
196
1473
940
-212
-103
-310
-1179
-459
-690
145
526
-403
264
-85
-72
-59
-156
-146
-414
-654
-1726
284
-286
-1705
848
-732
620
2258
-224
847
162
-90
663
463
1033
82
607
-451
-1234
24
-395
558
405
62
-34
-421
286
-45
356
268
-180
-1741
-1814
-356
-2142
821
1393
-1216
1487
111
165
1479
-333
327
-104
211
570
196
420
-396
550
-25
-242
1076
-84
-73
-26
-350
-57
56
20
-669
-783
-1985
-1134
-353
-1667
896
488
123
2306
247
663
1135
-394
-251
145
1059
385
389
-23
-931
513
-369
-764
159
86
549
458
410
-158
-104
-254
-1527
-1814
-1546
-204
-1243
-820
1642
55
1155
1536
-264
772
424
205
141
500
601
-418
225
11
363
538
-272
343
234
-187
-66
383
52
-213
-496
-1237
-1398
-2532
-1192
-955
-1403
1718
566
1006
2316
-115
1088
864
322
925
179
654
-295
-34
-299
-978
1133
60
-849
-17
-138
-46
-280
308
177
-35
32
-514
-946
-1958
-1625
-1728
-1159
704
780
1498
1356
928
947
407
1072
816
599
867
154
-174
-472
-721
-145
-20
-461
-56
-15
-658
-728
-108
-225
-669
-1193
-2566
-1077
439
523
1868
1105
660
1314
908
54
-498
44
-414
-214
458
-85
715
1149
455
801
967
-369
-1391
-1075
-1131
-941
-176
-564
-928
-1458
-1210
-43
-581
526
1409
660
1624
1110
130
63
301
795
186
420
588
600
791
-330
-279
219
-298
-937
-714
329
-373
-983
-1014
-1888
-2201
-1835
-85
312
390
1975
1227
830
947
361
336
-31
319
644
1233
1420
377
131
-171
-531
-349
215
55
-682
-254
-531
-961
-748
-1076
-1476
-2425
-1046
796
-48
1219
1790
275
462
598
91
-374
539
713
-219
1074
1641
891
665
668
167
-753
-461
-717
-1470
-1061
-737
-535
-352
-166
-614
-1640
-1350
-757
22
1580
1861
1238
812
742
479
-394
-457
-157
158
665
918
865
27
-163
226
263
340
-42
-440
-1163
-956
-246
-962
-1264
-1872
-1410
-368
-827
513
1412
1220
1304
961
1070
338
226
187
-474
205
575
708
1034
1113
511
-121
-104
-693
-998
-1171
-1409
-1158
-697
-142
-1247
-1713
-102
-163
-554
428
1219
1422
1145
1242
735
52
443
279
264
446
555
889
393
-79
-488
-381
-198
-728
-419
-305
-504
-1055
-1580
-1469
-2123
-650
1064
536
1175
1211
422
143
440
1126
643
360
-68
-236
374
224
490
313
-350
-201
402
1025
732
154
-487
-1101
-1292
-1518
-1452
-1390
-1121
-311
-86
-369
236
1569
1879
1009
175
-94
309
835
610
250
253
-123
-193
338
250
-346
-245
782
1021
40
-616
-983
-1321
-1073
-826
-656
-145
-487
-979
-382
30
102
379
911
1053
699
657
394
353
642
551
421
139
320
546
19
-92
9
-288
-581
-602
-453
-558
-766
-861
-734
-549
-253
-297
-1019
-801
-376
-8
1054
1213
1440
1804
1259
520
3
312
448
406
368
-315
-396
-147
134
399
92
83
-524
-1825
-2046
-1990
-1626
-461
-302
-655
-51
562
948
1417
1129
465
370
358
65
228
1047
1358
1070
599
80
35
126
274
-174
-982
-715
-395
-557
-705
-841
-1192
-1446
-1087
-963
-496
417
747
820
564
679
798
179
55
253
840
1711
1623
979
491
281
-185
-647
-377
-306
-708
-999
-1072
-1222
-1171
-950
-1027
-411
-18
-397
-208
-406
-346
603
824
1071
1398
847
586
864
1211
1160
450
278
418
127
-42
205
137
-595
-567
-325
-867
-1284
-1635
-1698
-1299
-953
-887
-691
-8
200
-22
241
901
1323
1196
1117
908
741
1236
1031
602
975
665
-43
-203
92
390
44
-510
-1146
-1675
-1837
-2059
-1956
-1136
-209
-73
-326
-40
314
245
199
337
793
1557
1612
1338
1449
1306
977
305
-136
164
-3
-609
-709
-91
349
-23
-511
-669
-987
-1600
-1800
-1697
-1442
-1122
-817
-217
51
289
839
1300
1580
1151
693
839
1156
1514
1228
380
229
383
125
9
77
197
75
-429
-805
-1115
-1340
-1221
-1195
-1421
-1292
-1085
-796
-201
-96
324
894
446
265
398
529
1282
1522
1270
1352
1118
545
236
523
588
138
-92
-583
-775
-354
-565
-1141
-1494
-1356
-780
-906
-1168
-844
-1167
-1144
-254
435
1229
1271
1012
1354
1314
1209
1248
1219
1172
583
-127
-339
-633
-402
94
-342
-477
-507
-546
-280
-912
-1403
-1149
-619
-38
-39
-402
-799
-818
-304
487
936
670
379
22
228
1274
1729
1960
1573
500
176
-194
-157
174
-160
-196
-58
12
-579
-1230
-1057
-1229
-1475
-1459
-1329
-1135
-1218
-941
73
925
1519
1925
1263
477
-39
-230
599
1262
1639
1533
698
501
509
-60
-168
-7
-430
-547
-539
-910
-1118
-1037
-890
-1285
-1788
-1502
-738
-295
38
307
479
1053
1100
661
279
227
637
768
1077
1271
1349
1225
476
428
318
-150
77
6
-732
-1187
-1277
-1545
-1523
-935
-677
-956
-998
-742
-347
117
339
587
639
586
699
655
864
1027
781
778
914
471
90
-50
-640
-475
34
-93
15
14
288
613
-346
-835
-266
-821
-1689
-1368
-868
-672
-378
42
114
-4
339
750
842
818
834
749
410
57
279
830
807
761
779
520
565
111
-685
-802
-985
-1094
-895
-757
-690
-1051
-1178
-841
-748
-676
-400
-25
265
333
494
1057
1315
1395
1468
907
811
606
15
158
471
924
665
-96
-659
-1100
-926
-953
-723
-506
-790
-887
-1134
-791
-614
-704
-182
-135
130
554
491
655
759
1093
1673
1651
1186
785
351
-415
-577
-45
42
-130
-759
-1133
-342
111
383
439
-440
-855
-1380
-1893
-1153
-967
-1100
-218
484
635
744
813
885
1259
1285
688
612
540
203
336
197
13
264
262
-29
-225
-150
-192
-208
61
-172
-740
-1283
-1751
-1698
-960
75
362
233
234
315
384
-238
-123
588
638
763
552
794
1120
752
718
554
481
193
56
239
-505
-790
-530
-530
-737
-1192
-1202
-1355
-1543
-607
136
-156
-46
83
-72
124
247
736
1344
1251
611
535
795
436
751
1096
547
155
79
-243
-542
-13
325
80
-501
-1063
-1179
-1182
-1119
-1603
-1140
-264
-353
-31
-402
-428
150
412
1570
1706
1005
947
881
765
363
290
621
456
139
208
597
561
-161
-748
-1313
-1771
-1692
-1246
-528
-666
-1144
-1032
-868
25
834
777
932
956
687
1126
1196
183
-143
48
493
1108
874
836
641
-307
-714
-674
-211
329
82
-172
-664
-1826
-1979
-1089
-811
-1008
-818
-678
-355
413
794
1302
1466
954
1028
828
366
765
976
723
624
215
-186
-432
-702
-554
-474
-512
-155
484
466
-436
-1218
-1215
-634
-1000
-1295
-696
-696
-480
179
1091
1580
897
276
8
69
451
1410
2180
1584
726
94
-211
-518
-954
-626
-409
-344
-48
-333
-569
-376
-307
-927
-1724
-1459
-1008
-979
-646
437
1635
1588
754
99
326
1250
1539
1286
962
593
129
-187
-296
-529
-377
-5
102
-68
-584
-825
-981
-1249
-887
-1011
-1698
-1179
-167
523
797
790
1266
1302
701
249
161
510
432
351
572
598
664
20
-235
220
-101
-26
-46
-579
-568
-458
-482
-1133
-1531
-1818
-2181
-589
771
878
1341
1310
1130
861
459
172
-97
454
311
-8
719
722
720
214
-469
43
-87
-406
-475
-323
-743
-1213
-87
-597
-1477
-1781
-2082
-111
576
617
1358
1265
1518
414
-3
705
260
249
-59
336
1149
474
275
562
560
118
-177
112
-320
-915
-1266
-1145
-947
-1509
-1810
-1968
-767
727
758
1398
1405
1142
569
-642
439
689
-191
255
612
948
654
783
1174
549
5
-849
-933
-747
-898
-297
-67
-281
-1169
-2027
-2039
-947
336
-277
10
849
870
1477
646
168
972
967
1235
1401
1042
691
358
615
656
-537
-1371
-1322
-1605
-1639
-1177
-330
86
-690
-707
-801
-1224
71
464
260
934
284
-42
67
-128
779
1159
1037
1094
1461
1604
429
191
148
-48
517
-431
-1520
-1366
-861
-1028
-1079
-514
-952
-926
-1499
-1250
959
843
1015
1336
435
-139
-601
752
591
-333
588
793
1482
853
20
606
-336
-327
557
828
454
-503
-455
-757
-1150
-1453
-2171
-2267
-1729
-413
-67
532
1914
1688
1567
992
598
1069
340
71
-353
-372
483
-201
-326
2
476
1084
-202
-455
84
-443
-397
-740
-1101
-947
-1705
-2145
-957
-5
-60
527
1525
1908
1457
1140
883
178
348
-65
-276
531
244
467
568
428
822
212
-753
-1394
-885
-614
-1201
-1186
-972
-752
-1488
-1295
122
300
476
493
796
1541
1319
1242
598
-293
256
609
605
558
72
400
698
-56
-453
-162
-191
-645
-1241
-1526
-942
-686
-638
-620
-1045
-314
29
-441
11
270
709
1374
1519
1340
655
593
707
-235
-269
630
699
662
670
464
33
-875
-1242
-1069
-1143
-1255
-1108
-474
95
-105
-322
-318
-819
-708
6
104
558
868
656
923
958
962
1046
781
920
1107
367
-742
-742
-344
-669
-793
-1084
-1447
-851
-93
279
382
386
-16
-485
-306
-512
-401
319
303
415
453
338
780
603
39
156
374
141
123
257
-221
-320
188
167
58
-176
-923
-1005
-579
-527
-410
-83
-24
-162
17
297
490
523
281
255
223
160
432
500
89
-101
419
542
128
446
600
31
-519
-1444
-1823
-953
-294
11
361
305
-117
-15
616
452
117
303
-5
-464
-222
425
464
-102
-560
-505
76
-41
-209
503
1087
1339
576
-498
-987
-1427
-934
109
927
953
136
-210
-636
-481
368
526
831
167
-1030
-703
-283
-180
216
730
528
-219
-232
-140
-38
180
-130
-383
112
429
-29
-167
-308
-160
416
139
-136
-155
-155
-114
-324
-124
493
349
-222
288
683
329
84
-225
-126
110
-366
-900
-425
-77
-131
271
136
110
540
762
730
108
-366
-374
-456
-569
-358
-288
-525
-746
-494
516
788
652
1123
1247
844
348
-219
-836
-767
-585
-648
-463
-294
252
266
-40
197
233
247
-191
-548
-488
-523
218
611
270
233
53
253
448
-36
-281
-323
-356
-299
127
403
8
137
358
219
414
289
-235
-401
-471
-584
-248
-164
-323
123
668
614
178
186
117
-89
-14
-372
-422
-136
-182
111
193
-161
326
809
357
-34
-175
-109
-202
-207
-78
-507
-560
-698
-604
98
0
229
640
627
681
227
34
75
-124
-64
-26
154
38
-452
-408
-350
142
718
498
513
347
205
-28
-683
-527
-376
-519
-614
-508
-314
-179
668
781
384
301
-160
-56
36
-44
95
13
69
-51
-117
222
132
-459
42
760
65
122
281
-422
-241
-246
-624
-599
-226
444
588
389
170
26
277
220
-441
-726
-453
40
482
253
-6
-229
-504
121
644
50
-489
-48
104
13
479
241
83
360
76
-128
-405
-510
-244
-165
146
354
90
51
233
-102
-558
-187
47
57
468
230
156
144
-512
-457
-138
218
177
132
994
524
-373
-323
-492
-510
-193
180
-296
-734
-85
184
288
502
588
610
158
-644
-1176
-733
-241
24
541
387
53
609
1081
229
-669
-780
-156
1192
1029
-247
-678
-751
-304
579
564
-217
-564
-460
140
353
-250
-332
-177
236
463
99
407
604
144
-131
-401
-466
-241
-639
-813
-213
12
322
908
772
-151
-492
11
-69
-250
-133
-525
-505
201
489
685
488
27
230
120
-19
-91
-271
51
181
203
-100
-427
-159
120
320
55
-59
461
156
-847
-664
-135
-351
86
475
69
-127
31
211
32
-59
75
18
-65
-297
-456
-84
226
367
898
958
-13
-546
-159
-99
-91
352
328
54
188
44
-663
-777
-380
-528
-675
-336
-83
216
603
448
330
232
101
141
-558
-472
768
1113
569
-179
-643
-832
-631
-66
190
83
-246
-193
295
202
173
759
810
465
115
49
84
-471
-184
178
-745
-1083
-891
-667
323
901
602
394
127
25
-33
-469
-511
-357
-406
-272
-45
21
367
806
602
336
186
-134
-280
-346
-450
-162
448
715
334
6
110
-187
44
628
-157
-836
-620
-324
-349
-200
436
215
107
746
558
-176
-621
-398
39
40
6
-92
-154
-43
15
105
-39
25
436
571
375
-280
-688
-583
-361
189
590
548
297
-247
-354
37
-354
-359
268
165
105
-143
-324
-86
184
348
133
463
8
-625
-172
-539
-332
226
174
159
1
728
816
100
-179
-796
-582
167
199
31
-76
-260
-286
138
224
88
293
97
-124
213
300
230
-45
-662
-635
-382
4
447
293
168
82
149
154
-53
-9
4
201
284
-76
-299
-73
7
-549
-1037
-1008
20
1235
989
446
225
-159
17
141
95
-233
-1254
-1111
-198
461
918
756
560
278
111
-415
-992
-457
144
379
103
162
618
729
739
-256
-1118
-1339
-1164
53
971
1275
898
-177
-910
-1065
-579
622
1185
504
40
-409
-532
-329
-709
-398
327
706
474
34
-162
-565
-140
541
724
353
-519
-881
-926
-470
28
537
1211
844
564
602
136
-115
-532
-955
-745
-504
-360
-310
-44
679
860
407
121
8
-92
-221
-477
-384
-182
19
594
467
273
164
-449
-373
-289
-40
223
-251
-77
58
-55
167
97
190
303
363
208
-514
-377
342
628
298
-633
-750
-443
-286
-80
-63
649
1267
895
-82
-1093
-1172
-866
-88
1025
497
-544
-546
-528
-125
518
719
587
25
33
416
768
996
235
-659
-1274
-980
348
524
-114
-548
-826
-189
651
672
254
-113
-254
-473
-414
-77
-414
-202
515
238
211
592
1762
2582
327
-1768
-1961
-1862
-1345
-425
373
479
965
1091
103
-108
80
-212
-663
-288
401
202
90
-33
-70
393
172
122
526
293
459
-36
-1316
-1018
-316
-1
266
193
206
367
355
12
-93
279
777
332
-981
-1102
-417
-141
175
377
106
69
131
-264
-224
-37
-208
-100
-63
147
719
437
-62
274
270
-20
54
-98
-250
-135
-135
-625
-766
-289
48
1192
1394
-330
-916
-515
-162
45
239
349
-328
-138
609
324
71
52
-221
-326
-20
324
342
373
891
588
-681
-1314
-1175
-232
334
301
180
-752
-753
446
742
-70
-316
486
610
267
263
13
-221
-71
-48
-52
22
12
223
-152
-407
17
-182
-59
20
-502
-592
-568
-71
324
436
717
168
101
434
310
581
326
105
-113
-876
-799
-310
4
201
481
504
84
-502
-967
-295
-154
-179
610
280
131
318
281
205
-288
-333
-21
288
-550
-723
566
331
187
287
267
539
-416
-1086
-831
94
523
305
517
-101
381
871
-203
-21
122
131
125
-571
-356
-163
-329
-705
-901
-82
-21
-75
567
349
83
-99
-204
458
449
229
367
162
213
15
-331
-229
-79
137
405
528
-63
-607
-404
-406
-286
6
-194
-220
-107
-307
-241
115
344
398
398
112
-72
499
479
-88
-42
188
191
-208
-434
-476
-329
-3
-13
170
211
384
357
-399
-438
-245
-51
210
194
504
663
362
-440
-981
-681
-591
-402
272
796
885
557
191
-273
-728
-708
-310
439
712
352
218
-160
-266
-160
-668
-706
-170
429
814
899
682
-119
-738
-771
-422
57
290
-65
-426
-76
1
59
259
-12
120
462
501
173
-238
-335
-381
-12
108
-243
13
241
226
225
154
236
-271
-663
-263
-202
117
377
38
319
425
145
-68
-631
-471
49
119
286
117
-83
83
280
297
-59
-387
-596
-443
-173
-133
203
360
191
30
58
40
-126
98
108
180
445
213
168
196
-89
-59
271
108
-270
-434
-637
-725
-793
-513
343
831
545
356
100
-678
-673
-299
-263
-88
-68
260
623
477
221
105
309
433
688
793
318
307
311
-23
-135
-444
-557
-422
-393
-129
-198
-529
-549
-857
-1292
-1400
-1242
-603
2
379
1036
1408
1215
1323
1659
1497
1432
1266
422
102
-26
-290
-69
-401
-1162
-1398
-1028
-1007
-1560
-1531
-1742
-2118
-2228
-1870
135
1915
2569
2534
1795
1412
1297
1219
840
647
966
583
-354
-781
-302
150
381
553
241
-458
-1494
-1996
-1835
-1572
-1557
-1928
-1858
-1337
-368
850
1599
1720
1615
2213
2309
1485
1138
533
128
282
72
-72
-242
-46
-51
-648
-567
-749
-1068
-1077
-1054
-210
-59
-1082
-2081
-2494
-1310
212
1011
1682
1694
1309
966
829
900
792
1157
1095
425
219
-112
198
514
0
-293
-858
-1235
-1311
-1293
-628
-358
-1018
-1855
-1773
-864
-276
26
934
2018
1816
1047
974
1148
993
845
1011
535
-428
-610
-479
-194
550
526
365
208
-1120
-1616
-1482
-1351
-761
-1128
-1215
-1210
-1355
-396
302
1306
2212
1647
810
500
970
1295
1180
1145
693
123
-266
-440
-374
-459
-546
-397
-145
-350
-1141
-1458
-1018
-887
-1351
-1617
-1508
-944
124
996
1660
1940
1686
1381
1123
1346
1329
937
821
33
-407
-273
-669
-578
-419
-546
-358
-376
-631
-631
-392
-503
-1118
-1648
-1736
-1708
-1003
307
1074
1897
1975
1139
1001
1120
1382
1354
875
437
-383
-1081
-1043
-447
-183
-113
187
109
-209
-668
-693
-423
-574
-1134
-2074
-1796
-1088
-775
786
1957
2225
1905
1062
723
11
402
1176
559
392
-66
-481
-484
-450
53
-27
136
79
-699
-997
-947
-547
-481
-1037
-1863
-2081
-1555
-740
843
1915
2375
2082
891
980
1361
1172
1166
1029
483
-767
-1463
-1264
-408
626
251
10
250
-313
-678
-761
-967
-1128
-1177
-1709
-2244
-1822
-1122
58
1401
2103
2199
1833
1389
694
1215
2114
858
-57
-322
-1072
-916
-525
-66
246
283
366
-19
-374
-1111
-1299
-900
-1227
-1286
-1711
-2242
-1482
298
1703
2316
2349
845
78
473
972
2615
2934
1590
-175
-1627
-1284
-901
-733
-577
-760
-363
-827
-1588
-1076
-68
674
758
163
-864
-1191
-1451
-1384
-140
797
1768
1607
509
108
466
1905
1665
1150
1811
461
-1447
-2051
-1040
423
373
-229
-800
-1124
-877
-243
374
217
-16
-502
-1613
-2096
-1828
-801
-191
528
2233
1873
771
392
555
1888
1738
1452
1224
-530
-992
-631
1
603
170
-143
-435
-393
-377
-599
-863
-1722
-1751
-1541
-1488
-1529
-1830
-570
825
2063
2454
1370
1760
1507
839
1258
731
504
202
-827
-1579
-1062
368
737
1017
768
-250
-488
-921
-834
-497
-1224
-1090
-795
-2018
-2567
-1409
-174
964
2404
2436
1569
1676
1214
777
1720
1435
-260
-1058
-1296
-1446
-916
-229
307
785
615
196
399
-27
-858
-992
-1509
-1562
-1739
-2301
-1870
-984
1016
2282
2593
2493
1278
818
174
523
1146
405
236
-747
-1065
-782
-703
388
167
-120
36
-104
509
97
-491
-185
-226
-571
-1525
-1774
-1683
-1738
-39
1085
1654
2073
754
444
955
998
1159
1111
541
-246
-319
-682
-962
-353
-187
-266
-79
-122
-241
-141
-444
-649
-444
-442
-791
-1125
-1322
-1694
-393
1090
1330
2119
1645
877
575
136
907
1285
1049
327
-629
-916
-1153
-954
-594
169
811
173
-159
129
-143
-639
-476
-415
-1246
-1903
-1862
-1570
-672
482
1490
2579
2294
1458
1287
644
183
396
1002
791
-648
-1313
-912
-708
-844
-530
137
209
-506
-100
755
72
-565
-1024
-1232
-1473
-1978
-1716
-876
831
1719
2357
3041
2016
935
147
113
250
228
418
-391
-1181
-1868
-1109
771
976
923
929
263
-427
-859
-1045
-754
-540
-1374
-1780
-1758
-2410
-1540
1046
2439
2935
3320
2282
748
-163
-542
-456
-322
-362
-714
-534
-318
-579
642
1928
1615
879
-803
-1697
-1138
-1495
-964
-87
-295
-236
-1006
-1671
-1697
-577
1911
2607
2565
1537
-363
-509
-563
147
1275
1340
1279
186
-1289
-1419
-564
-158
78
627
671
-239
-1488
-1301
-600
-94
508
539
-198
-2058
-2364
-1471
-1245
205
1616
2360
2386
1371
787
738
1524
1773
1127
866
-243
-1661
-2116
-1731
-1272
-956
-220
-86
43
572
110
140
909
337
-450
-841
-1902
-2353
-2068
-1105
562
1702
2389
2153
1468
574
279
1343
1613
1497
694
-652
-1221
-1913
-1870
-1031
-314
-236
-213
380
733
853
539
246
-19
-694
-1599
-2347
-2514
-2049
-357
1150
1997
2012
961
961
712
570
1533
1565
943
-86
-720
-980
-1367
-812
33
645
693
-228
-926
-363
73
180
682
-74
-1007
-1581
-2216
-1816
-1308
-161
1296
2160
1994
593
120
188
1099
1915
952
668
31
-1043
-1001
-883
-386
268
268
-468
-793
-556
-672
-212
759
1146
746
298
-839
-2320
-2065
-1598
-854
619
1178
1116
351
241
824
1287
2341
2153
1162
63
-1272
-1328
-966
-622
-383
-216
184
-44
-552
-763
14
692
425
575
443
-597
-2258
-3028
-2096
-637
993
1781
1899
1491
538
108
126
989
1594
1251
569
-520
-829
-699
-873
-701
92
243
-663
-522
-105
33
644
953
1234
672
-590
-1890
-2911
-2792
-2481
-1009
821
1595
2144
1252
967
1644
1608
1977
1388
250
-813
-1248
-670
-1520
-1413
-273
56
870
835
479
-71
-30
768
-389
-377
901
74
-1571
-3347
-3991
-1746
442
547
1747
3241
2246
966
456
148
516
858
231
-580
-471
-348
-1116
-1104
-423
144
964
685
472
932
582
-155
-392
-15
-671
-1518
-1975
-2644
-1712
-16
698
1027
1997
1713
12
-352
-235
996
2460
1230
138
494
-359
-1955
-1518
-151
207
687
752
-73
-68
709
478
-87
-81
-1234
-2467
-2436
-1805
-1209
-1157
419
1818
1659
2078
1213
500
659
264
1099
1448
973
262
-691
-498
-781
-975
-143
131
-658
-731
1150
1234
10
-547
-1459
-1068
-987
-1364
-1059
-994
-608
-573
144
693
139
237
818
2081
2416
2175
2183
593
-630
-996
-1713
-1502
271
1948
1171
-385
-959
-1800
-1663
-106
1193
1954
1500
248
-1325
-3103
-3368
-2787
-1860
16
1142
1617
2026
1546
1155
1424
1442
1151
710
-126
-862
-732
44
-86
-1027
-803
-516
-569
302
992
1507
1278
-124
-608
-549
-1310
-2099
-1857
-1211
-654
355
585
-39
410
963
954
1592
1660
1068
1000
246
-89
934
534
-674
-692
-614
-1061
-1397
-603
271
96
-259
-878
-847
-914
-2203
-1919
-225
910
1641
1833
1436
470
-338
173
819
842
1260
970
-48
-154
309
600
552
530
-453
-1582
-1112
-796
-325
-399
-1557
-1114
-391
-616
-799
-394
297
232
135
689
1202
790
365
603
775
1099
1009
771
736
191
-100
-182
-401
-523
-1021
-1378
-1043
-438
37
52
134
207
-348
-1006
-694
144
-267
-449
-125
-436
40
343
196
-90
-32
2161
3442
1549
178
832
537
-908
-740
410
-334
-1628
-1195
-1137
-2646
-2455
1152
2531
-390
-934
2120
2118
-1069
-838
664
-935
-3219
-1871
1520
1283
252
426
1020
1760
1443
1710
1250
577
-108
-652
247
-1055
-2856
-2632
-2033
-1479
-883
819
3175
3674
1304
-1394
-821
1096
-67
-1647
-1679
-959
-124
-1271
-208
2090
882
456
1666
1697
637
-329
-408
-430
-1675
-1518
754
-71
-1461
17
705
554
532
456
212
-228
92
361
439
525
249
-287
-1664
-1577
-130
-428
-774
-479
-410
120
972
1407
693
-232
194
1021
714
-144
-304
796
1011
-308
-390
-217
-234
605
757
-99
-1087
-1799
-1971
-990
313
737
402
-246
-154
356
347
700
1324
66
-1590
-1499
-353
1431
1445
727
1178
785
-3
-718
-653
-199
-353
-277
-788
-486
641
-111
-1098
-568
131
481
1212
1379
472
-529
-1178
-1210
-1346
-1256
-665
-402
904
2393
2098
1154
377
213
77
-639
-466
-106
-706
-761
-137
266
44
-338
-16
93
-180
-143
647
1241
448
-62
-496
-996
-535
-374
-795
-683
749
1028
-418
-256
149
-421
-260
-24
453
1242
754
467
642
331
414
-358
-1253
-1107
-704
-390
-400
135
-122
-616
155
271
354
633
458
557
462
4
-24
138
-582
-1038
-332
243
434
685
612
-238
-489
186
353
556
358
-489
-546
-544
-597
-240
-222
-312
-186
-14
188
622
1068
1104
718
-114
-772
-907
-836
-197
56
-1369
-1357
1269
1501
82
1338
2071
-34
-1466
-956
-587
-886
-1127
-837
320
531
245
1233
825
-196
716
1393
606
-880
-882
572
112
-1212
-1367
-769
195
397
7
-261
1449
3007
-360
-2929
-1299
-276
-795
-1071
609
2245
1603
545
106
218
-291
-1816
-547
1521
-63
-268
1269
603
-1812
-2630
650
2033
761
-335
-658
73
-1389
-550
1127
145
739
278
-236
-394
-858
657
405
-446
292
127
-9
-200
-604
-128
-730
-677
687
534
643
458
301
297
-963
628
2435
847
-154
-114
-721
-1579
-1260
-175
-611
-854
385
482
217
-521
-1214
890
1746
193
-1068
-985
-122
-963
-113
1807
1102
657
830
663
-390
-1022
-170
123
326
-207
-467
420
-5
-56
-357
-1168
-83
366
181
471
119
-237
-417
65
498
-312
-637
-554
-972
30
1425
1295
1028
712
770
464
-1211
-1849
-1564
-1149
-1026
-915
888
2356
2030
1136
407
43
-525
-1301
-1043
-172
-23
369
436
-287
-437
-382
116
722
701
358
-102
-309
-661
-887
-1061
-803
672
1372
1258
769
149
432
-474
-1091
-530
-701
115
-97
-863
187
262
424
795
541
1009
388
-735
-742
-664
-543
-197
549
846
-308
-872
-125
-88
-506
105
1111
1751
1340
195
34
-1040
-2363
-1326
-359
272
850
1073
781
-345
-6
113
-812
-404
12
84
258
-218
-942
-768
533
1064
231
334
880
-221
-1065
11
295
-1018
-53
2470
2413
49
-1701
-1307
-781
194
916
-1219
-2044
-1540
-1321
1035
2079
1496
2055
2119
923
-1295
-2386
-1938
-820
1095
444
-1065
-472
-897
-1437
1086
3620
1878
-8
531
-394
-1237
-604
-956
-1393
-812
58
510
-513
131
2534
1823
800
496
-485
-766
-1308
-686
318
-745
-1829
-1438
-360
530
1016
1653
1389
-460
-209
876
132
-727
-827
1032
1265
-567
-1093
-1257
-143
1038
731
-426
-1390
-1311
-761
1434
2691
1081
301
128
-874
-750
33
-211
-187
142
-203
-555
-652
-785
-198
1365
1628
628
13
-631
-1097
-614
367
177
9
586
-362
-1495
-835
1101
1095
-608
286
1149
558
-335
-1364
-676
-604
-926
-4
898
1571
828
-31
-396
-410
591
624
-33
-85
658
415
-1244
-1519
-900
-90
214
270
1184
622
-477
-411
129
791
602
84
-106
-119
-726
-940
176
-205
-910
-436
-748
-894
-293
333
452
495
1368
1790
1234
736
997
1078
365
15
-32
46
-487
-1533
-1195
-614
-629
-765
-1723
-2899
-3055
-871
1877
1516
-180
189
1959
2173
1468
1739
960
-70
-83
-232
-401
-495
173
349
-25
359
182
91
82
-214
-303
-1088
-1386
-666
-493
-1214
-2133
-1943
-169
1812
2335
1440
418
39
614
917
318
115
241
687
415
-901
-1513
-1430
-542
61
329
1472
1662
685
123
-24
76
215
-210
-217
-672
-2081
-2533
-2853
-1282
2390
3230
787
-603
738
1890
1653
688
-646
-2018
-1757
-329
-632
-1523
-1676
923
3113
1333
1122
1555
313
-1199
-1160
1124
601
-624
-205
-1157
-1617
-2031
-2131
-377
953
1201
542
454
976
958
1783
1598
-603
-1557
-567
46
434
510
-267
-483
-1140
-603
-8
-1034
-288
838
1779
1156
452
1354
537
-51
-1378
-2470
-2160
-2950
-1137
2385
1752
-912
500
2535
1494
432
117
591
1020
184
-841
-853
-1652
-2061
-404
-125
-40
609
39
119
1243
1528
905
731
715
-351
-837
137
-1972
-4684
-2509
713
1538
126
-49
2049
3016
2171
754
-276
-870
-527
-548
-1095
-1341
-773
980
51
-1123
83
295
649
853
478
565
274
662
1225
620
-36
-499
-1691
-3314
-3542
-2039
-123
1520
2029
1683
2539
3137
885
-826
-1005
-1475
-946
-1126
-1520
-398
545
1048
727
562
1407
1764
881
-324
-681
-384
-80
-305
-869
-1275
-1063
-1375
-2647
-2166
961
3311
1359
-713
872
2505
1584
-774
-1466
-906
-771
-488
510
1460
641
308
410
-842
-1123
-462
-13
-94
-18
1025
1646
961
-196
-314
-71
-200
-528
-1723
-2291
-2147
-1310
996
1694
933
945
1797
2485
530
-1494
-1167
-1200
-1035
-218
197
1192
1264
475
759
504
-243
-294
-365
-1185
-1299
-333
201
1029
514
-306
-424
-1976
-1670
-1048
-1054
1376
3196
2350
724
1572
2172
-750
-2621
-2002
-1035
-940
-1553
-948
283
1035
1993
2183
1442
418
-1301
-1800
-484
437
-181
-891
756
2682
1308
-926
-306
110
-1761
-2872
-2522
-315
1467
73
-287
1666
2869
1804
-835
-1541
-162
131
-538
-429
81
1114
2155
859
-1155
-1933
-1423
231
746
285
543
973
1279
880
-1248
-2673
-1878
-2084
-3397
-2634
1042
4323
3983
2015
1485
1582
-298
-1754
-1268
-1142
-643
-214
366
1409
954
17
-209
185
278
-518
-892
-502
-358
-334
-60
568
1484
548
-1120
-1525
-2247
-2957
-2335
933
4370
3823
1052
-176
333
-857
-2118
-395
559
-156
355
1269
1216
1209
292
-1314
-1339
-1037
-756
-744
-922
747
1644
1015
1200
1401
862
-1123
-2024
-1320
-1939
-1619
-1529
-1202
2173
3203
929
-510
355
661
-1337
-1266
356
1350
1299
-138
535
1302
-439
-1051
-656
-318
479
674
11
-42
417
-427
138
1529
298
341
450
-1573
-2339
-2612
-2869
-1413
2221
3433
782
99
116
-469
-579
-1193
-31
1191
792
316
-51
65
-432
-691
-53
1113
1832
223
-397
601
144
-738
262
1329
708
457
-996
-2371
-2818
-3976
-53
4842
1705
-2751
-209
3470
741
-3196
-2730
440
2679
1645
308
945
1383
141
-2022
-2048
-562
-264
422
1480
1395
-218
-1024
-100
-466
-624
105
283
325
239
449
856
928
-448
-1855
-1592
-540
650
628
-480
-1851
-1235
1660
1707
42
124
367
377
64
318
699
53
-147
132
605
388
599
155
-1141
313
1334
928
-1327
-3279
-6013
-8855
3544
14444
3970
-5507
-1574
2158
-2028
-6020
-4605
2338
9131
5686
-1367
-1122
1757
-1939
-5785
-2621
1160
3111
2354
-284
-188
391
-1828
-3256
-446
2363
2434
2399
1270
-781
-1328
-1288
-1021
-755
291
825
-929
-1281
-987
-756
263
416
810
768
343
-366
-742
210
-418
-265
1565
1627
746
-343
-793
-187
508
722
369
199
139
293
-205
-845
-717
-1598
-2138
-3728
-2966
5883
8994
929
-4268
-2566
-457
-1791
-2770
-357
3828
5842
1889
-2278
-1674
-952
-2100
-1958
408
3001
3315
-59
-2770
-2300
-1985
-730
1725
2850
2232
1237
619
-1001
-1412
-1229
-800
1462
1382
-116
-1814
-3108
-4318
-4032
5103
9611
1667
-2806
-1639
-392
-1484
-3559
-1740
3211
5940
2316
-1604
-1063
-1326
-3294
-3135
166
3325
3555
1483
-1416
-2219
-1417
-1832
-748
1930
2678
2073
500
-1123
-1584
-1389
-396
473
859
478
-536
-655
-261
108
468
875
719
-26
-455
-822
-792
-584
95
862
728
553
300
556
66
-594
396
1199
1478
61
-906
-1166
-2709
-4336
-6754
-196
10666
5886
-3399
-2760
404
2
-2698
-2937
2241
8102
5261
-2348
-3207
-1233
-1871
-2395
-1201
2476
4810
1654
-2989
-3673
-1535
-439
206
1894
2929
1726
-511
-2896
-3423
-930
416
1280
1957
1008
851
-706
-2102
-1337
-781
488
1786
2572
2221
400
-898
-1709
-1859
-757
157
495
1048
517
-668
-965
-919
-14
1288
1637
1602
597
-1311
-1271
-376
-844
-1034
-179
698
385
-39
41
-553
-839
-187
609
680
159
-230
-317
-217
-165
499
882
661
1219
874
-191
-826
-794
633
551
-247
-743
-1372
-2644
-5433
909
9616
4178
-2995
-2770
-988
-962
-2328
-1845
2816
6647
2244
-3013
-2486
-1102
-1265
-1297
1040
3704
3182
-982
-4196
-2992
-708
417
956
2145
2722
1055
-1242
-2731
-2065
338
1764
1551
1318
1281
-171
-2347
-2518
-1104
291
1106
1022
989
260
-1333
-2136
-1114
1677
2469
567
-70
46
-843
-1171
-460
624
1531
1419
370
-771
-1194
-1294
-778
487
747
277
364
329
-369
-683
-417
-80
-259
-495
490
1258
625
-387
-694
-801
-263
851
518
356
300
-753
-995
-79
644
603
1038
459
-976
-986
-965
-719
180
548
484
412
362
436
672
361
-647
-811
10
239
401
867
510
-323
-642
-776
-501
60
-23
294
464
223
-160
-1344
-2395
-2661
920
4860
1549
-2331
-747
482
-22
-455
-477
2364
3368
-235
-1863
-882
-771
-1266
-201
1208
1812
1112
-1303
-1685
-1060
-741
552
1271
1335
622
-161
-437
-450
-62
-184
-249
-428
-2550
-2376
3302
4850
-362
-2807
-1495
32
-29
-1190
703
3951
2704
-1128
-2277
-1303
-1013
-1056
173
1685
1791
325
-1103
-636
-104
-254
594
735
-346
-387
7
85
242
-261
-224
302
223
588
101
-482
-498
-927
-329
-251
-293
-166
-102
770
-218
-457
231
-33
568
616
645
388
348
940
21
-298
722
559
24
-360
-2193
-1654
-3327
-5992
5400
12309
70
-6954
-2967
-369
-118
-1239
-34
6224
6212
-2772
-6174
-1462
1351
367
346
1897
3182
508
-4923
-4572
478
2766
1963
1459
931
-758
-2567
-4139
-2377
2216
3644
2436
1094
-370
-1689
-2857
-1972
780
2981
3145
786
-1193
-1928
-2132
-1356
229
2182
2174
936
-433
-1839
-1562
-936
40
1182
1390
1265
-74
-1270
-1046
-553
292
865
692
498
-291
-765
-353
-495
-309
364
618
228
-150
-348
-537
1017
1705
615
264
-1018
-2324
-1557
-262
102
799
941
-205
217
69
-859
444
1743
1308
117
-38
283
-1189
-2431
-1185
623
1536
750
-242
239
11
-138
-419
-242
1043
-47
-565
-508
-1029
-478
-429
950
1199
212
775
142
13
63
-496
-328
-531
-26
135
0
660
154
138
121
-1160
-816
-1721
-2069
3348
4245
-1833
-3047
-648
557
1498
735
855
2820
1257
-1934
-1996
-863
-270
35
-193
163
793
-264
-1548
-1570
-864
998
2200
1372
584
-391
-1220
-816
-217
927
1337
402
43
-430
-1179
-522
513
408
-72
-963
-956
-554
-543
1148
1422
489
405
-203
-78
-170
-809
-92
816
-20
-396
143
-106
328
1167
725
-884
-1064
-4269
-4617
7742
9081
-3134
-5386
-2478
-357
391
-1357
1341
6327
3411
-4144
-4207
2
1121
1300
731
866
1836
-1491
-5489
-3280
1121
2536
2420
1754
777
-129
-2361
-3330
-480
1995
2071
1358
8
-568
-170
-651
-531
622
842
40
-1267
-1744
-1026
-355
-29
888
2223
1533
-341
-1155
-1425
-656
646
1011
1330
1139
-405
-1352
-1021
-402
365
864
769
393
-365
-999
-781
-135
263
338
659
329
-286
58
-591
-925
258
546
371
58
-739
-1055
-291
768
780
-50
-146
667
732
267
-382
-571
406
208
-686
-474
-95
-283
-620
-27
1008
1464
1119
183
-664
-1022
-635
-68
331
602
25
-857
-947
-994
-1031
-119
744
1122
1263
569
-308
-346
-24
-121
296
607
-533
-675
203
116
56
129
169
181
-415
-653
-163
-166
-734
279
1677
1149
900
-150
-1154
-55
-789
-1299
165
292
-669
-516
615
369
417
614
-104
449
566
-4
290
225
-642
-818
-805
-921
-45
235
411
699
40
-82
166
519
942
185
-674
-493
-640
-444
-98
-155
459
138
-56
426
-20
-337
-145
90
165
468
36
-97
1051
585
-363
-227
-217
-405
-348
-279
-591
-256
20
-498
137
1013
169
-335
565
539
-180
-29
-343
-812
-499
-633
-270
647
677
562
364
-25
343
596
-279
-338
502
288
-69
33
-240
-319
-31
-507
-759
-345
-135
674
661
-21
194
-433
-1010
-451
133
451
223
-74
-57
534
846
-37
-101
466
63
-299
84
267
-502
-823
-811
-837
-576
-1108
1159
4031
1601
-623
-835
-977
-461
-1011
-489
1520
1505
-507
-872
120
-786
-708
178
150
948
654
-256
90
68
-419
468
634
-710
-1595
-3115
-894
3695
2440
-607
-1517
-1207
-779
-1510
189
3372
3365
1371
-456
-1114
-1427
-2042
-520
1538
1016
-18
-183
-701
-652
441
927
1085
525
-1037
-1357
-740
-813
-988
-409
774
2047
1657
-732
-1730
-679
32
663
1302
609
65
-28
-1360
-1374
487
974
466
966
2460
2030
-831
-2785
-2683
-615
319
-660
-727
-2335
-2275
2949
4502
1001
-800
-1636
-1274
15
-800
288
2353
1841
1169
224
-64
-387
-1053
59
764
624
-514
-1955
-1166
-163
-217
179
400
-376
-893
-1075
-943
75
1064
1933
2357
1380
-827
-2121
-1200
-531
250
1392
564
597
1315
-7
-280
94
-339
246
603
-530
-1782
-1384
-248
25
-1985
-3395
2120
5217
1120
-409
-1672
-2051
-371
-814
734
2037
1252
911
-420
-709
-105
-6
588
586
463
863
-452
-1914
-1293
-216
1471
1203
-718
-200
-175
-576
-402
-806
-177
558
551
-125
-374
-358
-479
551
680
603
709
-396
-837
-189
327
-192
49
514
273
1055
535
-599
-176
80
-631
-1391
-1551
-1447
230
1971
1436
761
209
-584
-966
-1177
-354
1337
2009
1687
1212
70
-1289
-1418
-577
250
567
-107
-872
-1128
-1214
-619
319
786
263
-702
-1529
-1357
1085
2471
1243
30
-448
121
151
-678
73
652
-240
246
1280
715
151
37
-61
92
417
-193
-1987
-1923
-536
-651
-297
1196
1238
895
550
-1405
-1826
-610
311
1716
1397
-191
-1003
-818
311
-45
-468
482
372
1094
1730
697
1386
346
-2255
-1147
270
287
-387
-1164
-1259
-1752
211
2082
70
-982
-842
-449
841
810
835
671
-932
-976
14
112
476
715
340
610
1187
1209
439
-833
-1502
-954
86
-478
-1114
281
900
360
-3
-664
-1232
-1306
-535
1180
1578
-33
-511
272
648
785
366
-456
-584
120
826
1267
474
-440
-139
-970
-1323
482
1082
6
-299
-399
-685
-89
-246
-1113
-1464
-733
919
1261
861
394
305
773
-450
-1320
-271
540
1114
1021
547
429
-432
-383
358
-325
-642
-487
-699
-66
629
35
-589
-1025
-1368
-316
459
306
767
1187
161
-1159
-650
152
659
986
219
167
767
542
136
140
397
322
-603
-936
-323
-335
33
152
-287
108
-84
-531
-777
-531
179
-221
-58
206
-369
517
950
-17
-305
-654
-485
150
596
1591
1065
292
258
-660
-181
354
-386
-306
289
706
110
-921
-1097
-1068
-841
-34
268
784
1175
-397
-829
-233
-448
-65
-454
-812
366
1423
1346
1125
525
-1130
-1098
-244
-614
-528
670
2278
1897
-800
-2051
-462
111
-792
683
1275
-460
-221
-129
67
528
-1403
476
3482
41
-3794
-2581
532
896
899
1026
456
609
-1518
-1237
1000
204
-39
-453
64
323
-496
121
-1217
-670
1273
179
560
1115
121
-358
412
816
-139
-182
-976
-1074
36
-262
-212
-385
-359
-493
39
1453
529
-199
-59
364
197
-712
196
828
419
48
441
1192
443
-304
-33
-42
-760
-1801
-1542
-79
558
1364
879
-565
-12
687
1145
-199
-2057
-1978
-1407
17
968
953
268
463
771
-479
-889
-673
386
359
-256
214
141
1356
1266
-257
-54
19
-787
-659
440
-139
-75
495
-574
-183
-159
-563
75
-8
695
648
-104
321
138
465
-70
-1265
-635
80
557
-141
180
980
-1112
-1105
989
1333
696
-377
-985
-682
-566
-142
756
417
-279
-692
-484
138
313
828
270
-224
258
439
552
-684
-1122
-76
-574
-945
-553
-260
979
1003
376
931
425
78
69
-178
184
-246
-821
-377
775
762
-306
-402
-105
182
319
-298
-892
-54
321
-476
-286
391
642
289
221
21
-183
388
126
-346
-982
-1187
-725
-439
1017
962
-527
-95
530
437
636
1133
856
-113
-310
-710
-817
609
524
-1723
-2076
640
1356
-856
-1018
484
2160
1444
-1719
-1004
1057
765
506
369
-10
-1121
-1439
-639
-129
999
985
600
584
-1177
-1303
-619
-1394
-1075
507
1857
1252
1574
1842
-1012
-2141
-617
555
-353
-644
815
1753
834
-2537
-1780
1202
1228
790
100
500
-664
-1397
865
130
-1185
54
-406
-1194
715
1008
112
-176
-412
239
-36
2
-432
411
2071
-247
-955
148
258
223
-555
-710
-87
478
271
383
412
33
-652
-1758
-544
1168
1099
173
-131
392
-317
-1326
-1258
-654
413
1124
306
-22
570
1025
1129
-76
-506
-1301
-1255
475
-1136
-1332
1176
1609
924
168
111
-143
-431
-488
-684
246
1258
937
-155
-411
-507
-635
217
214
-361
214
881
-268
-672
883
87
-1159
-73
997
449
-897
-633
472
544
-517
-1187
-599
833
1606
240
-12
-308
-1790
-1178
-176
233
93
329
789
552
667
198
72
432
931
688
-786
-561
-639
-1600
-578
388
411
1214
885
-82
489
-402
-1390
-939
-792
486
1091
73
-451
-477
-156
-24
302
714
-132
-589
-63
556
97
-1184
295
781
300
2867
2268
-193
-1311
-1894
-697
-611
-398
161
-212
-407
-1051
683
1407
-1269
-509
1668
762
-922
-1487
-1015
-507
716
2428
1745
-535
-997
-57
58
-635
-613
314
-751
-2077
388
2351
1067
-342
94
776
118
729
866
-896
-879
196
466
-833
-1244
254
-659
-932
397
-187
33
-227
-178
1751
1134
120
-126
-1207
-2062
-874
2119
1053
-231
1933
1563
210
-1438
-2185
-11
515
-22
-213
-694
-581
-65
1075
1096
-423
-1172
-919
-208
506
569
-19
304
977
526
116
-494
-280
386
-530
-461
386
286
-201
-593
-587
-760
181
1530
1072
231
71
520
355
-1218
-1415
-668
-1296
-735
723
889
-188
-888
974
1303
-176
455
1329
1182
-297
-1434
-809
59
594
437
-242
-421
585
376
-1365
-1436
-188
649
293
-247
-53
99
11
78
949
1246
41
-550
-353
-161
-242
-1601
-1556
432
957
1040
844
443
963
776
-86
-1148
-1751
-789
656
245
-601
595
719
-216
-483
-764
-81
264
914
1549
-302
-1037
-310
-146
757
1002
292
-103
-396
-550
-409
266
-99
-1693
-1290
688
985
67
-298
22
575
-170
-585
735
1302
478
-1561
-1861
288
1339
654
-566
161
449
-179
923
1343
842
-1226
-1919
87
251
-11
-1193
-1704
-229
-117
1389
1861
171
155
-107
1352
1242
-2122
-1423
-507
-144
1264
320
872
921
-1707
-1679
-121
290
721
1038
-129
-1609
-729
359
-52
1156
1616
254
81
-465
-1204
-788
24
-213
-211
583
251
257
157
-585
-691
269
408
-256
670
-55
-799
-71
-511
449
1925
1000
-859
-558
-5
-457
406
602
115
186
-554
-1323
-647
84
-264
-290
758
987
196
373
-457
-1028
32
-346
-536
-203
198
807
254
330
1582
1846
491
-628
-742
-1447
-1735
-188
848
1064
455
-1202
-891
-118
262
748
-114
-188
-382
-570
240
-185
508
887
-713
-437
-241
-420
656
594
-208
-567
141
827
538
547
410
207
-98
-493
-151
327
-286
-547
308
73
8
-194
-572
-223
-840
-483
-110
462
1403
-354
-759
-88
-500
161
279
112
153
-132
96
338
845
777
-334
-107
632
-273
-499
676
316
0
464
-314
-86
-176
-1548
-910
-522
-510
695
692
-246
-1106
-245
1097
487
1148
1080
-1294
-1416
-20
915
1038
81
-665
-613
-820
-480
1194
1144
271
1198
1781
195
-1993
-1716
-898
-1503
-287
1203
331
-7
-77
-397
737
948
111
-605
-531
472
-699
-1069
-118
-752
770
1862
1532
2784
715
-2163
-1997
-1064
1276
254
-2482
-441
966
-106
-549
480
1712
963
524
309
-1101
-1919
-2413
-1111
1559
1096
677
987
-930
-379
1238
384
-338
-193
831
1333
77
-1244
-1773
-1371
244
1236
904
599
301
291
421
98
-597
-980
-1130
-1581
-314
1064
306
333
607
197
323
-103
-187
-59
-813
-1131
-448
1528
1718
-264
47
770
-580
-1554
-662
344
345
596
1063
631
-9
-265
-990
-700
210
713
1176
-75
-229
-45
-1378
-540
177
416
764
-101
110
-90
-896
-1179
-1415
-20
1014
741
622
8
27
440
278
-163
-514
186
247
-432
-531
-643
160
841
191
693
1264
164
234
122
-530
3
-658
-589
-200
-717
-312
-534
59
768
643
1087
546
-26
-971
-1868
-465
408
316
698
249
585
937
-580
-1010
-722
-567
-404
-491
422
706
969
1892
1456
354
-1730
-3366
-1892
-237
516
2036
1946
715
154
-873
-888
-71
334
855
456
-262
-288
-317
-332
-1374
-1662
1366
1780
-517
588
1048
-438
-139
101
-652
-315
-20
-943
-496
-336
-1330
-210
1382
1649
946
62
249
554
-124
-712
-808
-859
148
606
-94
-47
-177
-525
-187
1060
1171
-137
37
552
436
80
-400
-976
-866
669
690
-244
-938
-1657
-862
-491
-59
1006
604
656
652
117
1028
465
-1116
-271
619
-59
-995
-389
949
528
-49
-329
-468
73
-367
-116
660
-132
-105
51
-330
179
234
715
1040
-507
-876
221
41
-483
-368
-659
-399
396
-15
-562
-126
659
890
610
877
600
-704
-654
-376
-1155
-510
150
-14
770
805
235
-89
-530
-213
460
363
-643
-695
-136
-173
528
386
-264
147
153
549
1170
727
-386
-896
-324
-173
-218
-525
-864
69
341
110
1134
1003
-972
-1691
-1332
-1090
-22
1217
1957
1423
271
-260
-1109
-905
-164
-118
1012
1537
85
-582
-113
-99
55
-404
-518
837
465
-258
523
614
-678
-1385
233
1160
-256
-1901
-1759
245
295
-929
628
1402
-140
513
1619
679
-639
-925
477
495
-1140
-542
370
216
837
504
-91
-250
-1438
-1244
813
1297
-668
-730
-344
-1514
-494
994
2365
874
-673
1755
1250
-26
-895
-1019
-747
-1798
105
329
61
842
26
442
-429
-1756
-1087
776
1810
1621
487
-1221
-455
45
4
272
-34
760
-246
-1323
-167
-237
-513
-21
480
532
-763
-300
1108
171
-139
-231
-427
723
178
-123
1229
-516
-1282
867
25
-151
374
-722
201
243
-1014
-530
-61
-420
42
627
259
258
943
287
-1248
9
1195
532
241
-354
-443
130
1073
-83
-1136
-149
-1378
-942
94
-378
1507
1676
-60
408
360
-1048
-527
-125
-713
-290
-470
-420
675
871
-212
-63
764
-628
-677
809
761
481
275
328
-196
-783
-925
-1127
543
914
-213
381
801
168
-790
-773
-1251
-874
1295
1525
1445
713
-362
-352
-948
-1137
-921
-652
-722
-541
671
1602
823
-297
708
798
91
14
-246
525
99
-339
66
-765
-933
-1008
-79
1416
313
367
1557
46
-1633
-1233
-865
-1643
-636
1882
2022
553
33
114
112
-210
-770
-296
-1
-1026
-1238
1252
3013
754
168
9
-1847
-153
969
-93
-585
-8
1413
-388
-3079
-2159
-1214
-1496
636
2338
2051
2368
1297
-110
-984
-1813
-1534
-802
1001
2131
1037
-60
-609
-960
-97
912
716
448
-299
-1260
-1135
-205
404
729
1502
1517
619
-729
-1008
-1033
-1914
-852
-686
-387
1422
85
-351
529
-549
-842
753
2387
1051
-870
-647
-808
-1240
134
1346
525
632
1025
347
-90
-629
-498
-742
-699
553
791
248
-597
-414
525
544
-418
-1414
-345
131
-394
450
-243
-1013
133
453
56
734
1626
311
-205
150
-1482
-784
-5
-325
964
936
922
470
-69
70
-447
-72
-608
367
1329
-982
-1401
-1103
-271
803
-708
-146
1504
305
-170
701
698
-601
-1655
-517
314
486
437
-180
-133
-914
-858
285
991
1033
-561
-688
88
138
144
189
1111
701
0
320
-541
-1319
-983
110
1351
1246
697
305
-956
-1222
-1045
-1674
-530
79
-619
974
2556
1910
1244
967
-1004
-3356
-2956
-432
1153
568
1355
1865
-114
-197
-350
-519
254
-77
425
429
-537
-1934
-1208
897
573
1516
1344
-177
-170
-350
222
-468
-1241
-1129
-1219
-63
645
509
-209
-324
336
-155
862
2088
219
-445
-342
-860
538
896
744
465
-720
-1035
-1416
-229
732
708
1105
454
483
-352
-1271
-723
-1423
-1439
-151
478
942
1607
1038
-299
-43
95
-1150
-734
271
-97
159
-154
-410
778
664
214
660
731
-131
-613
-469
-1604
-932
1080
1101
1559
375
-1698
-441
298
-788
-729
173
88
-102
92
-240
-128
-6
478
898
57
-381
166
644
-135
-180
829
578
-247
-1124
-785
358
285
419
922
304
-211
-615
-1188
-369
361
50
-160
114
-482
-1402
177
995
178
931
783
-867
-957
-57
395
1001
797
-421
-935
-649
-628
-427
682
961
554
333
114
328
-33
-252
-145
-875
-519
829
1028
361
-354
-309
24
-766
-1073
-39
529
680
986
401
-1065
-1249
-223
-34
-176
43
217
-219
-705
-229
-323
62
1068
954
1347
586
-584
-1260
-2426
-470
1213
989
2164
1848
280
-499
-532
466
-160
-2140
-924
578
91
1267
1020
-1785
-2165
-1023
-1353
-113
2465
2638
2282
366
-2635
-3019
-1597
-297
-74
1503
1638
-109
737
225
256
1526
-617
-1164
-529
-1427
-168
544
175
718
903
1914
1352
-138
-670
-1848
-1328
-456
-403
-33
-32
24
411
-56
-1300
-679
918
1915
1193
218
428
-628
-429
-203
-431
327
-536
184
732
-1103
-960
358
25
-467
939
1003
-47
269
-749
-633
632
55
1068
661
-1471
-946
-651
-687
-172
508
694
223
-389
-667
624
340
187
538
-309
575
-106
-155
459
-1341
-148
1444
587
-447
393
1917
-266
-1991
-1639
-937
346
571
1604
967
-763
-655
-768
828
782
-723
-173
-575
-1066
-749
773
1231
-112
352
449
-435
-60
347
186
437
-394
-1114
-698
-857
-265
153
1420
1885
41
636
696
-942
-1736
-1153
133
149
575
697
688
674
-463
-82
374
-741
-1285
-119
896
416
31
26
-648
-2087
-1011
1189
642
1308
2712
1173
-1652
-1843
28
-1475
-1956
1301
1983
79
-1036
343
611
-1548
-488
2176
980
-1637
-1232
985
1695
-152
-1101
-363
-76
288
-52
510
599
539
2506
769
-1983
-2221
-2248
-2241
-1586
1197
2378
2007
1760
346
-115
-1400
-2096
184
1177
416
68
276
-885
-2298
-561
1660
2474
1220
-1139
-172
700
-308
-387
-738
-594
91
648
608
-718
-791
269
614
690
605
519
167
-811
-1720
-1566
-185
158
-365
49
352
1008
1461
823
962
1213
217
-1127
-2409
-2546
-925
-9
466
770
744
1987
1437
-804
-1577
-1002
43
-144
-692
-671
-235
1410
2008
390
213
850
-180
-714
-488
32
378
1
-425
-797
-725
-631
102
1127
1175
523
-181
7
135
-562
-1335
-680
279
332
752
-70
-537
592
272
-304
-38
260
349
-572
-989
-112
820
1471
129
-888
-308
-1308
-1387
-852
-417
1345
1755
1953
1934
436
-532
-1030
-1682
-2072
-1230
-133
114
821
1620
1480
854
534
622
-76
-998
-564
-576
-1450
-1336
-277
897
1282
1843
843
-2264
-2803
-2025
-375
1755
1505
1916
1680
-249
-873
-378
225
-773
-1311
-488
817
2593
1516
-787
-1965
-1693
-24
-213
483
1883
633
729
694
-320
46
-2063
-2477
1084
477
-542
981
299
-115
-744
-1002
-105
-694
158
585
492
728
-770
-267
669
828
542
42
570
-580
-217
1011
744
800
-772
-1012
143
-642
-1066
-45
565
-20
-244
-21
-317
-1209
-976
232
-153
6
352
77
1778
1795
304
109
-1234
-1487
-409
-75
1027
2253
1623
-1259
-2024
-166
549
574
-273
-219
173
-1093
-349
979
207
-112
-218
-555
-407
-935
-156
1181
299
132
97
-612
-652
-1003
-444
308
497
1196
1061
450
96
-311
-105
-370
-1535
-906
1319
1685
1192
1073
-534
-694
89
-854
57
-235
-2144
-593
374
363
1188
712
-305
-1473
-519
1579
1517
1159
-126
-1413
-1498
-1537
-244
693
553
572
1040
1330
169
-882
-1128
-648
-564
-822
789
1502
806
417
-1051
-1525
-626
-788
-484
852
1748
800
41
947
-114
-544
182
-745
-1642
-1800
1000
1911
-149
450
679
-113
-1034
-136
1511
960
1105
412
-167
-817
-2833
-1927
-1273
-1089
1594
2197
1111
833
-426
-940
-139
-808
-480
1748
1369
-294
-263
232
581
-432
-874
267
-797
-1367
-235
-338
40
557
715
725
-243
202
1008
26
-1069
-1027
503
1259
1137
739
-339
-614
-1445
-1518
-428
-73
536
807
963
684
186
-242
-797
-967
-573
1345
1597
407
-272
-1074
-605
-548
-268
252
-430
-151
127
-393
-20
838
1256
1421
333
-950
-1066
-1145
-845
-281
106
127
533
1008
647
1099
614
-1465
-2133
-1244
41
473
492
1326
835
82
942
125
-856
-873
-1146
-354
171
1040
1383
603
454
-57
-92
-638
-1280
-536
-503
-558
119
252
-42
61
-662
-908
398
1077
1406
1062
193
-723
-798
59
266
1059
497
-1095
-1011
-557
-269
131
1414
819
-492
149
-747
-991
-455
-657
839
1021
66
748
488
-340
-170
-454
-222
320
81
174
6
359
-5
-1999
-1246
583
1035
823
92
866
613
-956
-1291
-1695
-1374
-300
763
1215
1366
1114
-220
-315
-328
25
908
-503
-732
1202
750
-648
275
-214
-1584
-839
-435
561
2106
2651
2392
369
-1608
-1242
-2651
-5054
-1823
1647
2368
3076
1758
119
-1082
-1992
-2012
-566
1380
1088
496
12
-1255
-1489
667
2220
1296
1133
-473
-2897
-1546
488
1136
1666
1783
773
-513
-1074
-1551
-1207
-115
72
