-32
-401
-550
492
1702
2545
1742
619
1111
922
-590
-1832
-2123
-1348
-789
-1869
-2238
-435
1135
1652
1030
353
757
1610
1621
255
-435
-434
-272
-374
-1234
-1516
-1127
-242
-175
-615
-301
469
1918
2181
1142
453
90
-216
-671
-927
-554
387
432
-358
-380
-181
240
949
285
-723
-355
-173
-803
-1459
-1610
-1063
-209
191
-491
-317
908
1726
2553
2448
1923
1619
900
412
-512
-1822
-2579
-2208
-1322
-1387
-1175
-645
-24
1117
1459
1260
1029
1464
1545
237
-618
-1253
-1027
-276
-385
-415
-952
-961
-385
-400
138
251
379
1571
2029
1457
520
-395
-829
-201
512
-412
-1133
-650
-121
268
-109
-709
-629
-296
-339
-907
-982
-169
929
1327
74
-619
695
1144
692
834
837
993
518
-666
-588
241
577
-287
-1856
-2212
-1532
-631
89
87
19
956
2448
2229
295
-491
673
1218
356
-739
-2812
-3521
-1432
-175
-71
127
68
804
1997
1385
337
767
1663
1777
640
-1109
-2293
-1225
120
-489
-895
-742
-274
145
-182
-463
92
1225
1080
-14
-506
-932
-951
-223
169
100
-342
-429
63
615
1422
1191
876
1137
1457
2080
1024
-644
-1571
-1635
-1300
-1569
-1512
-1902
-1424
-374
-335
753
1696
1964
2196
1103
-6
57
-104
-858
-1337
-1131
-892
-856
-78
515
-39
-394
402
1060
1152
1160
472
522
998
269
-603
-573
220
198
-566
-1187
-1428
-771
310
455
-563
-735
-320
25
441
-82
-488
-75
1058
1411
-138
-891
-767
-387
667
606
355
1124
2005
2170
604
-677
-692
-1087
-1193
-1341
-2268
-1950
-459
-131
-36
586
1173
2336
2541
1065
-251
-406
-90
-41
-313
-1581
-2049
-667
24
-302
-690
-480
634
1628
1228
-412
-905
429
2022
2186
685
-180
40
173
-571
-1828
-2056
-1471
-331
186
-716
-915
113
1217
1121
94
-6
501
1029
1627
728
-1109
-1496
-702
81
-33
-831
-874
316
1798
1676
372
36
518
1036
565
-1391
-2114
-843
-101
-329
-966
-1147
-110
946
692
-466
-737
-13
976
1543
136
-991
123
1215
1245
-14
-1247
-729
318
294
-1040
-1431
276
1760
1758
961
423
676
936
184
-899
-1495
-1493
-771
-732
-1856
-1799
-420
-195
-588
-341
260
1374
2221
2036
1135
470
151
219
554
-272
-1023
-855
-401
272
-135
-1013
-875
272
1238
748
327
713
937
1268
763
-423
-1019
-1293
-1331
-1644
-1596
-1404
-1184
67
1048
1478
1134
818
924
403
155
-242
-269
235
-214
-1027
-784
195
253
117
307
530
926
603
142
368
784
871
347
-317
-984
-1731
-1584
-1084
-932
-618
-236
631
997
403
46
-50
239
415
342
205
-306
-194
317
243
410
561
116
-210
-221
411
729
132
84
306
454
541
-78
-731
-935
-797
-407
-719
-1424
-1349
-675
386
1192
1241
742
443
767
256
-748
-823
-491
-226
214
313
-11
434
851
783
613
-64
-592
-469
306
494
220
313
-254
-956
-1352
-1120
-435
-260
-41
276
535
268
-255
114
380
261
382
159
-103
-6
54
339
483
24
-42
279
409
320
26
-65
-232
120
444
-456
-651
-535
-441
-214
-599
107
255
-147
189
-188
-36
-142
-375
-114
-527
-144
606
1135
1131
449
114
-378
-70
377
-85
92
-2
-668
-672
-199
104
-65
-5
153
-28
-94
-56
111
185
165
74
-132
10
-59
158
587
175
204
154
-209
-124
-759
-1073
-681
-670
-671
-727
-451
275
586
561
654
835
1288
1483
1160
1372
909
-277
-461
-767
-933
-957
-1490
-1010
-547
-417
31
-371
-401
304
783
1151
955
673
256
-418
-252
94
-277
-589
-710
-848
-510
-535
-444
389
694
1248
1214
524
646
258
-11
-18
-331
-340
-411
-521
-482
-151
-476
-806
-61
194
210
420
509
455
-219
-451
-120
-336
-352
-298
-488
-137
64
405
842
816
759
201
151
288
1
121
-29
-155
-301
-140
507
443
-138
-474
-215
-300
-517
-267
107
609
327
-398
-1118
-1428
-635
71
331
210
140
839
865
199
-68
-324
-87
187
46
373
478
504
582
-62
-610
-531
-239
-217
-186
185
432
437
-14
-367
37
3
-308
-158
-281
-283
-269
-461
-310
-59
172
-35
-138
159
8
-78
26
51
125
94
62
203
431
780
1071
829
613
648
363
129
106
-201
-606
-682
-658
-763
-1025
-1240
-1027
-705
-950
-1193
-436
310
453
1009
1518
1407
1191
933
774
355
-299
-78
-18
-661
-858
-834
-519
-213
-56
314
290
458
716
633
590
-263
-784
-131
-267
-793
-726
-489
80
216
-143
-176
-128
220
279
21
460
800
607
96
-164
-142
-514
-415
184
451
433
470
574
401
-188
-408
109
-161
-970
-1097
-448
402
262
-144
-412
-590
-329
-293
-458
-396
260
891
856
666
574
677
392
-319
-258
233
337
343
94
-36
-20
-121
-171
-632
-390
161
-184
-353
-405
-346
-381
-724
-422
-143
-384
-139
448
1074
1365
661
-2
-222
-131
-95
-373
-203
-201
-36
213
43
146
-39
-120
332
1075
1316
713
485
478
235
-467
-1113
-1168
-1001
-599
-911
-1399
-1034
-970
-1060
-474
376
829
1086
1482
1412
1349
1308
627
1191
1538
-857
-1579
41
132
-153
-678
-1746
-1392
-376
132
-94
-506
-134
287
412
708
505
-261
54
540
-383
-968
-634
-366
-311
-125
-13
159
1001
999
7
-131
800
1564
1178
389
-24
-323
-391
-35
-282
-642
-322
-503
-741
-768
-727
-277
411
543
-640
-1403
-1139
-264
699
863
1119
1251
1224
861
136
207
54
-156
49
-621
-1131
-790
-651
-48
358
-143
-111
-47
407
713
207
1032
1262
77
-672
-1061
-638
-794
-1440
-1214
-1089
-256
538
96
-288
-262
544
1654
2117
1137
-69
371
488
565
1102
629
246
308
43
-227
264
-85
-1503
-1542
-1314
-1896
-2038
-1554
-745
344
707
457
980
1299
725
115
295
1069
1234
1037
667
-48
-569
-543
-50
45
-668
-1647
-1696
-365
339
380
1171
871
-317
-474
-258
44
485
1016
1196
406
-499
-486
-207
-564
-713
-824
-1142
-975
-780
-401
297
527
152
407
1160
1083
1060
1401
1163
952
860
396
706
661
-627
-1068
-1259
-2030
-2474
-1920
-1292
-1079
-574
-768
-436
718
1197
1622
1710
1365
1001
1347
1744
740
-143
-331
-673
-651
-820
-1281
-821
-588
-590
-301
-144
275
143
255
154
-325
298
804
1368
1066
207
140
-678
-1517
-1633
-1108
-485
-168
174
-219
-954
-937
28
990
1554
1975
2171
2181
1700
1056
324
-225
-397
-900
-1388
-1445
-1174
-1035
-1335
-1602
-1501
-1057
-437
14
273
312
162
793
1754
2009
1432
540
358
-24
-381
-565
-1003
-50
742
684
648
-289
-852
-700
-260
206
-65
-337
-201
220
100
-193
252
369
95
-157
-326
-478
-654
-488
-229
-248
-465
-541
-141
535
470
347
613
479
606
442
688
1857
1850
995
418
-25
-822
-1205
-1134
-1773
-1977
-1720
-1826
-1411
-492
162
425
929
1213
999
1275
1044
981
1374
638
636
256
-534
54
-428
-731
-809
-1487
-686
-46
-63
43
77
276
-472
-1008
167
895
651
868
1381
829
-19
131
-506
-1191
-1534
-2426
-2020
-1064
-293
358
826
970
583
1270
1979
2336
2751
2189
1129
-193
-503
-183
-889
-1516
-1908
-2228
-1938
-1799
-1589
-531
239
-76
-563
-426
316
1080
1092
1102
1428
994
717
1221
1364
958
383
-490
-806
-855
-1702
-1533
-698
-638
-552
37
692
1008
1450
1054
621
574
6
336
-139
-1253
-1284
-1368
-860
-97
167
319
-18
-357
-442
-1058
-1671
-1694
-796
812
1688
2345
2828
2244
1571
1326
1252
1013
-110
-1405
-1721
-1570
-1072
-1135
-1404
-658
-586
-751
-661
-353
618
776
242
-266
-148
357
464
781
748
172
519
1349
1446
872
-534
-1030
-641
-1213
-1300
-1092
-772
-232
-103
698
1431
1287
935
539
-131
-747
-1202
-1152
-293
-237
-494
-27
333
590
335
-540
-709
-276
-214
-111
-192
11
1184
1981
2256
2191
1636
966
-143
-1379
-1988
-2178
-1760
-957
-757
-643
-493
-303
116
-37
-137
-291
-472
707
1584
1263
1251
1306
1206
1175
1045
551
-520
-1333
-1916
-2248
-1754
-1290
-969
-511
85
517
542
689
698
805
715
518
1216
1149
419
330
160
17
-584
-1709
-2011
-1566
-912
-288
-172
-26
649
894
682
653
695
590
300
170
61
364
751
259
308
822
918
1020
369
-764
-1659
-2394
-2496
-2006
-1178
-392
-43
371
1260
2316
2313
1359
618
-19
-151
-349
-915
-936
-761
-425
-369
-730
-1259
-1512
-882
-386
177
983
1617
2394
2922
3292
2893
1485
194
-876
-1503
-2078
-3111
-3443
-3126
-2635
-1644
-643
53
616
1170
1590
1740
1265
557
806
1170
1400
1948
1960
1942
1687
485
-807
-1681
-1901
-1790
-1647
-1707
-1809
-953
-323
-432
-245
-245
-578
-1191
-1610
-836
932
2313
2382
1758
1358
1580
1598
809
-269
-700
10
589
246
-312
-496
-602
-601
-518
-460
-59
-385
-1133
-1605
-1894
-1103
60
670
257
-414
-151
561
1431
1334
732
726
111
-246
288
706
942
172
-1078
-773
820
1925
2139
1780
778
236
-51
-1504
-3757
-5653
-5234
-2422
75
459
-679
-922
1078
3450
4329
3556
1904
1830
2422
1568
779
-442
-1913
-1711
-1202
-1356
-1175
-1453
-2391
-2829
-2369
-273
1407
1374
1209
1133
1335
1167
587
124
-99
277
1103
1694
1159
723
395
-228
-472
-1502
-2688
-2890
-2375
-1116
739
1882
1214
208
-363
-808
66
1309
801
-1317
-3269
-1741
1813
3185
2010
-235
542
3630
3736
606
-2107
-1828
-452
25
-1193
-2587
-2228
-1630
-515
249
-141
-609
-1624
-1287
1032
2447
2177
1623
1724
1940
969
-498
-958
-926
-721
-591
-978
-446
1014
1974
2767
2512
880
-972
-2729
-3268
-3187
-3519
-3658
-1988
1263
1907
-82
-1136
1037
5097
5018
415
-1672
1004
3215
2069
-850
-2528
-1343
-248
-322
-619
-1517
-1373
-457
219
675
-1119
-1837
632
1319
-76
-1706
-1583
976
2180
925
-79
1245
2773
2658
1611
401
47
-238
-1085
-1928
-1898
-1431
-862
-45
-272
-724
-1234
-1508
-730
367
1397
-201
-2829
-2302
305
1952
549
-329
2361
4585
3675
1230
488
1885
1794
-534
-2354
-2936
-2706
-2096
-2565
-2855
-2008
-1135
486
1071
312
964
2236
2670
1488
440
1318
2047
1563
132
-838
-539
-388
-930
-1639
-924
626
1307
1296
158
-381
-164
-1511
-3341
-4359
-2614
7
-1263
-2921
-505
3802
4829
1837
1061
3962
4898
2063
-1051
-904
1087
170
-2143
-2546
-1660
6
-473
-2410
-1981
-1099
-418
-347
-1767
-1397
204
525
49
-108
1801
3748
3211
2204
1764
1308
649
-211
-982
-1307
-1222
-1318
-1462
-1020
-313
7
-408
-1496
-2479
-2817
-967
979
-1352
-2402
1485
4569
3582
772
1974
4546
2484
-483
-1720
-855
597
-795
-1706
-425
459
406
-1518
-2865
-1627
-1313
-2414
-2778
-1461
738
1372
856
1644
2986
2846
2037
1590
1513
1032
-322
-836
-24
552
-123
-703
-548
-440
-742
-1970
-2035
-1370
-2090
-2783
-1238
1837
175
-3037
-524
2623
2464
168
486
3880
3240
646
207
1231
2401
702
-1307
-945
-270
-608
-2700
-3354
-1626
-1469
-2344
-1916
195
1255
53
235
1383
1421
1001
835
1796
2613
1827
1146
1161
659
49
-550
-516
560
233
-1437
-1869
-1376
-1873
-2979
-3664
-1769
856
-2301
-4142
448
2603
1195
-403
2199
6152
3660
1699
2838
3525
3470
150
-1353
-597
-1937
-3317
-4895
-4011
-2375
-4102
-4101
-1584
862
1309
890
3096
3750
1870
860
989
2201
2111
1367
2365
3041
1664
-1032
-1947
-1291
-2147
-3087
-2810
-1195
-556
-1790
-1455
-1505
228
1681
-3387
-3394
1529
1712
733
655
4048
5367
1467
1228
1996
1884
1042
-1489
-967
-803
-2196
-2714
-2664
-931
-1408
-2576
-1036
-9
-403
-1643
-261
2129
1406
1657
3125
3827
2582
290
836
368
-1295
-1561
-1826
-232
228
-336
243
24
353
-1032
-2047
-1903
-2406
-191
-2192
-4706
-417
1313
794
1073
3391
5881
2979
2044
2507
661
-57
-1535
-1028
-349
-1044
-468
-1455
-1096
-1014
-2934
-2659
-1271
-577
-2167
-1038
2327
1229
467
1500
2578
2465
1331
2981
2803
952
519
-823
-612
-734
-1386
-816
-1306
-834
-1746
-2417
-1433
-2437
-375
-1174
-4457
-645
1215
354
365
1597
4408
2477
2037
3992
3249
2514
324
251
370
-1569
-1855
-2732
-2106
-2042
-2919
-1765
-1466
-1292
-2759
-2158
1129
605
752
2474
3885
3154
748
2328
2693
1384
1750
1294
1316
-458
-2271
-2359
-3114
-2668
-3036
-2486
-1720
-2130
977
65
-2617
190
812
541
1100
2108
3460
1336
1001
2170
2043
1684
130
1165
1810
122
-582
-1358
-1871
-3706
-4934
-3608
-2245
-1180
-1405
307
2757
1182
336
1710
2516
1740
1066
2677
2700
1165
723
670
462
-600
-386
-173
-945
-1618
-3012
-2506
-3484
-3866
-1248
-3541
-3200
1177
1700
2109
2391
3430
3675
2015
3032
3297
2708
2086
418
73
-965
-2555
-3199
-2664
-2034
-3067
-2821
-1740
-1471
-1749
-1963
84
1492
1398
2327
3367
3618
2441
1952
2609
1376
-278
-211
130
-784
-1209
-925
-1734
-1648
-1766
-2134
-1294
-2205
-855
-85
-3613
-1752
703
-349
153
1151
3882
4005
2822
4104
3102
1893
578
-189
418
-790
-1641
-1950
-2248
-2622
-3248
-2475
-1659
-1486
-1332
-746
518
591
194
1428
2656
2449
1528
1889
2554
1845
1735
1547
997
-21
-1072
-1005
-1797
-2406
-2995
-3246
-3231
-3242
-1002
-1754
-2415
1444
2161
793
1005
2623
3527
1797
1593
2429
2532
1851
281
1349
1658
-695
-1533
-1795
-2450
-3665
-3778
-2762
-2684
-2356
-1782
112
1649
1363
2029
3093
3492
2324
1880
2603
1354
168
-263
-28
-14
-380
358
-130
-989
-2265
-3581
-3904
-4532
-1802
-782
-3057
-285
1909
1035
1407
2457
3944
3374
2453
2652
2182
1903
-146
-960
924
-351
-2111
-1871
-2148
-2368
-2062
-1531
-1374
-1592
-1953
-1259
725
1066
562
1109
2180
2281
1149
1811
2679
1735
1261
1011
305
-801
-1806
-1761
-1030
-901
-1324
-1092
-2061
-2421
-270
-2013
-3264
585
280
-782
1051
1435
2939
2889
2211
3410
2826
2086
809
267
512
-1912
-2967
-2524
-2825
-2543
-2469
-1679
-27
-151
-1299
-347
1049
80
176
1852
2075
1611
1861
3390
3429
2135
1982
1345
801
-278
-1593
-1828
-2464
-3585
-4749
-4342
-3480
-1418
125
-2897
-1975
1368
447
1490
2801
2952
3790
2328
2228
3102
2052
1581
212
174
516
-1946
-1457
-530
-2065
-2307
-2798
-2876
-1345
-1334
-1596
566
1575
787
842
1319
1837
1115
703
1067
421
711
762
8
235
-17
-628
54
446
-793
-1510
-1300
-1667
-984
73
-2386
-2634
1497
1149
-137
1410
1336
1601
1547
201
947
1928
1034
-217
-927
-326
-304
-1569
-1445
-956
-614
-553
-949
262
416
-1636
-1399
112
-199
238
1314
1734
2543
2181
1365
1485
1287
378
-426
-826
-915
-622
-1031
-910
-317
-811
-908
-1273
-1481
-510
-1202
-3183
-2377
-402
-579
-302
1003
1884
2935
3092
1830
1930
3202
2086
465
276
258
475
-204
-1118
-675
-799
-2043
-2599
-2359
-1582
-979
-1229
-611
380
224
25
-68
-222
-259
-58
1306
2264
1778
1424
964
522
30
-220
597
721
509
533
-24
-73
115
-264
-759
-1784
-2159
-1029
-758
-1038
-1189
-1403
-784
-109
381
272
772
1933
1397
1017
925
350
271
-126
-160
520
408
-208
-116
5
-311
-5
286
-153
169
748
316
-153
-407
-600
-520
229
588
-77
-37
-324
-1072
-1057
-1070
-684
38
-219
-745
263
1294
1705
1693
51
-666
48
449
9
-835
-99
221
-709
-827
-1055
-518
1414
1334
211
490
622
744
440
117
473
-296
-831
-884
-1552
-1540
-785
-638
-1162
-1119
-500
314
1127
1374
1585
1935
1180
505
686
761
1391
1396
906
192
-804
-814
-1331
-1414
-1200
-1442
-1371
-1523
57
1194
-116
-612
273
515
-577
-1375
-1251
-560
193
18
-589
269
1842
2257
2217
1799
1734
1506
213
-915
-1598
-854
-131
-766
-1801
-2030
-459
520
342
-98
-64
507
456
722
74
-702
-48
-338
-1193
-1301
-617
56
442
561
377
1275
2664
2839
1640
798
442
-403
-1389
-2068
-1132
-386
-1145
-1763
-1001
375
208
84
76
-23
881
872
-318
-885
-636
-452
-19
-558
-688
624
1154
1390
552
-155
-523
-334
777
-484
-1498
-335
1194
1226
176
-274
-551
126
959
1177
1023
1506
1190
-373
-416
-1098
-2103
-2401
-1947
-833
-475
178
308
970
1322
46
46
146
34
781
495
-771
-940
-725
-516
78
256
515
858
1526
1702
1545
1897
1141
41
-933
-1131
-415
-548
-1544
-2974
-3180
-2317
-1198
360
947
1047
1234
1040
1082
1309
890
366
65
-591
-484
249
212
-168
1
525
829
1053
364
-290
721
1016
59
-771
-1253
-1148
-1261
-1372
-1426
-1295
-276
312
611
1270
1364
233
-463
-192
-1120
-1325
-678
-457
403
360
432
1603
2635
2836
1757
754
178
10
80
-76
-419
-967
-1086
-1430
-1780
-1038
-896
-1887
-1427
-466
-471
449
1032
1217
1788
1267
579
-216
-1415
-1599
-292
372
172
251
-159
1020
2193
1744
2101
1650
887
405
-444
-957
-1706
-2329
-2859
-2634
-1767
-720
651
784
695
546
35
69
-603
-785
33
634
1422
1223
1
-215
239
-48
134
871
1149
2209
2595
1868
1344
-252
-1871
-2410
-2587
-2464
-1990
-1281
-692
-297
663
2005
2104
1772
1105
-261
-1128
-1935
-2043
-1781
-1756
-1577
-672
882
1534
2572
3137
3113
3576
2252
106
-1492
-2122
-2121
-1681
-1500
-2168
-1297
-215
16
539
1428
1745
1199
607
-906
-885
-322
-1655
-1412
-192
-130
-157
48
-767
-588
1182
1707
1427
1205
1689
2032
1794
994
-674
-1875
-2462
-1831
-830
320
1322
1487
1386
570
479
-1034
-2424
-1515
-1739
-506
72
-1407
-1234
-962
-1045
-1065
319
1975
2440
3117
2249
1463
1392
399
-274
-1713
-2077
-1174
-1214
-589
-760
-833
468
755
907
1325
1851
1766
1069
873
-667
-1820
-1889
-3256
-3685
-2740
-1136
594
1640
3421
4036
2796
1573
406
-720
-1961
-1891
-1066
-863
-122
669
1470
2168
1261
437
538
-251
-557
-598
-1432
-1567
-1235
-573
-500
-718
-700
-1104
-308
475
338
559
462
-91
-70
365
363
700
1011
680
1096
1406
213
-260
-405
-1020
342
823
-136
-452
-1078
-899
-329
625
757
-114
257
-75
-357
-330
-1614
-2273
-1452
-432
-251
59
1043
1694
1639
1827
2256
1773
1317
838
-591
-1783
-2609
-3407
-2616
-978
208
1946
2928
2813
2390
1336
637
91
-864
-2229
-3796
-4288
-2506
-269
69
470
1073
1016
1444
1342
872
1088
1238
277
-1189
-1539
-1191
-960
-390
912
2100
2727
2626
1318
217
-810
-1848
-1510
-1244
-1092
-504
-677
-976
-783
-357
369
1193
1597
1094
-473
-1708
-2026
-2007
-380
1428
1797
1653
664
314
559
53
-10
-45
-1
440
81
-198
120
61
552
955
139
-59
-338
-952
-663
-1094
-1800
-1835
-1640
-725
219
717
1738
2770
2699
2102
687
-843
-1490
-2101
-1734
-990
-511
162
503
903
1095
1430
1683
1551
647
-537
-490
-1425
-2197
-1616
-1253
-564
-70
512
548
-31
-94
193
678
397
-429
-1277
-1268
-491
-15
524
890
1807
2668
1750
418
-119
-622
-1427
-1620
-918
-49
369
733
1390
1733
1938
1836
695
-1152
-2509
-2687
-3133
-3226
-2000
-1574
-1005
715
2612
3939
3907
2911
643
-1228
-1759
-2129
-2293
-2342
-1183
144
1266
2879
3312
2825
1957
1368
178
-1882
-2077
-1613
-1771
-1437
-1400
-1216
-209
327
1027
1115
-173
-687
-1080
-1170
-626
-508
130
604
709
1295
1687
1867
1423
272
8
-122
-648
-413
-229
267
1152
1626
1658
935
240
-767
-2135
-3282
-3558
-2114
-947
-648
-452
-321
402
1219
1712
2006
2136
1510
-37
-868
-989
-983
-134
425
-130
2
582
319
614
1163
1145
1193
665
136
-427
-981
-817
-1548
-2718
-3023
-1976
-136
1049
1434
1029
1371
1607
919
886
232
-374
-742
-1525
-1395
-1144
-771
236
1201
1315
1115
1609
1418
660
400
-30
-729
-1034
-817
-503
220
1037
869
110
-880
-2268
-3296
-3285
-2023
-37
1767
3301
3528
2484
1212
-509
-1381
-1472
-1901
-1601
-852
-453
486
1465
2077
3439
3370
1941
1330
-165
-1650
-2606
-3634
-4124
-4215
-2133
797
2493
3344
2778
1631
418
-537
-556
-404
-984
-1861
-1668
-502
935
1496
879
337
-367
-982
-754
145
1105
1266
1207
1491
1330
413
-138
-195
-446
-581
-1219
-2052
-2326
-1810
-257
993
2170
2494
1072
-279
-1301
-2000
-3008
-2657
-169
1086
1853
2730
3035
2990
1893
166
-1387
-1989
-1827
-969
-178
-274
-78
448
412
77
297
340
442
-133
-1757
-1810
-1485
-873
-47
121
1419
2389
1954
463
-1367
-2323
-2355
-1728
-448
1260
1967
2123
2043
1825
1542
425
-417
-1363
-1797
-1194
-765
-178
507
763
145
114
558
419
217
-457
-841
-1016
-1068
-1104
-794
381
468
683
1485
1506
1154
366
-289
-786
-1321
-2501
-2919
-639
1249
786
-662
-899
976
3118
4300
4079
2585
388
-1962
-2753
-1806
-1539
-2585
-2964
-2291
-1398
-71
640
592
695
500
1182
2380
2698
1952
-129
-1499
-1765
-1635
-1301
-882
458
789
852
2130
2898
3109
1948
363
-609
-1493
-1355
-1423
-1568
-1593
-2139
-1371
-645
-1345
-2449
-2526
230
2947
2729
112
-2596
-1257
1919
3822
4898
3350
1237
-361
-1213
346
102
-1674
-2530
-2783
-1269
-247
-635
-925
-1097
-1199
-270
2002
3342
1992
-371
-294
637
670
857
196
-704
-1404
-1266
-36
1253
1436
-858
-2051
-644
785
1465
999
97
-1970
-5038
-4648
-492
2434
1384
-1885
-1271
4189
8097
8330
5623
1402
-2567
-4875
-3599
-1370
-2170
-5349
-7322
-5384
-1079
1031
1001
1569
2084
3240
5652
7316
5385
133
-3251
-2839
-1048
-214
-1028
-2626
-3229
-2053
-6
2761
4196
2595
437
125
1479
1955
-783
-4444
-6104
-7509
-7555
-3389
1824
3890
1946
528
4892
10359
10099
5692
437
-3426
-4801
-4390
-2588
-2278
-4987
-7202
-5239
323
5109
6222
4709
3166
2181
1658
1761
1002
-2124
-5646
-5497
-1893
1314
1307
-979
-1884
-479
1401
3003
3679
2682
807
-717
-214
828
-472
-3100
-4645
-4245
-3440
-694
3051
3548
1067
-3016
-1896
5052
8485
6101
712
-2455
-2851
-3187
-1663
-372
-1522
-3625
-4496
-1226
2623
2072
-742
-2037
-44
2428
3634
4590
2764
-441
-2077
-1648
321
-417
-2757
-2910
-907
1994
3665
4112
2825
533
-574
-305
1222
935
-1821
-4559
-6342
-5844
-5373
-4913
-1125
1995
2110
1747
3495
8670
10801
6677
1205
-1177
-381
-1253
-2991
-4234
-5958
-6652
-5980
-1632
3042
3651
2463
1247
2075
3339
3177
2351
-314
-3006
-3662
-2568
-115
304
-1294
-1501
-76
2186
2382
1882
2050
892
827
619
-447
-1459
-3029
-3987
-3895
-2567
-2277
-1013
2894
5038
3177
-1041
-407
5154
8144
5725
-169
-3120
-2825
-3918
-5035
-5268
-4998
-3833
-2949
196
4860
5657
3524
1676
2300
3435
2871
1674
-1296
-4276
-5055
-3769
-1371
-497
-839
-478
1937
5197
5400
3222
1294
-203
-662
-1119
-1427
-1072
-1919
-2626
-3082
-3706
-4635
-5314
-1646
3384
4869
2032
-1199
2163
7516
7833
3389
-717
-536
-976
-1939
-2102
-3555
-3960
-4781
-3992
190
3282
3937
1692
1112
2775
2511
1807
-968
-4481
-5286
-3715
-122
1822
1405
694
738
3024
4449
2925
969
241
454
-46
-717
-1690
-3769
-4942
-4740
-2515
-795
-2815
-3513
299
5562
6818
2316
150
3540
6816
6506
1209
-3673
-4142
-4504
-4618
-4069
-3278
-3202
-4005
-565
4585
6540
4294
204
-38
2095
4035
3703
-184
-3652
-5351
-4668
-1330
1252
765
-1060
-163
3448
5427
4193
1021
-1541
-1983
-1978
-1637
-1160
-1861
-2791
-3445
-2536
123
-233
-2239
325
4895
5747
809
-3623
-190
5730
7307
2960
-2050
-2160
-1704
-2969
-3800
-3369
-3475
-3956
-1365
3099
6175
5583
2198
257
1202
1983
699
-1836
-4832
-6255
-5957
-3444
132
1325
1564
2078
4808
7755
6273
3421
793
-1983
-3763
-3969
-3212
-2714
-2053
-1388
-424
443
458
-1410
-3964
-640
5157
5376
634
-4250
-1882
4864
7017
3202
-2465
-3137
-706
-42
-459
-2268
-4615
-5534
-2995
2122
5698
4666
-465
-2692
782
3644
2500
-691
-3345
-3668
-1397
2042
3453
1765
-445
-877
1391
3068
1758
-391
-1904
-1318
-304
-777
-1560
-2439
-2886
-2551
-786
1519
1096
-2016
-2978
1302
5605
3923
-2087
-5102
-193
7229
8646
3089
-3044
-3701
-1573
-944
-1004
-1269
-2287
-3662
-2246
1636
3166
1283
-2046
-1506
3203
5689
3387
-1825
-4432
-4021
-2504
311
929
26
8
1167
3245
3933
2024
-1826
-2595
424
2073
1973
-26
-1823
-2033
-2065
-198
421
-1482
-3783
-4581
-435
3822
3048
-3198
-7139
-542
7699
9649
4363
-1880
-1319
1145
2190
742
-2586
-4556
-5347
-3212
410
1582
-310
-3505
-2631
2964
6475
5080
1234
-897
-285
460
1798
1014
-2184
-3433
-2757
632
2858
954
-1759
-2798
-113
2545
2393
81
-2570
-1995
38
1284
723
-947
-3146
-6190
-4242
2684
6488
3566
-2823
-3822
3582
10789
9142
442
-5030
-3314
189
786
-2497
-6057
-7163
-5609
-1132
2658
3107
741
-993
2057
5921
5623
2214
-1491
-2586
-1010
336
-765
-3404
-4485
-3688
-1314
2552
4549
3409
1971
3008
4541
3184
75
-2344
-2416
-1658
-1238
-817
-1748
-3204
-4279
-5054
-4875
-1766
3037
4688
2731
50
2052
7084
7236
2919
-2515
-4172
-1073
1013
-120
-4061
-6419
-4748
-1750
1804
3933
2855
510
770
3507
4611
2441
-1995
-4702
-3667
-1628
-895
-1790
-2612
-1723
655
2702
3671
3867
2393
1059
2125
2883
1028
-1712
-3872
-4717
-3445
-1393
266
350
-756
337
985
-1172
-2190
-744
2330
3439
502
-1281
1961
6303
5303
-479
-4374
-2558
457
-314
-3094
-4373
-2885
-1281
-396
739
1526
1722
861
1577
3348
2554
-437
-3212
-2766
-1121
-70
657
603
1479
1872
1941
1452
-763
-790
-251
-490
612
757
-596
-2287
-2288
-780
-53
1129
892
-646
-397
-199
-1227
-3504
-3728
-644
1381
816
-1291
208
5550
8471
5788
-101
-1599
391
1083
-381
-3061
-3248
-2532
-2146
-1312
-939
-852
-1354
-1048
1428
3972
2667
-620
-2021
-2101
-641
864
542
-378
382
1854
1816
1182
73
-186
23
87
1002
568
-366
-822
-788
-92
162
-58
-1242
-1295
-467
-257
-397
-2560
-3554
-959
2479
2332
-2219
-3267
2566
8689
7416
-63
-4672
-2942
870
1214
-1771
-3600
-2562
-489
1191
2124
735
-1174
-1212
871
3967
3790
591
-2426
-3041
-628
842
-368
-1876
-1779
-328
1391
2655
2077
140
-567
-214
222
124
-1486
-1685
-349
666
1336
78
-733
-153
727
1065
-111
-1240
-3381
-3805
-650
1542
308
-3717
-3563
3794
10093
7971
186
-3129
139
2832
1355
-2796
-5022
-3004
-831
-464
-841
-1856
-3121
-3385
-291
3333
2840
679
-43
1269
3465
2742
-225
-988
896
2735
2246
1055
131
-1629
-2284
-1646
-1290
-1745
-2279
-1855
-487
1503
1508
-284
126
2044
1721
-58
-1058
-1082
-1194
-3544
-4424
-1512
1174
1386
-1575
-1983
4477
10057
7593
840
-2215
-412
1424
121
-3289
-5111
-3135
-1309
-1396
-662
-572
-1602
-1662
1348
4931
3686
582
-550
-662
-466
-948
-2390
-2663
-1168
498
1978
2491
1760
868
1176
2564
2624
1079
-118
184
657
-301
-2230
-3944
-3281
-1346
-1534
-1430
431
1405
515
-2843
-3962
437
3322
885
-2930
-2205
4188
8373
4794
-1983
-3851
637
3732
1817
-1365
-2763
-1320
-360
-472
-901
-3164
-4060
-2039
1694
3638
2024
240
31
1552
1559
-288
-1305
-976
1097
1658
396
-371
-1407
-2246
-2006
-1055
-555
-456
682
2270
2836
2175
614
382
2081
2890
1868
69
-583
-1341
-3855
-6130
-7339
-4896
-26
1623
78
-1174
2594
8521
8135
2469
-1759
-771
2291
1639
-2342
-4916
-4020
-2227
-1527
-1094
-481
-140
933
3102
4263
2850
-413
-1958
-1035
-768
-1220
-1230
-936
232
2040
2421
1308
-85
-818
66
975
937
-496
-2636
-2548
-1648
-1829
-2368
-1397
1872
4074
4711
4456
2968
1478
-805
-3333
-5269
-6516
-4027
1392
3505
606
-2161
-111
4879
5862
1492
-2203
-1078
2903
3902
-287
-4928
-4837
-2755
-1927
-616
-451
-846
906
3411
3755
740
-1957
-2093
-196
1273
223
-517
-247
691
1344
739
725
505
437
1164
1669
1387
-753
-2153
-1791
-1596
-1954
-2947
-1980
920
2150
1775
1009
483
797
450
-939
-1524
-2096
-2426
-135
1845
-34
-3408
-3728
1756
8094
7424
2700
1177
3113
3386
-583
-5215
-7152
-5712
-3009
-1109
-598
-1303
-517
1737
3340
2514
60
-315
1360
2275
536
-1381
-1696
-1670
-1223
-1162
-436
1245
1607
1666
2598
2760
1485
-428
-1138
-422
-1236
-2146
-1550
-442
674
5
-873
-237
1574
2405
1226
95
-1542
-3058
-4193
-4358
-1949
548
78
-2277
-467
5130
7303
4326
1035
1312
3150
3526
1082
-1943
-3066
-2957
-2434
-3005
-3912
-3701
-2125
573
2559
2909
1936
1572
2180
1167
-1014
-2372
-2223
-639
220
-57
195
894
1405
1254
810
-104
-709
-150
-253
-221
-153
-1160
-1373
71
2267
2462
1490
1769
1375
324
-517
-1577
-2562
-3052
-3051
-3309
-2523
-937
-1379
-2626
-1783
1710
5486
6333
4514
3481
4125
2778
-481
-2001
-2159
-2341
-2563
-2695
-2317
-1874
-1394
-529
371
887
686
1069
1921
1568
461
-178
474
697
-53
-844
-1732
-779
425
538
1268
998
-21
-667
-1174
-941
-853
-1471
-1645
-654
164
786
2153
2783
2822
2478
1644
1040
171
-659
-1955
-2982
-3216
-3373
-2899
-2587
-1265
-164
-601
248
1975
3772
3963
2556
1610
1113
1493
1178
-21
-1133
-1971
-1741
-1440
-1147
-709
-55
596
293
25
-22
124
480
146
-516
-903
-631
-408
-382
468
1455
1990
1232
-304
-410
-127
-667
-1308
-1336
-825
-574
-169
226
33
64
450
1322
1881
1014
796
1418
1114
568
-235
-1380
-1623
-1541
-2049
-2239
-2027
-1018
377
480
170
-63
755
1577
509
241
679
1174
1907
1842
1198
32
-506
-540
-665
-642
-1035
-1295
-562
-55
-926
-826
153
135
315
907
1086
766
236
-251
88
517
-82
-551
-203
218
-173
-234
-387
-939
-353
-167
-367
-387
-452
47
132
225
724
661
618
901
1144
1155
1022
967
-260
-1603
-1727
-1860
-1390
-913
-681
-284
-339
-261
-170
420
552
-233
-193
954
2290
2227
1630
965
373
98
-999
-1186
-920
-1288
-1312
-1408
-464
762
415
34
839
1475
1026
1306
1408
-439
-1218
-657
-737
-884
-1326
-1619
-1014
-171
659
1017
745
497
439
405
166
-112
291
541
-167
-508
-382
-636
-697
-136
608
823
555
808
1201
1000
290
-1106
-1657
-948
-732
-816
-742
-961
-1286
-694
485
807
603
1082
1969
1975
1179
179
-335
-435
-780
-604
-490
-729
-488
-322
-286
-105
-15
368
993
906
376
-115
-65
402
426
361
-70
-393
-305
-34
161
-430
-191
-268
-1335
-1229
-512
324
-43
-581
363
225
-472
41
722
618
504
1271
2040
1878
918
-291
-1337
-1251
-1004
-1085
-526
-953
-666
198
-494
-387
-392
-595
-435
-740
112
1145
1406
1409
1039
557
433
701
185
-679
-504
263
446
-167
-534
-615
-668
-513
-763
-604
343
612
284
428
561
159
606
790
-42
-390
-679
-118
145
-541
-112
-87
-579
-87
259
-38
-285
-294
362
673
297
157
-328
-130
-137
-719
-152
205
596
1027
616
366
103
-933
-1445
-904
-999
-857
-236
-58
682
903
542
791
251
-97
798
1014
608
281
138
-122
-638
-846
-642
-384
-483
352
819
41
-63
-350
-491
-574
-636
-165
15
565
853
1206
1548
887
616
311
-933
-2057
-1848
-1014
-775
-334
257
157
63
-114
-14
259
88
694
708
877
1093
-63
91
-24
-40
671
845
765
-789
-1521
-1550
-1340
-955
-1210
-274
487
1103
1492
1352
1266
314
-399
-688
-659
-285
-179
-40
157
-274
-238
419
423
187
-739
-563
882
969
-195
-925
-480
-48
460
200
467
963
288
713
20
-748
-860
-1615
-897
-148
65
576
599
104
-6
-760
-796
383
324
858
757
491
1212
550
11
-393
-768
-1069
-1586
-1190
-412
219
204
209
702
486
356
558
697
1143
787
155
-46
162
64
-997
-1199
-927
-157
89
-293
223
-274
-49
27
-570
34
-391
66
1195
1019
912
437
17
-146
-746
-1067
-1034
-782
-573
-176
366
-85
578
1306
540
707
39
-492
488
578
-212
-687
-511
-239
126
-403
-245
662
367
1051
1155
121
-266
-845
-1092
-898
-784
-615
-638
-475
448
496
374
754
46
194
715
259
242
472
450
522
652
-131
-808
-908
-1090
-744
-852
-687
120
215
754
820
353
945
946
605
239
-506
-529
-350
-211
-318
-582
-695
-504
-97
-392
-405
-195
117
855
1024
857
288
-215
-404
-322
101
188
46
-255
-22
542
609
195
-62
213
-251
-549
-439
-527
-29
-189
-297
91
-68
327
584
320
87
-415
-470
-277
93
175
-507
-391
-42
389
1196
937
232
-316
-315
-87
-276
-205
-386
-78
611
268
-275
-470
-300
-208
-67
70
-48
372
540
519
368
-470
-751
-619
-510
-202
76
333
684
891
369
-197
-323
-314
117
486
299
26
-54
-146
-485
-830
-630
-436
-450
18
53
223
1218
1190
709
496
-212
-546
-169
102
411
590
-319
-1133
-993
-745
-336
-163
-153
55
40
-11
56
183
403
708
929
939
480
69
-141
-727
-582
-293
-410
-184
-614
-678
-12
-55
481
1246
615
383
583
30
-2
100
-188
-255
-646
-1296
-978
-345
-205
92
-81
-140
200
588
740
89
612
972
399
573
135
-346
-382
-327
-286
-688
-749
-478
116
694
116
-630
-185
162
28
-103
-450
-65
516
889
1426
992
27
-290
-443
-577
-319
-197
-258
-238
95
135
-443
-421
-229
513
875
-164
-9
-45
-1116
-1226
-1006
-883
-278
781
1326
1359
1084
761
908
706
191
-241
-180
34
-307
-145
303
204
-468
-1353
-1584
-1155
-388
-12
-163
48
155
-127
-217
-249
-123
150
389
986
1554
1256
718
579
156
-164
-298
-557
-317
-326
-226
311
331
86
-384
-542
-370
-343
-245
-203
-279
-480
-522
-745
-689
181
231
-189
431
1118
1077
914
891
747
248
165
294
-194
-547
-1011
-1026
-489
-323
87
246
428
278
-407
-447
-393
-296
-430
-241
346
437
845
996
509
-42
-360
-393
-294
-94
-274
-438
96
843
687
-1
-311
-186
-293
-871
-511
-227
-440
-271
-364
59
521
179
-113
591
1199
829
1056
1278
1259
912
-168
-503
-735
-1436
-1919
-1937
-1737
-1570
-917
-144
670
1610
1727
1278
1240
1102
356
-35
374
331
-530
-587
-292
-670
-772
-1007
-656
480
330
97
575
784
465
-515
-770
-405
-452
-241
372
756
312
-457
-682
-564
-540
-388
142
887
1222
863
821
572
-306
-357
264
597
37
-745
-694
-740
-938
-548
-389
-137
493
68
-389
397
795
155
65
581
1074
1434
361
-668
-563
-1070
-1597
-1238
-262
339
468
812
892
614
236
117
350
42
-495
-374
-652
-838
-634
-681
91
526
647
798
376
447
122
-487
-526
-486
-462
22
614
111
-294
-22
149
128
-118
90
482
161
-184
171
450
349
61
-356
-411
-404
-448
-106
216
384
650
859
824
130
-689
-1128
-1545
-1294
-592
-36
508
947
867
303
430
579
556
811
-57
-1238
-1856
-1672
-423
499
1190
1761
1837
1352
-263
-1653
-1368
-270
-158
-385
-135
-568
-578
-160
223
1095
1347
1056
154
-867
-1340
-1748
-1550
-297
1062
1453
2002
2085
1250
812
-562
-1531
-1010
-1181
-1279
-855
-929
-110
1362
1502
611
-527
-937
-913
-955
-544
-140
979
1941
1343
683
17
-337
271
6
-177
207
-515
-795
-719
-114
788
371
458
341
-655
-1330
-1550
-1189
-138
1092
1029
1033
1010
366
231
-27
3
-117
-639
-1563
-2193
-1567
-866
345
1726
2796
3456
3000
1879
242
-1564
-2770
-2847
-2438
-1248
260
333
304
309
198
922
887
284
70
-333
-173
-200
-502
-119
-294
-154
695
860
415
-5
-462
-1347
-1444
-749
-15
751
1443
1977
1694
913
-336
-1268
-1131
-810
-193
606
1111
607
-224
-231
-252
-311
-417
-813
-1173
-1567
-1446
-601
262
1060
1371
1213
1164
607
-277
-380
262
409
370
561
207
-106
-534
-683
-139
132
153
-30
-126
119
333
-220
-815
-554
122
549
125
73
-188
-468
294
145
-417
-740
-907
-688
3
888
1107
1503
823
-313
-80
-143
-188
-320
-379
89
45
35
-316
-464
76
-40
-240
-60
355
267
-623
-1325
-1193
-232
33
244
671
420
819
1378
2109
1725
157
248
-291
-948
-496
-1440
-1796
-1132
-642
486
1019
992
758
254
126
-517
-758
-756
-792
-165
-850
-626
952
964
813
920
859
693
178
-910
-1322
-493
-419
-236
494
1062
1044
140
-258
-880
-1327
-785
-412
162
551
175
68
531
528
820
1450
798
75
-655
-1643
-1510
-1215
-912
189
901
961
705
-258
-739
-290
7
636
1576
1727
1145
-172
-1504
-1669
-1610
-1135
-168
204
881
1133
791
1012
848
694
869
177
-889
-1473
-1874
-1774
-1252
-530
510
680
491
387
-254
-263
-39
-159
442
1611
1920
1046
389
26
-464
-825
-674
-13
-163
-283
108
-10
343
180
-717
-974
-1459
-1429
-542
-64
776
1684
939
122
474
594
708
384
-26
423
-346
-919
-153
-538
-974
-616
-185
713
1209
943
760
-117
-1453
-1132
-746
-1288
-781
66
777
1134
1049
1624
1801
991
24
-1147
-1871
-1327
-917
-815
370
1195
620
195
183
-54
291
749
489
-305
-1523
-1806
-1467
-888
464
1393
1657
1508
674
-376
-709
-892
-1043
-255
520
564
495
656
489
560
878
793
492
-491
-972
-1309
-1461
-599
-649
-713
-629
-632
129
476
621
514
185
600
1434
1885
1658
691
-1020
-1936
-1412
-744
-509
-475
-81
-10
-309
333
1087
1617
1616
174
-904
-1341
-1357
-725
-432
455
1119
966
875
277
-239
-803
-850
-238
-158
-118
-510
-804
-232
534
1022
990
816
-142
-1064
-602
-187
-167
-248
-586
-642
-20
955
1336
1219
726
218
265
-31
136
595
-150
-871
-1294
-1471
-821
-123
84
116
238
183
169
238
-130
-364
305
1117
863
139
-217
-695
-981
-531
-13
56
-173
30
731
1298
1603
917
-343
-991
-1275
-940
-211
-13
-243
-334
284
975
942
368
-711
-1349
-1196
-929
-203
725
1150
890
883
1073
514
16
-1042
-1586
-677
-477
20
546
20
-460
-745
74
1038
726
534
844
924
677
239
-586
-1197
-1093
-881
-416
-93
556
1242
310
-195
-127
-121
518
350
-309
-864
-818
-756
-886
-313
-249
309
773
604
1213
1221
742
154
-294
-577
-1069
-502
323
254
-60
-554
-701
106
630
339
-182
-249
308
466
53
-611
-498
359
886
1223
705
-159
-535
-854
-1283
-1768
-1248
487
1582
1115
525
235
75
449
402
-47
-515
-869
-334
42
-366
-336
183
507
335
-297
-590
-344
-207
78
543
563
731
1085
760
-328
-1307
-1065
-597
-70
1002
1025
325
-325
-737
-485
-109
180
101
-70
-45
-370
-834
-805
-207
403
529
586
1076
953
304
35
-347
-600
-830
-808
-270
418
1272
1086
287
-269
-399
246
17
-886
-1308
-1007
229
805
199
-319
-353
-349
-216
87
534
1192
961
366
48
-394
-144
-41
-376
-372
-298
13
-66
63
615
371
406
406
77
-436
-1658
-1439
-656
-214
1108
1274
416
-170
-58
812
996
806
413
-497
-1135
-1383
-925
341
447
-488
-404
120
895
1033
152
-38
-36
-85
-616
-1041
-365
-260
-309
308
911
968
447
-12
-361
-367
-327
-883
-805
-41
121
796
1357
737
370
-382
-685
170
106
-200
82
-353
-915
84
987
1019
962
30
-577
-826
-1295
-1152
-446
625
800
729
851
101
-340
-589
-857
-755
-557
10
216
229
380
4
89
929
1098
494
52
-218
-337
-621
-922
56
310
-605
127
1198
1502
662
-1020
-1078
-962
-1273
-686
10
673
692
406
883
1098
713
136
-807
-1307
-1002
-441
228
187
7
248
-24
-111
74
182
542
727
788
544
-304
-693
-337
-10
222
-22
-478
-618
-619
-594
-1249
-1203
434
1447
1039
393
683
882
417
273
43
-79
-223
-735
-818
-879
-895
-114
561
497
460
370
-106
-312
-99
-217
-380
285
748
908
1225
542
-119
-291
-781
-895
-783
-275
339
304
168
-39
171
453
-209
-909
-1023
-595
-155
96
661
726
198
100
190
7
252
549
99
-26
-189
-490
-406
-744
-339
734
1178
1188
622
-90
-620
-1132
-1452
-1424
-836
277
1101
1495
1578
894
124
-830
-1244
-502
-559
-934
-577
67
560
874
1170
1174
1162
607
-343
-956
-1180
-658
-477
-1024
-759
230
683
696
841
1230
899
7
-662
-1681
-1532
-840
-564
232
565
1198
1110
388
568
-2
-510
-887
-961
23
589
1033
1331
1177
183
-1111
-927
-942
-1284
-977
-731
459
1480
1460
1517
1199
-226
-1743
-1533
-1289
-1340
-496
-131
218
868
1522
1684
1105
765
360
-305
-908
-959
-1053
-1782
-1627
-127
959
1384
2045
1543
302
-393
-887
-1351
-1836
-969
304
862
1406
1511
1636
1289
11
-1084
-1575
-1662
-1271
-557
8
738
778
-179
-429
-39
217
288
-219
-657
-408
107
847
1193
1243
1042
247
-55
-457
-904
-682
-690
-739
-816
-368
854
1641
1726
1022
-19
-972
-1717
-1441
-896
-1151
-984
-312
282
1549
2243
2007
1375
-287
-1517
-1543
-1115
-586
-163
-300
-524
388
1297
1710
1969
1355
88
-631
-955
-1470
-991
-798
-1025
-484
-84
884
1057
528
643
293
-32
-278
-24
347
-44
-331
-462
-188
235
107
-405
-1031
-1282
-1050
-433
955
1871
1449
1143
753
496
697
258
-198
-787
-1849
-2056
-1303
-655
621
1874
1071
74
-492
-943
-485
-525
-798
-502
53
841
1791
2514
1988
901
-199
-1032
-1364
-2100
-2099
-1572
-1276
-277
700
1824
2849
2625
1575
372
-788
-1824
-1407
-896
-1409
-647
-262
-361
609
1017
1768
2136
925
115
-618
-1350
-1736
-2089
-1592
-869
-200
594
1049
1508
1635
1197
553
242
46
-510
-570
-215
-172
-414
-306
-342
-631
-356
-757
-716
229
208
625
1440
1457
1286
823
426
222
-830
-1592
-1406
-1800
-1803
-456
943
1642
1934
1540
268
-481
-614
-694
-725
-845
-740
-821
-424
822
1485
1889
2016
1136
-123
-1342
-2060
-2169
-1841
-1401
-779
590
1050
884
1557
1741
1524
971
127
172
2
-970
-1281
-1190
-1178
-455
400
883
1153
1015
222
-1105
-1864
-1402
-62
1167
1773
1460
675
396
-412
-1649
-1750
-816
-310
-268
-64
139
385
-362
689
3499
1699
-1188
-1136
-1446
-272
1139
-1105
-2283
-472
1384
2047
1082
-227
-1072
-249
946
-258
-1954
-1635
520
1884
1227
-438
-422
1638
2081
1029
-609
-1895
-1606
-1238
-1045
-824
-448
528
1211
929
211
-695
-709
106
302
390
59
173
1475
2219
1648
110
-1284
-1901
-1471
-1055
-1005
-862
-134
1626
2000
1304
493
109
25
-1373
-2091
-2466
-2369
-2054
-198
5085
5352
1595
-176
-1206
590
1674
-1518
-4762
-4271
-324
2597
2375
555
-242
1545
3538
2038
-2062
-3915
-3155
-1779
-238
-61
-19
1779
2932
2090
614
-863
-1410
-438
74
-525
-212
708
1372
2454
2235
309
-1296
-2076
-1989
-2143
-2108
-867
-205
525
1380
601
759
1600
1086
31
-2220
-3134
-3605
-1495
5852
5135
-86
-332
-944
1685
3568
-851
-4680
-4144
-67
2179
1645
395
-1413
393
3449
1752
-1734
-3366
-2661
178
2055
125
-1924
-71
2115
2266
662
-1383
-1457
-625
111
-546
-1233
-186
728
2114
2790
935
-1264
-1522
-602
-157
-110
-306
-199
975
1829
637
-798
-1021
-800
-173
745
286
-753
-507
-1098
-1727
-3364
-2026
4532
3200
-628
-495
-1395
2217
4479
750
-2214
-2118
343
1503
1064
-371
-2120
-266
2257
719
-1673
-2469
-2241
-447
1062
153
-828
397
1654
1725
1064
-835
-2044
-687
719
282
3
279
628
1360
1268
8
-752
-257
-132
-251
-213
-866
-472
1204
1654
539
-609
-750
-442
-279
-342
-2183
-2926
-2875
-3705
2800
7691
2391
-666
-1447
-379
4312
3829
-1718
-5150
-3148
860
2228
2063
110
-1992
338
2845
1077
-2303
-4669
-4190
-1098
1202
480
-131
705
1520
2825
2619
723
-183
312
399
-103
-139
-905
-945
78
-312
-1137
-726
491
1148
799
146
141
518
714
243
-933
-929
-1127
-1818
-984
-1496
-2698
-4448
-2963
7199
9797
2958
-227
-3324
-943
4966
3141
-3168
-7548
-4393
890
3585
3938
-1243
-3382
657
2766
1783
-1408
-5001
-4615
468
3761
2402
1521
724
35
1068
579
-478
-1528
-1845
84
1690
2384
1285
-809
-1001
-391
-612
-995
-1276
-1209
-32
875
985
1001
510
-315
363
907
-760
-2374
-3161
-3438
-4666
674
9658
6285
829
-2490
-5124
897
4425
1110
-4182
-5979
-1213
2363
5351
4592
-1346
-1782
1264
2726
1840
-2554
-6096
-5352
-870
1884
1959
2504
556
-128
1706
1837
946
-1563
-2948
-2119
-118
2018
790
-410
401
159
-1
43
-491
-718
-127
1247
1853
2665
1531
-1016
-355
-627
-2229
-4424
-5936
-7210
-4608
8188
11455
5184
1773
-4079
-2403
3253
2740
-1815
-7100
-5607
-941
4200
8196
3819
-1895
-1579
487
1915
505
-3642
-6089
-4787
-377
3158
4835
3125
-1121
-1741
-138
1145
700
-1309
-2817
-2220
1232
2765
1950
1467
-214
-1100
890
1959
1332
-170
-1785
-869
983
1949
230
-1700
-1875
-2366
-2414
-3320
-4877
-6531
-481
8952
7837
5067
612
-4036
-337
3035
2408
-1511
-4687
-3937
-1325
4139
6780
2917
-1093
-2698
-1639
1028
358
-2968
-6012
-5345
-885
3468
6243
3783
-668
-2352
-883
1979
1623
-100
-2037
-2098
715
2102
2493
1699
-752
-2002
-665
1620
2363
769
-1424
-2188
-699
821
361
-810
-2615
-3866
-4159
-3366
-4259
-2748
6308
8295
6019
4735
-1411
-1600
1674
2636
779
-3444
-3663
-3443
-463
4670
3883
793
-1883
-3836
-2178
619
-211
-2778
-3798
-3209
-517
3897
5804
3553
248
-2214
-1443
1010
1688
406
-2136
-2398
-1038
799
4086
4088
939
-830
-805
389
1046
278
-1472
-2388
-1380
-698
-509
-837
-2199
-3721
-4002
-3994
-2975
4442
8874
5817
4516
467
-2608
713
2542
1375
-2009
-4427
-4388
-2456
2529
4659
2862
917
-1898
-2812
-846
264
-905
-3351
-4669
-3919
-108
4464
5213
3521
698
-1524
-817
1666
2793
896
-910
-1752
-1241
1237
2335
982
-1555
-3467
-2576
246
2031
1764
-35
-1027
-983
-383
1082
540
-475
-2190
-4395
-5556
-3967
4836
8592
5872
4264
-1858
-4342
-637
2650
3344
54
-3319
-5842
-3633
2442
4218
3662
2001
-2691
-4830
-2312
-273
-44
-1078
-3419
-4098
154
4975
6391
6042
2671
-963
-1881
-804
750
187
-1167
-3412
-4382
-1530
1529
2469
1185
-936
-2030
-736
1206
1886
1960
698
-917
-966
840
1754
1120
503
-2605
-5113
-6026
-4507
3531
7397
6598
5042
-1868
-4115
-1431
824
2871
484
-4067
-7677
-5115
974
4121
6412
3894
-619
-2075
-2254
-82
1715
1249
-1084
-3583
-1755
1383
2838
4079
2192
-1479
-2841
-2786
-1562
1018
2088
62
-1327
-1099
-601
794
1634
528
-1236
-1729
-1514
-35
2510
3184
1988
1077
704
-271
-57
275
-651
-2401
-5044
-6530
-5597
788
5614
5137
5032
578
-2815
-472
1845
3406
2335
-1037
-4954
-4726
-660
1320
3712
4524
1266
-1418
-2689
-2309
-323
997
-218
-2817
-2674
-1149
340
3283
4347
2260
-606
-2628
-2544
-257
1627
1231
-92
-1213
-1473
-1388
-26
1880
1858
1280
577
701
1904
2196
886
-84
-1016
-3223
-2785
-1297
-487
-152
-1681
-1975
-2079
-1955
-1215
-1169
1620
4478
3616
2591
1778
410
1219
1686
504
-58
-958
-2586
-3232
-1169
428
1075
1769
456
-390
-850
-1286
-869
-643
-750
-1841
-2129
-1120
310
2250
3194
3216
2872
1795
686
-426
-1328
-1920
-2557
-2165
-1917
-1488
-264
891
2636
2046
408
505
1172
1763
726
-30
-241
-1159
-1732
-1790
-1062
-116
564
10
-913
-1089
-1295
-900
-280
98
797
1270
1191
1436
1585
2164
2577
894
-694
-2323
-3611
-2779
-1666
-793
51
455
150
494
1728
2455
2968
2646
1124
-173
-1126
-2016
-1891
-1804
-1577
-980
-1111
-698
92
1637
2102
760
-71
-869
-349
176
339
845
610
782
213
-308
-519
-697
-35
-404
-855
-663
-186
639
1129
1090
649
479
428
56
-735
-1144
-1324
-1234
-556
-1124
-1257
-61
211
359
1372
1929
1636
1505
592
-447
-145
-94
-653
-353
401
-230
-739
-625
-1104
-398
508
-153
-646
-319
2
697
1250
1087
1029
888
332
-739
-777
-419
-995
-375
-626
-1648
-702
235
427
545
1034
1577
2097
1853
292
-403
-704
-1747
-3340
-3557
-1812
-427
1589
1551
49
1509
1636
1296
2242
1524
431
-1037
-1963
-1733
-959
313
245
525
779
-463
-796
-615
-397
-402
-737
-940
-1091
161
1224
1552
2606
2947
2118
623
3
-199
-1349
-2049
-2657
-2416
-1687
-1817
-1596
-1106
714
2702
3042
2592
1803
1248
424
-30
-443
-650
-688
-1485
-1103
-781
-583
-368
-661
-213
-149
386
1035
917
549
-67
-490
-78
856
246
33
606
273
-164
-527
-444
-494
-223
-220
-750
-630
-388
-189
367
821
-194
442
1984
1487
1371
217
-793
-287
-691
-1148
-982
-587
9
-47
-1354
-1893
-1099
120
1075
1027
764
469
790
1194
756
559
1189
1384
90
-907
-1341
-1453
-962
-863
-1083
-655
634
1072
1144
1806
1737
990
-203
-1244
-1727
-1861
-1291
-985
-1153
-864
-706
-745
-514
-282
179
1614
2554
2295
2993
2360
810
1151
929
742
-114
-2028
-2298
-2440
-3056
-3471
-3220
-1483
500
1338
1698
2059
2151
2396
2106
1350
1125
634
-365
-1213
-1804
-1685
-1391
-1314
-792
-820
-1019
-441
607
1964
2517
2093
1315
735
683
347
-236
-401
-1061
-1672
-1688
-2136
-1884
-1338
-957
-349
-14
258
533
1154
1499
2136
1766
1113
1992
1043
774
354
-1524
-785
-695
-1483
-1311
-1627
-1497
-520
-335
-643
-220
91
802
1352
1400
1515
827
475
393
-209
-566
-741
-1352
-1317
-291
59
285
516
214
379
1103
1290
779
708
545
-226
-684
-1034
-1155
-332
350
301
278
376
424
-583
-1899
-2224
-2562
-2070
-958
-592
524
1431
1117
1612
1852
1723
2873
3199
2455
1555
150
-393
-963
-2215
-2817
-2815
-1780
-1055
-1767
-2221
-1922
-922
1110
2582
1852
1317
1625
1423
1610
1493
910
350
-212
-1162
-2145
-1778
-1320
-1016
-370
-21
90
440
951
830
792
1305
1235
524
641
663
99
11
-573
-1111
-1632
-2218
-2066
-2193
-2433
-1662
-974
-276
1365
1544
2261
3188
2619
3562
2951
1947
1789
227
-685
-1519
-1825
-2136
-2857
-2523
-2187
-2184
-1967
-1546
-1123
478
1818
1917
2579
2156
859
946
1040
598
856
623
-352
-1105
-1471
-1054
-1142
-1346
-507
8
463
1204
1006
579
955
1616
1662
815
-34
-682
-865
-669
-1069
-1834
-2806
-3403
-2635
-1432
-826
-134
177
905
2133
2232
3584
4271
3485
3471
2025
1055
462
-1286
-2220
-2470
-3013
-3617
-3136
-3344
-3046
-1119
-206
931
1625
1651
1890
1829
2253
1837
1454
1743
1276
945
-134
-1771
-2273
-2287
-1817
-771
-541
-1039
-674
-9
661
2033
2721
2311
1452
634
-71
-681
-530
-1029
-2267
-2617
-2494
-2066
-1151
-513
-561
122
1047
1223
2072
2403
2497
3211
2266
1103
489
-454
-450
-706
-1285
-1239
-1728
-1998
-1670
-1573
-1075
-227
18
189
53
-528
-164
77
527
1625
1775
2044
1946
914
185
-88
-128
-521
-819
-1228
-1784
-1464
-793
14
824
969
799
878
1006
911
485
-490
-1872
-2365
-1329
-679
-174
671
76
-328
-120
-202
361
777
1178
1522
1324
882
127
-59
136
122
249
66
-1134
-1775
-962
-502
52
672
428
654
495
-957
-1555
-1242
-991
-478
4
755
1289
1408
1481
1140
1293
1339
663
-137
-1028
-1595
-1506
-835
-323
-138
-126
-537
-707
-190
-256
-840
-1328
-1464
-231
979
1847
1616
775
1457
1000
711
1128
306
199
33
-551
-736
-901
-869
-500
-480
-572
-248
-645
-1173
-1452
-1290
-540
-6
798
956
670
1156
1443
1317
1753
2426
1910
719
-420
-1420
-1278
-737
-1085
-1535
-1497
-1031
-382
75
530
586
548
681
555
638
149
-344
-333
-1472
-2180
-2002
-1717
-376
81
45
918
1019
1805
3018
3071
3235
2402
752
-406
-1619
-1992
-1596
-1796
-2127
-2343
-2886
-2168
-634
267
1542
1831
1243
1243
440
-385
-93
-7
22
604
818
1001
986
1028
1639
1138
925
978
-57
-809
-1410
-1400
-996
-1041
-1318
-1400
-671
268
571
-119
-1307
-2586
-2369
-839
-97
1179
1851
1465
1879
1842
2162
2725
1900
1046
60
-1401
-1861
-1826
-1831
-1088
-346
22
45
-904
-1233
-738
-645
309
684
166
702
245
-294
528
825
1096
858
-538
-1351
-1266
-558
548
1131
1120
998
758
679
763
313
404
783
-38
-351
-131
-225
-310
-785
-1950
-3375
-2949
-2014
-1360
109
83
557
1767
1432
2836
4270
3487
2965
1150
-1056
-1602
-2540
-2832
-2212
-2020
-1404
-1514
-1991
-269
1287
1677
2907
2258
983
1112
-184
-819
-496
-342
523
-79
-709
-118
-120
134
329
-30
-131
-169
-466
-731
-778
-1150
-644
656
1538
2105
1595
856
-387
-1703
-2797
-3764
-2019
-231
1847
3440
1397
794
309
249
3163
3261
1608
-153
-3385
-4248
-2720
-1286
866
1498
-441
-1184
-777
-38
1522
2003
1409
259
-1928
-3217
-3410
-2487
906
2447
1681
2084
1549
1912
3482
3142
2616
647
-2461
-2869
-2404
-2258
-1316
-1443
-1677
-676
117
1434
2480
1725
-629
-2603
-4437
-5789
-1490
2650
3754
4955
1417
83
2389
2526
5308
3880
-2696
-5422
-7736
-6560
-607
1897
3244
3615
450
461
2589
2769
3686
337
-5556
-6621
-6616
-3276
1932
2351
1887
1123
467
2858
4749
3711
1554
-1960
-4381
-3010
-1375
121
894
-168
58
1329
2097
2799
2092
516
-285
-2015
-2595
-2663
-3924
-5219
-5855
-1264
3130
6019
8078
2994
117
274
-173
2198
652
-3759
-5612
-6135
-2809
3663
6746
6549
3747
-1221
-2244
-940
-1203
-1587
-4707
-7829
-4863
-196
4670
7690
4735
2195
1399
1054
2271
1486
-1715
-4658
-5937
-4486
-474
2255
2322
845
-788
105
2229
3133
2804
1283
-1096
-1108
-475
-660
-824
-3653
-6131
-7665
-3383
4714
7123
8088
3040
-2454
-74
1603
3580
2324
-4300
-7526
-5783
-1548
4728
7145
3158
194
-2294
-2680
398
-194
-2157
-4221
-6502
-3233
2473
5911
7263
3565
-1054
-1588
-966
1105
2353
-281
-3320
-3724
-1094
2814
3857
1669
-488
-1374
-106
1604
1558
-236
-1559
-1907
-1587
998
1069
-564
-2507
-4766
-5046
-5010
1926
7368
6418
6115
-749
-2978
1432
909
1198
-1236
-6388
-5745
-2237
1684
6168
5321
873
-281
-576
-363
769
-1206
-4385
-5263
-3861
1506
5994
5247
3003
-1050
-2748
-1083
-399
771
-223
-2647
-2235
279
3031
4049
1854
-1679
-3151
-1783
892
2113
1673
14
-327
835
1501
2102
-288
-2312
-4114
-5593
-5097
-5128
2257
7542
6296
6030
-703
-3023
799
359
937
-1139
-5809
-5036
-1058
3075
6485
5157
698
-1340
-2133
-1935
-779
-3117
-5707
-5169
-2547
3993
8105
6924
4076
-449
-1994
-691
-116
-861
-2557
-3211
-2198
1137
3407
2763
1284
-1381
-2278
-258
674
364
-686
-1694
-308
1435
2293
2089
-56
-1847
-1792
-2180
-2582
-3794
-6344
-160
6969
6608
6355
-931
-5325
65
1877
4062
2618
-4589
-5675
-1445
2840
6079
4667
-1241
-3546
-2779
-1758
546
-1252
-4746
-4731
-2755
2564
6566
4934
1498
-2392
-3268
-453
1736
1706
-42
-1216
-584
2222
3985
2459
-546
-3507
-3376
-770
1154
1231
-146
-1464
-422
2245
2972
1648
-1119
-3216
-3189
-1831
-1111
-1867
-3816
-4919
2174
8313
7044
4233
-4068
-6589
-23
3488
5124
2021
-4342
-4905
-694
3533
5624
2675
-2758
-4331
-2896
-140
1543
-479
-3114
-3425
-1089
3641
6369
3806
-294
-3693
-3606
-201
1458
964
-1012
-2078
-400
2055
2770
1103
-1571
-3498
-2384
149
1562
1638
576
455
2567
3967
3231
1251
-2157
-3358
-2891
-2753
-2529
-3455
-4492
-5095
1204
8537
7437
4531
-2599
-5850
703
4082
4502
1129
-5412
-6340
-2315
2591
5032
3009
-1366
-3252
-1129
1197
1659
-364
-3753
-4244
-975
3606
5716
3561
-199
-3072
-2358
445
1473
1092
-487
-1686
-668
1455
2168
221
-2589
-4209
-2699
864
2849
2358
624
-256
1018
2449
2281
1364
-1459
-3527
-2216
-1551
-947
-1312
-3203
-4558
-3499
4087
8124
5253
2097
-3423
-3127
2823
4690
3452
-1039
-6167
-5751
-253
3621
3494
897
-2979
-3378
-693
1190
1298
-999
-3192
-2805
321
4668
5588
2513
-1127
-3455
-1982
1412
2005
210
-1289
-1206
81
1559
1232
-848
-2461
-2722
-785
1462
1670
804
-149
-86
1342
2377
2126
539
-1936
-2374
-1473
-1183
-555
-1749
-2793
-3630
-3636
3114
6648
4236
1620
-3924
-2677
4037
5433
3937
-706
-5597
-5300
-958
3083
3931
1644
-2578
-3195
-353
1149
1378
-845
-3813
-3979
-1376
2600
4289
2638
-262
-2277
-1070
1414
1535
106
-933
-1188
-178
1414
1730
833
-291
-1417
-1201
662
1345
237
-416
181
1563
2389
1573
-519
-2927
-3524
-2332
-956
116
-296
-1589
-4267
-3129
4235
5875
3835
902
-4803
-2538
3417
5112
3562
-1512
-5583
-4902
268
4815
4930
1852
-1689
-2840
-1681
213
118
-1884
-3630
-3272
512
4659
4882
1290
-2323
-3624
-1764
1197
1845
540
-791
-1144
429
3200
2799
387
-1950
-3902
-1826
1093
1956
1096
-647
-532
791
2588
2767
316
-2119
-3129
-2654
-510
604
-660
-2693
-5326
-367
7044
6002
4623
-822
-6275
-1225
2939
3389
725
-5341
-7139
-3313
2707
6325
5055
471
-2990
-2169
209
1647
354
-2949
-4255
-2196
2937
6005
3800
270
-3361
-3827
53
2291
1694
-378
-2603
-2041
1171
3637
2783
6
-2606
-3716
-1595
920
1065
612
-376
-324
1632
2337
1881
-24
-2617
-2893
-1392
836
916
-1211
-4578
-5878
2081
7945
6310
4114
-3002
-5325
652
3640
3592
-778
-6516
-7423
-2501
4480
7002
4864
-186
-3777
-3143
-821
1000
-452
-3685
-4735
-1976
3564
6372
4366
906
-2755
-3155
771
3050
2536
296
-2593
-3196
-891
1919
1978
182
-2217
-3057
-677
1648
2108
418
-916
32
1573
2442
1591
-787
-2979
-3012
-1281
1052
876
-1770
-4572
-5595
1796
7917
6262
3640
-3095
-4879
1074
4426
4641
-245
-6438
-7397
-2502
4040
6184
3719
-1297
-4799
-4163
-745
1884
1011
-1349
-3353
-2161
3034
5735
3992
928
-2790
-3377
-3
2105
1875
-152
-2716
-2623
444
3029
2598
675
-1553
-2478
-815
937
977
-315
-922
-68
1442
3035
2417
-649
-3356
-3801
-2202
35
214
-1803
-4629
-6358
-46
7156
7163
5705
-368
-4226
175
3207
3839
1212
-3827
-6443
-3584
2632
5339
4364
73
-3962
-3462
-512
2350
1247
-1841
-4038
-4472
483
5022
4765
2916
-1182
-3256
-829
1104
1355
-83
-2579
-3744
-1408
2041
2391
1194
-846
-2481
-1022
1342
2533
2198
974
229
537
2104
2290
163
-2266
-3651
-2800
-1084
569
-370
-2975
-5242
-6072
1704
7606
6620
4990
-2165
-3602
1372
3350
3875
-259
-5247
-6833
-3070
2407
4375
3768
-598
-3017
-1718
815
2882
811
-2367
-5005
-4186
1686
5562
5733
3686
-961
-3252
-1143
491
358
-541
-2402
-2929
-430
1884
2434
1412
-1536
-3146
-1464
1075
2097
1723
367
-782
-4
1424
1834
638
-1486
-2534
-2230
-820
1134
172
-2200
-5059
-5546
2805
7355
6239
4455
-3351
-3995
1373
3338
3753
-314
-5402
-7426
-3531
2014
5084
5559
907
-2210
-2021
401
2110
-454
-3026
-6246
-5481
1263
5448
6267
4528
-326
-2977
-1180
253
687
638
-1281
-1766
293
1745
1519
76
-2326
-3688
-1558
1604
2613
1974
80
-1382
-690
891
1650
830
-822
-1960
-1528
-10
1420
780
-1481
-4359
-6947
-1055
6119
5614
4755
-396
-4002
758
4202
4871
1325
-4812
-8421
-6578
-283
4084
5752
3466
-331
-1472
-64
2277
565
-2459
-4859
-5746
-839
3866
4647
3517
-33
-3021
-2037
603
1659
1614
31
-2036
-976
1231
2143
1823
25
-1520
-1413
308
1209
213
-698
-1521
-1333
438
1930
1231
-289
-883
-1794
-1304
65
163
-1046
-3004
-4588
-4225
2014
6531
5141
3422
-1424
-2325
2539
4996
4833
-98
-5295
-7333
-5502
1033
4262
3917
2104
-1207
-1861
169
1468
-148
-1952
-4055
-5255
-882
2757
3373
3316
653
-850
336
1708
1618
-201
-2191
-3538
-2233
526
1977
2293
1102
-571
-882
259
1197
737
169
90
160
514
368
-663
-1267
-1111
-1030
-101
1033
682
-212
-2361
-4310
-4862
-3045
3175
5237
3285
2216
-841
493
4112
4440
2032
-3001
-5226
-5669
-2475
2954
2775
1606
388
-567
1035
2382
1958
-1347
-4152
-5566
-4684
436
3336
3189
1948
-292
77
1860
2756
1510
-1693
-3661
-4066
-2134
581
1302
1232
221
-80
1274
2890
3450
1582
-23
-1118
-1561
-430
-211
-229
-703
-1172
-632
-421
311
204
-1706
-3270
-4030
-3860
122
4829
4163
2417
410
-1274
1963
4693
4491
826
-4796
-6106
-5349
-1569
3078
2448
1388
616
621
2832
3439
2241
-1406
-4806
-4990
-3251
173
1829
661
-943
-1294
801
3164
3950
2555
-770
-3210
-3291
-2026
-243
663
-269
-1235
-500
1366
3028
3357
1859
185
-218
472
1096
143
-1192
-2212
-2436
-904
864
1930
1296
-914
-3037
-4262
-4648
-2764
2057
3427
1616
1720
1380
2247
4637
4403
1308
-2776
-4333
-3928
-3162
-991
-253
-1253
-518
1272
2776
3883
3586
2280
374
-1805
-2080
-1480
-2078
-2071
-1790
-1771
-222
1586
2518
2675
2032
1281
129
-674
-704
-1529
-2650
-2706
-2000
-692
671
1560
2456
2469
1805
1454
548
-356
-737
-878
-654
-848
-778
-248
-595
-570
-228
-548
-988
-1924
-857
1823
1502
227
243
379
1836
3479
3362
2066
-906
-2995
-2771
-2696
-1875
-1325
-1722
-1679
-1299
499
2107
2882
3092
1539
532
846
1284
1281
-370
-2896
-3663
-2170
-242
1498
2127
898
-93
-207
-8
871
786
-1106
-2198
-1838
-1489
-431
404
-44
521
1271
1558
2637
2253
714
-182
-1252
-1171
-381
-120
266
-571
-970
-998
-2296
-2119
-1677
-849
2000
3405
1815
-343
-610
720
2176
2182
1355
817
-307
-753
-694
-1403
-2053
-2842
-3111
-1289
625
901
829
723
680
738
1051
1614
2005
1475
-306
-565
-197
-682
-100
-44
-555
-376
-558
-588
-569
-1194
-835
21
-41
20
-79
-166
-73
-62
773
1075
769
980
675
203
-135
-663
-287
467
282
-491
-969
-439
436
481
44
-263
-385
56
406
-45
-158
235
58
-679
-834
-598
-213
816
1235
893
34
-810
-756
-823
-543
219
881
1229
693
446
50
-738
-430
-259
-201
427
553
374
-292
-846
-1366
-1868
-496
660
1236
1989
1362
515
-126
5
-42
-1268
-1396
-1032
-665
-98
60
17
18
663
1154
1381
1361
28
-965
-818
-685
-320
-27
419
1002
576
44
-474
-545
-9
-90
369
389
-399
-714
-1026
-419
353
323
203
385
557
19
-240
-450
-800
-735
-779
-309
-16
-16
440
620
1135
1346
852
485
-315
-480
46
202
209
-110
-228
-33
255
428
74
-409
-876
-876
-535
-520
-413
-85
-290
-614
-93
150
44
488
841
1171
1496
1328
775
20
-814
-1491
-1743
-1611
-1006
-206
-39
237
1092
1506
1717
1399
731
580
179
-192
-778
-1296
-1187
-1452
-1379
-1119
-771
44
351
942
1629
989
36
-520
-755
-258
0
-162
128
604
1000
906
505
245
129
74
-80
189
418
93
-172
-565
-791
-695
-713
-183
288
312
579
669
501
-269
-944
-1282
-1944
-1789
-1119
-55
898
1373
2106
1571
813
637
-41
-309
-396
-379
-105
229
589
553
160
-527
-578
-58
138
158
-103
-168
-9
-36
-429
-925
-733
-620
-468
-113
-232
221
434
-162
-32
187
341
747
595
644
785
536
683
634
-84
-664
-504
-229
-302
-753
-1152
-539
221
802
834
438
516
-13
-337
-608
-805
-42
-419
-708
-102
39
85
-382
-649
-348
-16
444
295
-140
8
465
951
1281
1043
918
1281
752
-4
-143
-609
-729
-563
-884
-1051
-1057
-1181
-855
-106
196
219
304
358
403
386
410
-81
-525
-448
-600
-16
556
368
643
678
446
-95
-424
372
451
490
1393
1300
119
-884
-1159
-1246
-606
282
93
88
-275
-1081
-730
-388
-452
-921
-1577
-1084
-338
322
854
1115
1675
1644
1585
1178
383
660
340
-206
-198
-361
-117
219
426
-79
-596
-411
-597
-730
-671
-630
-875
-1322
-1348
-1019
-272
300
909
1253
826
1131
1329
643
79
-211
-286
-674
-675
52
376
191
45
213
204
205
361
479
356
-149
137
12
-858
-790
-529
-45
108
-220
-305
-710
-403
145
-58
-463
-889
-764
-575
-410
189
1140
1794
1307
1338
1591
893
639
20
-871
-831
-485
-11
233
293
144
-262
-124
29
-221
-379
-777
-1589
-2135
-2111
-1595
-336
1161
1661
1593
1819
1524
854
445
-111
-574
-760
-1039
-1162
-530
-21
302
1096
929
688
953
581
508
269
-71
-122
-402
-481
-968
-1195
-945
-857
-334
-411
-500
109
208
-30
-457
-190
353
175
525
914
623
114
292
1025
1225
1402
1048
540
456
-163
-910
-1587
-1705
-1289
-733
28
312
193
-126
-531
-880
-933
-302
565
547
-4
328
485
-67
-108
170
149
547
1177
964
580
-31
-446
-450
-723
-253
187
142
433
523
110
77
336
223
306
-252
-1058
-1437
-1642
-1173
-769
-85
241
336
942
555
-71
-418
-374
262
660
1063
1282
918
958
1064
98
-352
-31
35
46
-88
-604
-1513
-1597
-1209
-565
354
450
534
402
508
583
-555
-1045
-500
62
319
217
-214
-346
-19
-90
-300
44
885
1272
1269
623
-592
-1029
-739
253
610
297
238
15
395
403
170
218
-277
-599
-1051
-1505
-1513
-1313
-935
-179
1037
1532
1398
810
-347
-788
-566
301
1555
1805
1300
541
-422
-1282
-1701
-1437
-546
612
864
479
125
-46
846
1097
458
525
111
-567
-860
-1294
-1700
-1256
111
552
142
-245
-722
-509
17
-22
-204
272
973
1333
1772
1566
865
838
486
-315
-888
-1530
-1458
-1308
-1316
-823
-610
76
580
748
900
203
211
159
-26
218
-327
-740
-1117
-999
-75
1257
2594
1983
1120
1280
820
143
-815
-1981
-2366
-1732
-614
-390
-448
66
546
1142
1409
907
421
709
720
-112
-1001
-2134
-1915
-726
-1010
-813
267
541
970
1253
734
783
1322
892
5
-180
-227
-146
-249
-729
-303
177
438
579
-338
-918
-301
99
-727
-1114
-635
-305
392
292
-122
113
301
887
447
-753
-245
807
1029
1048
165
-705
26
429
166
-88
-258
-176
-151
302
-131
-1113
-908
-386
-182
-50
415
696
992
1061
28
-830
-887
-610
-652
-1000
-822
-115
524
969
865
93
119
772
785
381
243
347
199
109
-4
-409
-649
-530
-540
-549
-217
314
954
576
-419
-768
-584
-284
-493
-855
-805
-187
232
238
-40
-446
367
1252
1729
2129
1581
865
525
200
-676
-1570
-1948
-1358
-381
-681
-900
-525
-129
327
366
345
803
1396
1074
254
-625
-1209
-916
-521
-304
-450
-273
994
1459
419
-43
93
447
757
-413
-995
-251
319
682
338
110
476
761
597
-77
-833
-985
-416
-374
-1339
-1876
-1093
-593
-532
-89
139
576
1008
888
345
456
1139
1272
1451
995
508
689
535
-42
-1269
-1810
-1316
-589
-176
-757
-1169
-853
-66
581
666
681
1013
1648
1038
-428
-890
-997
-976
-644
-784
-981
-86
1327
1519
615
52
64
492
986
566
-193
-181
-57
-404
-934
-1141
-970
-838
-477
47
610
826
128
-241
237
1132
1352
137
-763
-878
-668
-267
164
280
-152
130
386
307
745
984
1103
649
-394
-1167
-1264
-632
1
-160
-886
-1060
-655
290
817
378
331
539
676
538
386
110
-724
-704
-85
-139
-342
-227
-40
250
54
-256
153
659
1183
862
21
-20
74
-82
-202
-295
-481
-387
-787
-1294
-1177
-997
66
376
-464
-628
-165
1181
2134
1675
622
-247
-171
379
325
268
803
887
259
-806
-1498
-764
207
214
-420
-1161
-887
221
623
231
-347
-142
285
180
21
-596
-212
760
583
229
-408
-645
14
379
215
-410
-681
89
523
94
-75
-168
27
451
235
249
749
1395
1912
1512
521
-479
-1416
-2392
-3338
-3377
-2054
-183
502
-152
-163
489
1530
2838
2613
1461
705
97
-281
-460
-459
5
446
-206
-1100
-1286
-878
234
918
967
777
228
-237
-657
-895
-1172
-804
514
943
339
-338
-362
16
265
338
-110
-213
42
-125
-588
-853
-725
-447
569
1478
1351
913
545
433
318
393
384
43
101
318
201
-322
-800
-1214
-1586
-1802
-1817
-950
-290
-400
-462
-239
446
1035
1616
1224
229
650
852
528
366
385
910
646
99
-188
-455
-467
-241
396
411
298
334
-358
-996
-1112
-700
-705
-677
-259
-554
-362
-142
-308
98
294
536
951
990
550
-70
-361
-294
208
331
53
-303
-609
272
830
764
997
637
662
168
-762
-646
-831
-767
-508
-537
-430
-430
-462
-1032
-1083
-330
152
685
827
457
256
115
-22
16
180
528
546
604
1126
818
429
734
696
242
-263
-655
-535
3
-237
-657
-672
-811
-449
-287
-455
-569
-557
-184
-488
-516
-93
1
372
355
429
470
348
804
695
346
47
-32
366
-50
-520
-302
-87
344
552
249
486
742
667
501
-581
-1410
-1442
-1405
-1282
-1213
-820
-48
669
864
838
668
511
639
489
297
-56
14
566
789
763
388
309
40
-570
-792
-693
-289
52
-54
-543
-345
194
416
-49
-936
-675
-595
-736
-383
-209
407
839
529
85
15
-60
40
589
684
562
422
253
-83
-266
421
443
-430
-631
-401
109
403
-33
-395
-926
-756
-76
-84
257
169
21
498
330
-234
-568
-242
192
151
-593
-935
121
927
1299
883
-19
-16
-73
81
534
664
1000
828
-197
-865
-933
-1010
-775
-524
-685
-614
-366
-147
-261
-219
565
862
611
416
14
-273
123
666
264
-401
-441
-307
-100
169
217
187
57
0
301
513
800
900
286
-383
-620
-399
-462
-1012
-1323
-1173
-752
-132
365
320
604
847
784
834
-123
-798
-481
159
1122
1244
1199
1044
131
-435
-879
-1128
-558
39
52
-212
-625
-637
-165
-335
-472
-637
-889
64
463
527
1120
1005
1277
1065
-53
-542
-1309
-1580
-773
-253
533
951
219
22
253
278
407
306
170
535
1243
981
-173
-945
-1539
-1599
-711
-5
-100
-373
-543
-279
477
429
-291
-353
23
330
580
467
302
531
951
830
29
72
555
660
277
-902
-1199
-1057
-758
213
204
-242
-424
-427
-239
-106
329
451
35
-214
-146
117
554
895
773
125
-810
-1195
-547
305
462
212
-19
141
437
384
490
177
-283
-193
-220
86
427
-106
-764
-759
-466
-138
-13
-209
-313
-451
-527
-606
-21
1097
1230
794
-70
-314
705
1180
1037
419
-577
-917
-166
728
-12
-1262
-1311
-761
786
1697
192
-1087
-1215
-633
638
1124
99
-1086
-679
293
435
-149
-590
153
1009
1239
868
-278
-886
-571
-281
208
216
-327
338
1081
707
-546
-2031
-1945
-544
968
1490
1088
639
-56
229
878
233
-661
-1154
-1008
-538
-30
336
-53
-365
-551
-480
251
287
-136
-63
183
407
988
1623
1353
576
-262
-827
-681
-359
-125
-453
-1318
-1304
-452
239
966
1257
639
119
-150
-143
392
487
29
-212
-50
279
-79
-1039
-1210
-692
-502
-532
-494
-43
335
107
537
1227
1271
859
-33
-487
-111
923
1260
723
405
-555
-1073
-1091
-1201
-801
-912
-756
-253
103
789
853
416
212
-87
-276
134
321
279
300
78
404
708
270
-110
-43
57
-485
-879
-344
190
335
-144
-1014
-815
38
426
432
283
14
-28
641
920
599
219
-453
-744
-703
-691
-611
-230
63
-88
253
737
874
559
-428
-1018
-816
-151
616
684
319
245
85
16
-80
-678
-456
116
67
170
100
148
301
242
329
340
459
56
-500
-744
-1031
-345
269
286
100
-336
-19
169
225
286
-238
-156
92
108
199
181
338
333
252
53
-300
-550
-917
-599
22
312
813
771
493
301
-71
-48
-410
-923
-871
-804
-362
124
219
646
945
712
490
-99
-650
-503
-478
-376
68
357
675
762
448
86
-390
-968
-1339
-976
-30
702
867
322
-154
-72
291
896
721
-191
-780
-673
258
858
385
-178
12
379
429
249
-714
-1493
-1064
-339
368
686
427
313
218
-119
-630
-928
-680
-390
-22
590
1026
1117
927
614
128
-527
-933
-665
-33
270
80
-361
-663
-386
353
650
474
215
-105
63
363
12
-990
-1639
-602
837
1119
953
468
-313
-572
-249
96
198
340
465
318
-67
-657
-1195
-808
355
570
332
-240
-1039
-388
159
620
964
342
287
-283
-416
851
905
48
-237
-761
-1422
-1022
-452
504
1163
899
1089
204
-363
244
27
-139
-572
-931
-751
-609
-1
401
146
-180
-224
-150
322
790
532
423
470
422
-200
-1106
-911
-347
278
686
448
404
517
430
154
-308
-985
-1128
-542
184
776
849
373
-585
-723
-343
-530
-423
-546
-506
474
1559
1544
491
-307
-593
21
362
-130
-553
-887
-337
215
655
849
-9
-132
-45
-58
-315
-1327
-925
-68
791
1583
787
136
-267
-371
-159
-83
515
-149
-674
-92
-263
-184
105
271
466
247
-317
-618
-113
114
-195
-180
88
522
601
198
177
84
-96
7
-329
-827
-1199
-905
-65
-85
-388
138
826
1176
1431
731
-107
148
471
668
250
-429
-260
-39
-207
-417
-566
-507
11
302
-308
-1246
-1763
-1360
126
1558
1756
1141
172
-130
88
21
385
78
-843
-1137
-904
-16
658
678
432
296
26
-466
-148
73
-90
204
67
167
731
623
684
454
-509
-559
-52
-7
-464
-1158
-1267
-966
-382
560
503
-59
-88
-481
-667
-355
-118
766
1835
1967
1655
1247
311
-744
-1528
-1547
-277
769
250
-682
-961
-939
-414
311
435
95
-365
-268
-85
149
884
1226
1218
732
-165
-601
-376
-46
26
394
568
91
-724
-999
-454
-334
-415
-668
-727
68
205
-452
-992
-1636
-2029
-1215
597
2249
2413
1784
1622
1188
964
964
863
743
146
-198
-534
-801
-977
-1381
-1571
-1724
-1853
-1889
-569
1084
1408
1871
1729
571
16
269
609
457
34
-341
-812
-975
-626
-793
-885
75
945
1211
1034
371
16
303
364
252
261
76
167
511
-141
-1249
-1976
-2656
-2009
-1151
-977
60
718
837
666
610
1687
2720
3006
2155
1026
614
-257
-1988
-3195
-3140
-2021
-174
737
703
333
-353
-349
-590
-478
800
1154
830
758
817
1024
960
617
-3
-468
-512
-763
-1081
-1169
-811
-270
-129
483
1864
2794
2520
1341
-297
-1976
-2089
-1226
-1572
-2155
-3058
-3584
-2074
-117
1966
2455
1936
2252
1020
930
2314
2427
2424
1282
-540
-1113
-1047
-1602
-2365
-2551
-2453
-1992
-1397
-496
154
712
1895
2487
2969
3358
2316
840
-465
-2307
-3395
-2964
-1542
596
1331
1062
1394
1040
576
354
-415
-819
-1273
-1536
-368
531
549
641
831
1218
1574
773
-1398
-2975
-4290
-4146
-1712
-591
863
2339
3076
4653
3446
2002
1855
347
-42
-470
-1801
-1769
-1709
-2225
-2049
-1919
-1417
-51
300
356
3
-1434
-1143
328
1552
3385
3352
1343
343
62
579
692
-145
83
-321
-1140
-867
-932
-404
869
813
305
63
-464
-642
-1243
-1636
-963
-72
1081
1763
1673
243
-1423
-3240
-4432
-1987
-651
230
1811
525
1673
3267
3129
3993
3048
2605
1755
-1775
-3852
-4874
-5055
-2824
-705
235
1363
1972
1828
1807
893
-254
-506
-851
-680
-1428
-3309
-2735
-842
1781
4700
4546
3263
2203
515
-197
-1145
-2522
-2150
-1369
-1103
-968
-1339
-1277
229
2372
3061
2647
1964
319
-631
-1461
-2637
-4636
-7527
-5519
-2238
1260
6705
5782
5174
5779
2507
2711
1409
-1511
-1961
-4642
-6572
-5733
-4075
-679
3602
5186
5100
3983
432
-1484
-1860
-2063
-692
-644
-1699
-2029
-2927
-2019
783
2456
3937
3780
1878
826
-372
-1447
-918
-249
-828
-1091
-1351
-1037
777
1963
2965
3718
3346
1563
-831
-3091
-4087
-3997
-4825
-4512
-5904
-4637
1124
3849
9075
9271
4033
2962
-1249
-1805
928
-884
-1317
-2686
-5450
-4748
-1922
860
4129
5347
2784
1115
-583
-2221
-800
-1039
-1313
-665
-2850
-3084
-1885
-966
2310
4989
5357
4629
2892
395
-908
-1839
-3545
-4303
-4878
-4006
-866
1136
2532
4019
4197
4079
3155
1425
-134
-1245
-2227
-3061
-3720
-5321
-4942
-5276
-2847
3863
4752
7258
5924
-489
857
812
1921
3769
-548
-4631
-6936
-7274
-4413
1527
5384
7150
7540
3328
-430
-2900
-3680
-2555
-3696
-3894
-3246
-3271
-285
2766
4920
6088
4654
3070
88
-1988
-2871
-3333
-1792
-1661
-1117
171
1119
2003
2125
1844
211
-1034
-1639
-1360
309
482
-662
-431
-544
-509
616
-278
-1367
-2923
-1534
1315
2022
4282
900
-1637
-199
-909
2437
4045
1572
-1375
-3912
-4881
-3369
1311
3696
4216
1705
-2902
-3626
-2639
683
3305
1068
-608
-1052
-1267
995
2112
1602
1241
-821
-2144
-1324
288
1559
1972
1313
-935
-2994
-2507
-823
-231
1000
2069
2096
1223
932
2312
757
-1390
-2658
-2911
-1477
-638
77
-1535
-2424
-3897
-2860
3143
3953
5310
4180
-793
-94
1165
2633
1959
-1481
-3937
-5676
-4699
-1361
3032
4076
2750
1346
-1627
-1250
830
1507
1710
-1627
-4299
-3247
-1823
1124
2567
1246
381
452
2539
2886
1180
225
-1615
-2840
-2201
456
1969
180
-421
-965
-1731
-669
748
3212
2775
303
233
-115
-228
97
-451
-3000
-5144
-5203
-4548
-2817
-818
3461
5397
6488
6936
1143
610
2016
647
1765
165
-5073
-8011
-4250
234
3064
2995
976
544
-2133
-1128
1298
1083
917
-2588
-4925
-3708
-1044
2305
3953
3157
2161
1965
2593
3474
685
-2203
-2883
-5003
-4408
-578
217
-48
1082
1065
1905
3060
1962
60
-426
962
895
-1017
-1098
-1274
-2642
-843
-493
-2267
-1443
-843
-3060
-4878
2267
6715
4053
4053
-1090
-2775
2884
6611
6684
965
-5038
-8876
-7381
-3118
-332
2779
1939
924
2009
3082
3470
1365
-1637
-4102
-3534
-1551
-192
1282
876
306
1148
593
-86
2106
2646
-1163
-2359
-1246
-2320
-1340
-780
-1883
-550
1143
4053
4976
2483
583
-675
62
880
-348
-1978
-2435
-2616
-1081
1129
293
60
-1822
-4724
-5126
-2374
2763
3588
4769
3256
-625
3647
5698
2578
-815
-3386
-4249
-3520
955
2039
-1700
-3943
-3296
-601
3023
6394
4091
-809
-2804
-2969
-245
108
-2377
-2631
-2855
-918
3145
5629
5161
1166
-941
-827
-836
-372
-1471
-2753
-2927
-934
2147
2457
1576
486
-187
1300
2249
1629
440
-1825
-2282
-1285
-1593
-1832
-2056
-1069
-82
-978
-2292
-2946
1416
5336
2742
626
-817
92
4762
5813
3838
-45
-2512
-2628
-4285
-2203
-1025
-3331
-3179
-1543
2012
4373
3675
808
-543
-824
-2744
-112
32
-3113
-1077
427
969
2476
2933
2207
898
544
588
-792
-2112
-3079
-3592
-1710
325
2279
2292
335
506
2576
3916
1065
-361
-157
-1944
-1378
-807
-1689
-2304
-1198
-776
-2084
-1357
-1103
-2344
-994
3020
3204
1728
1785
355
2022
5471
5474
1604
-2456
-2806
-2744
-2166
-1065
-3115
-4519
-2039
785
2115
1732
874
-690
-595
2783
2317
990
-924
-4042
-1736
291
1432
1107
-648
957
1753
2306
2293
118
-2300
-3107
-1512
-472
262
-472
-1596
594
2516
2232
1233
641
435
-58
526
-76
-2533
-2884
-1967
-1276
-666
271
-91
-1592
-1520
-535
3010
4058
1636
978
-1280
-53
4342
4308
646
-3197
-2942
-1347
-552
-618
-2855
-4371
-2550
1576
3672
3103
1748
1052
1000
583
-6
-2088
-2612
-1155
-545
679
741
521
650
-459
872
1925
-300
-929
6
86
-405
-1348
-2359
-2094
-95
1206
1625
2318
2600
2393
1539
812
-548
-1684
-1242
-1933
-2047
-1487
-1271
-491
-881
-676
-1438
-2819
-289
2600
2112
380
1060
2769
4725
5646
2181
-1445
-3507
-3577
-2063
-2675
-2736
-1770
-1178
754
1875
1307
1618
1291
1980
3647
1231
91
-215
-2701
-2511
-2808
-3158
-1880
-615
1485
1931
2073
2212
309
40
1303
401
-1104
-1863
-2502
-772
1006
1088
1739
1476
1026
598
715
1205
-51
-233
-312
-605
-752
-2103
-1973
-1694
-1986
-1415
-910
-2305
-2400
2052
2621
-360
44
1095
3579
6099
4307
1094
-1307
-679
1676
100
-3319
-4836
-3573
-1299
-147
354
-872
-619
2798
4825
3114
223
-575
-1517
-2123
-1059
-1039
-1908
-2058
-554
608
686
1552
1756
1011
1075
1148
-147
-1967
-2413
-1231
400
974
321
375
1000
1656
2004
677
-250
403
808
189
-397
-354
-707
-958
-1518
-2843
-2777
-2505
-3217
-1178
977
-577
-780
1083
3888
6588
4993
1990
1113
1156
1061
825
-377
-3156
-4344
-3152
-1907
-1823
-2647
-1842
820
2321
1657
236
-279
984
2140
1781
1129
303
-448
-612
-122
-242
-1392
-1418
-1567
-948
1096
1074
3
-775
96
1380
928
1189
1274
1387
1308
-411
-1185
-1099
-694
169
315
-613
-1386
-1195
-1239
-403
472
-940
-1120
-591
-1823
-1007
1544
2437
736
-756
703
2277
3122
2556
1072
626
278
774
7
-2260
-3006
-2017
-942
-1681
-1863
-1281
-919
64
520
68
-180
1161
2051
1770
1593
1016
336
-209
87
-340
-1050
-280
-525
-413
231
-562
-343
420
741
915
453
652
438
-119
-27
-455
-590
-724
-615
-185
106
192
-858
-307
1034
398
254
958
188
-1448
-1358
-1158
-2027
-1068
749
353
-1134
-1098
773
2931
3010
1365
650
962
1590
1388
-554
-1435
-661
-147
169
-945
-2427
-2224
-1579
-937
-466
-436
-452
680
1999
1343
582
510
773
1375
666
271
791
-90
-646
-134
-40
-238
-698
-893
-660
-454
-644
-804
-423
136
1020
989
53
75
538
953
1439
768
-677
-741
-556
-1199
-706
225
-8
-205
-152
-645
-1221
-1486
-1008
129
982
674
40
273
719
1441
777
-810
247
1538
1460
1392
538
-384
-359
15
-49
-760
-1389
-1717
-1141
-52
-860
-1596
-341
906
2046
2117
1063
306
-651
-876
-245
-441
-1201
-961
-166
552
1160
730
562
512
-279
-429
-247
-241
-804
-475
211
-393
276
420
-37
667
508
485
-120
-659
409
532
-297
-699
-485
-717
-1121
-404
995
1414
262
-51
-294
-667
664
1000
225
-343
-813
39
974
896
68
-698
110
-440
-1949
-650
228
625
1488
440
-50
505
512
376
119
-791
-1868
-1220
-13
281
271
-120
-533
-424
-305
-440
-407
12
1090
1372
778
996
717
121
91
39
-33
-620
-889
-552
-393
-349
-346
250
834
919
426
-377
42
409
112
-157
-487
-606
-814
-585
20
683
337
-153
82
-597
-412
-571
-818
46
58
1125
1464
876
832
31
-187
-145
-26
-373
-849
-361
-531
-556
-57
-40
184
241
170
972
1141
452
340
75
-471
-1055
-1431
-1843
-1920
-598
275
664
1397
1885
1597
707
1021
691
102
259
-437
-18
-360
-777
-374
-1004
-769
-1496
-728
772
-269
-311
-320
110
71
412
1921
1098
1119
937
628
728
-1253
-1427
-1276
-1630
-657
-225
-490
-709
435
465
-1032
-13
1377
1165
1538
1523
460
100
-139
-223
-656
-1849
-1768
-1773
-1142
903
894
145
499
1149
1532
1443
1506
830
-228
-562
-766
-657
-549
-1025
-1520
-1199
-480
-88
552
1245
1451
903
127
-8
-482
-1048
-469
393
600
551
364
241
333
-12
-286
-828
-1497
-1121
-992
-719
544
892
355
765
1146
1162
820
-598
-313
275
-215
-574
-1626
-1332
-1028
-487
992
1060
1560
1357
662
832
451
-285
-1005
-1113
-1057
-600
-513
-823
-584
-559
643
1875
1899
1480
545
-263
-1107
-1350
-891
-494
-251
22
627
854
380
16
463
43
-975
-8
437
-820
-686
278
159
394
685
-552
-584
679
818
352
-181
-113
-416
-1089
-1040
-1079
-862
-190
774
1127
1398
1507
609
1079
1068
-191
-789
-1070
-672
-635
-637
-721
-973
-359
116
379
256
457
1050
700
496
203
-502
-514
-934
-959
280
551
812
775
-862
-1326
-355
351
77
-192
496
658
591
717
516
233
6
164
-553
-1491
-866
-522
-669
-236
231
176
-260
-674
-333
1266
1915
1761
1883
1116
360
64
-18
-649
-1401
-1341
-1721
-2123
-1657
-604
-362
-772
-367
553
1495
2028
2001
1474
1283
709
-597
-1162
-1045
36
620
291
-102
-718
-566
-705
-739
-80
-166
-77
433
323
135
287
-33
-137
41
-525
-549
-10
-271
-466
-10
113
172
286
321
1047
1350
1155
1061
-237
-1420
-1055
-251
192
-190
-584
-275
35
332
1004
1112
60
-654
-1152
-1465
-785
-181
305
152
-42
453
355
817
1227
497
48
-401
-675
-660
-913
-485
-271
-75
571
-523
-685
561
676
1310
1469
970
993
235
-798
-703
-737
-1442
-1178
-1164
-1222
-497
188
1194
953
253
746
774
256
671
1075
417
202
-683
-1559
-748
-493
-300
35
65
-140
-574
-1
356
675
1170
863
810
454
-538
-822
-443
-799
-904
-539
-910
-548
75
761
1186
609
666
420
111
367
485
541
-444
-1288
-1396
-1441
-695
-210
-632
-40
1197
1390
1679
1258
1
132
68
-664
-765
-534
-69
337
291
514
850
105
112
209
-801
-859
-1462
-1243
-225
-1212
-946
387
919
1141
1034
1005
630
494
60
-330
89
-379
-613
-740
-524
597
140
-101
-18
-496
-16
263
710
1167
1224
1027
494
260
-558
-1176
-1699
-2162
-1574
-843
-107
11
100
661
686
457
956
1557
1198
1057
812
393
-382
-1420
-1159
-1193
-1337
-1076
-527
347
525
978
876
691
1054
1247
1486
220
-253
140
-773
-1021
-1501
-1545
-1121
-1628
-972
-530
-128
895
778
923
939
871
1146
1092
1114
373
-340
-777
-707
-239
-515
-76
15
-150
107
-470
-164
123
-263
325
391
-5
78
-518
-626
-42
7
173
-374
-514
303
430
501
105
120
421
-233
-562
-559
211
752
486
550
-268
-267
637
3
139
420
-438
-465
-637
-606
-44
24
19
-578
-677
-102
338
1140
1212
728
97
-767
-755
-580
-705
-37
629
368
91
259
337
-103
-326
204
607
622
522
-138
-804
-395
-241
-688
-610
-453
-91
-218
-770
-374
411
681
-141
-487
-59
532
1328
690
439
23
-645
362
113
291
915
461
350
-432
-366
162
76
-14
-630
-1150
-715
-7
-231
43
-62
-551
-65
-470
-360
516
926
958
590
630
315
-129
276
238
-685
-876
-788
-950
-863
-878
349
1445
449
-689
-997
133
1917
1897
1267
459
-705
-101
-367
-1344
-727
-662
140
438
-302
-155
-1010
-384
559
-669
-207
-153
-689
311
698
1362
1057
747
1769
1085
173
-344
-262
-265
-1016
-1164
-1416
-1048
-1290
-906
134
-117
553
615
1164
1640
951
1169
182
39
441
-390
-623
-1261
-1406
-1065
-695
602
806
356
549
405
498
118
-362
-165
-601
-380
-535
-830
268
-107
-1768
-2177
253
2356
1742
1353
1002
1237
1687
994
-188
-1889
-1449
-214
-288
-272
-1037
-1371
-968
-39
661
-45
871
1755
1217
625
-752
-1174
-1193
-605
603
306
285
264
19
-37
-782
-868
-529
309
1382
1267
873
231
-242
-183
-385
-838
-1601
-1398
-949
-393
1425
1644
1117
1041
897
1058
-206
-529
-193
-807
-272
52
456
331
-917
-1005
-1207
-1771
-1363
153
1195
185
-750
-164
1484
2036
508
89
495
1056
1553
-114
-1367
-1646
-1235
159
293
360
154
359
963
149
107
-620
-1371
-595
80
1291
689
-677
-261
-420
-1274
-1767
-1269
-478
364
1778
2102
1425
493
7
248
-187
-335
-165
-604
41
950
287
-370
-476
-735
-332
194
78
165
415
333
145
35
552
1111
457
168
-225
-1656
-2250
-2179
-1579
-1435
-905
1083
1788
1589
667
459
1944
1687
480
-575
-936
338
791
-119
-1090
-1074
21
257
-245
-221
138
310
-51
-93
456
848
404
-608
-800
-729
-992
-1016
-316
609
158
-296
478
622
336
435
316
639
522
-20
625
614
-173
-891
-1484
-1173
-583
-424
-433
565
1266
1612
2213
1188
222
-406
-1089
-1275
-1852
-1289
-23
352
201
-39
-224
-621
-735
-498
207
764
577
1099
1120
187
-320
-688
-167
-137
-391
490
481
455
646
388
171
14
663
54
-872
-443
-1318
-1135
58
-420
403
1012
291
-125
-860
64
406
-574
-401
-675
-317
278
376
1134
1444
783
443
869
141
-470
-164
-99
96
-400
-795
-1030
-1186
-319
-81
-73
541
160
19
-58
-1406
-1162
127
1049
576
-1197
34
1873
2144
1318
-787
-560
398
240
516
-6
-1256
-866
641
364
-573
-981
-879
-199
-407
-408
-176
20
989
1230
1028
377
-917
-551
660
383
34
327
393
477
6
-424
-532
-606
-430
-707
-194
-202
-1201
-690
-201
-144
452
1232
1672
1530
677
-191
-68
-143
-290
-385
-416
-547
-859
-367
-525
-286
76
-32
653
393
788
1290
393
216
361
406
178
-631
-1285
-1207
-975
-1176
-1271
-586
199
428
794
904
823
452
-30
449
1164
842
-448
-180
597
-7
42
222
-302
-866
-992
-674
-260
79
411
848
627
311
440
501
-136
-1126
-1167
-876
-418
-258
-738
62
1206
826
595
866
293
-94
-345
-882
-807
-497
-271
-61
592
738
45
58
-277
-456
91
244
869
618
-13
501
422
448
655
230
-702
-1531
-1350
-1376
-1136
-570
-170
607
743
778
646
88
281
652
6
-400
608
819
311
107
-188
41
84
-30
56
-12
34
-220
-630
-607
-525
-504
-157
315
301
74
485
492
-337
-628
-461
116
215
-402
151
586
155
393
192
-317
-29
-82
-425
-412
-140
167
541
463
-109
-80
-375
-503
-119
-365
-225
566
986
310
187
63
-813
-525
-52
977
1190
163
317
-421
-1380
-711
-235
14
758
501
123
208
-570
-820
-679
-89
529
719
1272
770
-13
-327
133
74
-1092
-829
-487
-624
-524
-58
228
75
221
-191
512
1148
540
982
781
-35
-611
-1167
-678
-658
-1164
-169
346
-63
454
796
584
-123
-514
-209
-170
241
929
1406
705
-432
-551
-251
-192
-903
-511
-112
-207
870
49
-304
344
-532
238
402
-217
154
-621
-359
246
-97
506
652
-47
-264
-313
-477
-175
286
390
577
755
797
636
-79
-862
-1362
-1312
-857
-761
-1
306
-164
546
508
655
1055
283
430
173
-326
-470
-597
-212
-337
433
826
209
125
-436
-162
230
266
382
-121
138
-232
-393
159
-195
-289
-912
-551
55
-118
702
340
124
174
-433
-460
-565
-173
-8
92
272
52
213
254
-119
-263
662
901
185
61
321
614
38
-582
-472
-39
242
700
743
-389
-615
-809
-583
149
-422
18
706
684
249
-327
-245
-826
-751
-604
-1061
-321
79
559
999
378
464
724
431
-254
-635
-159
217
622
180
-134
488
181
441
401
-858
-1113
-924
-815
-518
-42
2
283
1154
760
490
455
-451
-60
293
-547
-665
-467
137
202
-327
359
327
98
323
16
201
128
108
176
58
314
461
642
-99
-1136
-670
-67
-537
-416
99
-312
63
360
74
290
-518
-627
354
174
-62
-396
-56
764
-59
352
893
-230
-256
-556
-452
-4
-320
614
841
703
966
52
-245
-821
-1703
-591
-322
-963
246
798
436
552
11
84
263
142
894
131
-527
-25
-628
7
131
-491
895
657
-43
-67
-541
287
-194
-960
-258
-98
754
1270
842
422
-803
-990
-242
-1065
-1195
91
-9
255
785
255
487
-304
-495
398
-753
-525
26
360
1547
40
-50
842
-213
-440
-1162
-138
1040
12
828
997
269
330
-170
-330
-747
-1724
-1406
-420
-649
-78
826
551
728
521
708
298
-743
-93
-305
-229
-53
-699
556
539
-369
604
798
577
189
-358
467
43
-1050
-551
-445
-313
55
350
1102
152
-948
-157
-480
-613
327
24
574
1056
745
1028
213
-430
-1319
-2429
-1582
-1094
-617
418
317
981
1815
1406
1361
695
223
301
-677
-534
-318
-391
541
528
493
198
-1024
-1372
-1440
-1263
-578
-85
868
1223
734
811
116
-429
-42
-649
-789
-102
214
945
478
-698
60
442
111
-154
-436
316
-95
-353
547
363
644
810
521
539
-652
-1302
-632
-884
-649
207
167
599
445
100
587
-409
-882
-231
-488
-161
-120
-38
657
-345
-23
1284
601
25
-430
-168
119
-522
-40
700
860
563
246
233
-321
-1261
-1342
-897
-929
-438
26
420
1001
1163
1512
902
35
-454
-1324
-1283
-888
-522
468
318
-186
805
739
-67
-416
-347
974
1225
679
475
548
1076
835
146
-1069
-2350
-2630
-1873
-1099
-342
906
1296
1742
1526
519
-90
-958
-459
-579
-1485
-725
-50
889
1063
8
245
660
590
208
-659
-907
-654
-27
688
1064
1320
1529
1454
343
-919
-2025
-2578
-1919
-1392
-224
1007
974
977
1069
1080
468
-519
-638
-785
-982
-879
-346
1084
1053
434
600
-105
-32
-301
-404
880
257
199
1016
605
589
196
-328
-750
-1703
-1876
-1319
-897
-337
660
1455
1366
1190
1544
1031
-396
-989
-1444
-2128
-1877
-1446
-910
-449
-35
1361
2071
2067
1663
836
1206
539
-857
-505
-243
210
1070
588
-413
-1565
-2291
-1641
-1136
-310
987
1316
1667
1334
703
575
-419
-303
-439
-2120
-2044
-1692
-1106
49
-88
435
1152
1737
2188
1005
503
287
-673
-28
955
807
969
787
-132
-1167
-2224
-1883
-1840
-1590
678
613
-218
701
1285
2018
1428
212
-56
-1069
-1959
-2149
-1420
29
-386
-414
1481
1442
736
795
324
230
-26
-392
240
1468
1637
605
295
8
-1493
-2289
-2079
-2371
-940
1153
1400
1455
1073
1110
848
-342
-547
-874
-1242
-1016
-102
632
223
-115
200
530
374
218
-200
-75
357
-295
-364
617
1515
1356
715
517
-200
-1545
-1672
-834
-730
-215
-265
-763
-340
-247
202
112
187
841
42
-178
255
24
-262
-382
-239
512
1528
1252
230
-209
-448
-752
-607
175
907
1362
1640
1420
376
-1412
-2729
-2421
-1567
-608
527
759
695
383
37
-152
-451
97
6
-174
89
-11
1067
953
108
606
-140
-900
-694
-629
-267
-93
600
1128
412
822
1115
390
834
531
-644
-1085
-1516
-1491
-1027
-500
168
259
-62
-48
-55
48
-93
-520
-89
-88
280
1404
1148
804
275
-246
-262
-986
-1019
-633
-530
230
918
1137
1647
1423
290
233
-349
-1399
-1073
-1002
-898
-656
-378
114
-9
308
566
491
340
-263
-166
-238
-324
418
368
418
869
562
644
465
-521
-1089
-1437
-1085
-437
-391
39
790
1298
1348
727
74
19
-83
-802
-935
-385
-633
-647
394
1085
1301
609
-635
-1223
-1935
-1959
-647
498
1199
1924
2098
1259
480
382
37
-1139
-1822
-1422
-723
-38
194
916
1526
889
323
-132
-25
218
-273
-752
-1027
-217
684
62
-779
-333
25
-634
-488
-357
-291
-25
-490
177
958
656
258
308
1037
950
278
-140
-205
-127
-489
-673
-672
-194
151
-144
404
986
723
44
-622
-661
-306
545
663
-141
403
806
-175
-897
-1397
-1741
-1651
-1006
257
833
587
1371
2481
1778
423
-95
-288
-805
-1447
-1307
-590
-159
-65
524
1237
1298
1234
406
-456
-704
-881
-373
-312
-417
-370
-535
14
123
36
222
-193
-651
-349
321
326
650
1177
606
-78
-162
-98
-335
-801
-931
-370
97
102
146
298
667
781
710
706
231
-166
-132
-407
-623
-251
-166
-105
163
56
57
-309
-771
-591
-573
-306
138
304
448
403
897
1134
503
203
-269
-701
-932
-1153
-928
-806
-336
-10
184
799
618
753
1445
1239
392
-173
-113
-7
162
55
97
457
-687
-1925
-1391
-1097
-1126
21
451
166
1061
1489
934
571
47
-34
285
-247
-286
-165
-626
81
251
-158
64
-240
-127
-25
-342
-531
-910
-656
-328
-160
715
1241
972
381
-192
413
990
121
-269
-314
-730
-411
-83
-87
-11
-212
-235
-179
-483
-516
-96
400
529
609
999
839
431
70
-627
-865
-675
-99
455
282
352
-58
-819
-683
-561
-291
-109
-132
149
431
857
1182
1767
1418
-223
-1004
-1474
-1849
-1760
-1026
170
615
690
554
710
666
369
958
485
-270
-412
-857
-617
-516
-392
0
21
248
301
438
769
308
-440
-333
-365
-553
4
263
556
534
383
923
-152
-1542
-1196
-736
-259
87
621
1351
848
505
173
-561
-622
-947
-620
-98
63
1039
1379
544
-278
-255
-421
-814
-707
-628
-236
75
254
333
655
628
17
306
-58
-201
218
-302
-311
-603
-353
393
-327
-253
614
863
664
344
684
3
-1305
-1073
-725
-416
-96
-240
414
840
241
-37
-309
-559
26
523
862
1447
1184
215
-560
-1147
-1095
-909
-1232
-722
262
898
1038
640
1009
1062
146
-608
-813
-589
-1012
-991
-491
-327
174
81
373
913
450
346
99
-209
60
389
784
529
-4
-103
-508
-1604
-1303
175
59
547
1044
366
832
390
30
500
-17
-341
-610
-478
-660
-671
249
-111
-546
-626
-332
652
493
-37
-171
18
120
101
1065
1335
928
1004
96
-731
-886
-1134
-1123
-1509
-1196
24
197
115
996
1528
916
531
202
-440
-595
-509
-415
-268
-49
-236
-77
694
568
537
913
348
-183
-18
-272
-678
-808
-1051
-228
847
419
39
-481
-1237
-695
-481
7
1082
1177
1696
1448
539
252
-214
-302
-965
-1430
-811
-501
-349
-252
42
832
911
-279
-917
-786
-403
235
248
696
1199
1176
1238
462
-384
-972
-1180
-494
-648
-962
-52
205
-422
-541
-122
237
629
1152
680
348
1058
1185
804
-214
-986
-407
-334
-634
-535
-808
-1126
-1286
-1161
-240
645
615
585
893
890
915
837
367
-251
-665
-182
299
59
61
413
548
117
-477
-628
-788
-645
291
500
92
225
-24
-923
-1459
-733
220
277
377
627
655
283
-10
110
-333
-592
-71
107
281
545
247
409
477
-330
-430
47
408
440
308
291
-181
-94
238
-252
-216
325
42
-876
-1412
-1435
-984
-319
-546
-763
416
1285
1092
1244
1684
1319
-12
-563
-412
-622
-477
-488
-45
653
297
31
-74
-494
-727
-190
86
-106
657
721
-160
63
261
-430
-554
-464
-295
666
647
-82
