-167
-394
-386
-99
1
-111
-302
-483
-66
304
296
300
103
69
165
69
-82
-385
-440
-334
-483
-441
-235
81
480
640
692
647
499
403
271
-124
-308
-8
-47
-284
-382
-377
-248
-407
-335
62
391
607
423
348
49
-641
-604
-418
-584
-452
-395
-253
248
358
462
563
509
838
866
384
-94
-187
-212
-270
-84
-439
-803
-764
-563
-75
74
21
92
291
369
559
806
432
338
377
34
-278
-549
-468
-523
-617
-385
-527
-627
-316
-1
506
1013
1244
1349
822
58
-346
-959
-1054
-431
-186
-116
-123
-251
-79
56
-2
134
241
137
308
444
289
376
183
-221
-260
-338
-237
-152
-231
-37
12
-44
17
0
173
518
427
45
-318
-649
-467
-285
-285
-1
160
248
340
589
516
-28
58
210
21
-68
-271
-619
-771
-528
-274
-48
256
553
604
472
410
-2
-219
187
593
525
-63
-450
-539
-521
-527
-683
-346
30
-129
-72
233
443
482
403
445
318
99
71
-108
-353
-567
-861
-768
-188
195
277
546
740
583
571
593
427
118
-267
-244
-374
-591
-427
-536
-351
52
-16
-174
-193
5
144
187
263
230
98
19
1
-9
29
-35
0
85
-20
-77
-155
-164
203
556
286
-255
-321
-155
-258
-147
196
130
45
208
186
-160
-311
-208
-259
-13
362
354
247
155
-73
-345
-408
-380
-320
-80
175
268
320
261
188
470
838
735
154
-307
-665
-858
-665
-493
-73
138
-10
132
122
276
544
346
268
125
-248
-373
-541
-693
-782
-976
-834
-184
579
764
898
1163
872
720
496
79
-86
-439
-508
-201
-36
-164
-404
-368
-213
17
63
-73
96
193
132
91
-121
-291
-235
-98
59
294
106
-358
-379
-356
-33
533
547
439
342
289
242
-147
-432
-562
-677
-505
-275
13
455
666
770
547
25
-90
-277
-363
-21
31
88
170
108
16
-413
-595
-486
-416
-211
-198
30
415
422
458
662
767
373
-116
-374
-474
-223
-265
-264
102
141
193
100
-166
-103
-285
-406
63
282
117
-31
-38
-64
-382
-482
-441
-276
363
508
305
705
982
635
372
313
-98
-473
-450
-452
-482
-592
-633
-305
-80
-62
62
143
12
71
452
664
795
553
-148
-219
-148
-710
-993
-898
-566
315
741
443
421
447
316
400
327
192
190
-186
-477
-370
-220
37
-7
-219
-145
-129
-416
-735
-333
355
644
882
711
293
110
-342
-843
-828
-629
-521
-158
328
608
778
521
163
389
564
185
-270
-336
-119
-9
-331
-712
-551
-301
-33
58
-261
-243
7
464
794
621
528
395
231
-148
-665
-735
-549
-321
42
500
382
165
433
468
402
-21
-631
-566
-558
-704
-367
-130
24
463
635
655
457
21
-164
-443
-255
375
419
297
-156
-510
-126
-264
-594
-537
-376
-14
114
224
166
191
465
352
677
792
147
-220
-56
530
484
-164
-385
-342
-367
-712
-1130
-863
-251
-18
56
154
343
304
136
506
715
222
-408
-349
229
377
200
109
151
38
-218
-600
-809
-350
-167
-119
248
333
530
576
408
613
565
108
-134
-229
-450
-594
-650
-685
-473
50
516
510
501
573
53
-424
-333
-343
-271
-18
-87
-170
-234
-244
-13
107
132
274
598
836
843
291
-308
-66
-359
-964
-722
-480
-447
-236
37
77
486
636
46
82
140
11
248
401
418
253
-49
-275
-42
48
-348
-112
473
580
455
226
-75
-411
-831
-1053
-940
-402
151
71
-263
-522
-300
214
471
696
514
344
588
504
211
-21
-322
-435
45
307
-164
-268
-93
-336
-534
-279
56
153
454
580
342
462
307
-98
-208
-255
118
167
-288
-268
-257
-230
-12
-207
-445
-192
131
25
-75
-88
-105
398
569
108
-95
-149
15
96
-146
-13
216
-1
-25
537
604
-166
-603
-352
-74
-31
-39
-163
-16
394
187
-236
-245
-174
-122
105
225
-113
-349
-162
167
567
792
685
260
-264
-497
-375
-401
-750
-548
-95
-179
-357
-183
381
640
717
967
887
562
2
-438
-574
-558
-350
-207
-31
-228
-555
-334
63
484
608
431
143
-164
-94
-53
-179
-166
-327
-555
-404
-327
-429
134
611
336
700
1260
791
344
68
-373
-163
-73
-600
-846
-833
-435
-77
-296
-381
-262
67
565
885
924
690
704
549
47
-95
-137
-288
-632
-841
-669
-584
-426
-281
-6
296
143
385
707
370
171
191
-139
-452
-151
-3
-243
-105
-188
-499
-104
406
509
518
487
679
626
197
174
78
-220
-477
-750
-887
-1033
-684
-83
-92
-226
-14
243
418
637
429
204
644
682
330
295
74
-342
-599
-661
-567
-320
-352
-582
-159
91
150
701
623
530
818
489
138
-227
-634
-406
-246
-404
-298
-46
201
58
-70
72
-195
-23
139
-188
-140
-268
-94
319
325
456
504
182
-162
27
38
-251
-196
-361
-411
-158
110
211
-121
-143
223
390
331
254
272
11
-144
88
-177
-401
-208
-475
-730
-545
-447
-378
164
511
395
722
944
837
936
804
294
-22
-160
-593
-657
-395
-654
-1070
-1064
-689
-533
-250
309
704
1257
1225
601
309
79
21
-203
-660
-441
-160
-397
-510
-307
-172
-130
62
315
612
796
531
173
142
117
-43
-208
-454
-412
-214
-418
-597
-555
-428
-59
505
910
977
1177
989
287
237
27
-595
-805
-1189
-1311
-987
-872
-554
-230
101
571
614
900
1107
792
907
811
531
384
109
38
-306
-723
-1113
-1309
-1142
-1222
-1034
-584
185
961
1106
1383
1260
646
399
167
-75
-125
-225
-410
-485
-497
-453
-411
-295
105
299
347
381
204
331
259
12
26
-416
-589
-389
-275
-87
-216
-188
-171
19
398
74
-238
-294
148
563
492
783
323
-253
71
-10
50
287
-74
-159
101
-26
-173
179
353
-54
-211
-153
-381
-587
-919
-1064
-545
-160
155
684
927
921
662
307
164
243
146
-270
-410
-597
-528
205
405
386
593
289
-208
-327
-208
-252
-251
63
-77
-586
-560
-434
-472
-195
194
524
664
421
168
-21
-118
-165
-413
-245
302
731
925
698
603
436
-256
-848
-967
-885
-772
-379
-46
244
667
710
490
180
-108
-138
-62
-122
-144
-16
-100
-287
-291
-317
-361
-4
240
35
135
238
15
-65
103
155
97
386
549
541
666
386
-154
-513
-735
-866
-913
-607
-24
213
294
318
319
718
682
-245
-794
-366
-25
158
155
-276
-42
-176
-600
-113
102
147
225
266
355
272
15
-387
-20
435
110
394
1081
946
716
427
-253
-725
-1117
-1092
-894
-768
-588
-546
-190
-95
6
-80
-481
152
883
1096
1072
1102
784
-274
-557
-770
-1228
-675
-89
302
979
1279
994
547
-65
-519
-370
-496
-947
-696
-12
303
367
560
328
-14
-155
-929
-1400
-1192
-1028
-343
585
828
817
971
821
715
607
219
265
392
77
-322
-466
-704
-1032
-683
-120
122
420
726
567
183
2
-228
-461
-705
-585
0
-13
-6
464
687
995
693
-52
-431
-690
-472
-778
-1267
-877
-364
287
466
222
252
533
967
1025
1025
990
571
156
-139
-130
77
-99
-166
-193
-648
-700
-838
-1378
-1710
-1857
-1601
-966
-469
-154
1023
2002
2047
2549
2497
1860
1488
973
514
-272
-1207
-1390
-1083
-787
-711
-1033
-1498
-1655
-1607
-2071
-2064
-530
1118
2074
2098
1588
1529
1705
1143
-42
-203
71
240
580
331
505
948
659
-69
-738
-937
-1672
-2446
-2804
-3869
-3285
-792
937
2250
2310
1682
2078
2140
1711
784
-345
-570
81
478
-28
39
827
1291
1371
1069
-109
-1013
-1571
-2866
-3027
-2997
-2398
-1641
-2348
-848
1405
3324
3822
2293
2050
1130
671
-174
-2323
-1984
-695
604
1545
2025
2114
2203
2649
1533
59
-1110
-2602
-3169
-2742
-2992
-2838
-3039
-4107
-1920
1168
3679
4357
2771
2294
1001
694
-256
-2328
-1912
-1034
1101
2505
2638
2758
2561
2312
884
-544
-2125
-2686
-2642
-2750
-2677
-2879
-2140
-2786
-2429
500
3578
5140
3093
719
-461
-330
-396
-1834
-1931
-558
1498
2795
2832
2521
2749
2437
1380
-150
-2229
-2956
-3397
-3093
-2866
-2640
-2261
-2780
-486
2139
4437
4981
2203
1033
176
-648
-1341
-2375
-2946
-2023
623
2404
3440
3360
3175
2617
1466
-54
-2513
-3216
-3288
-2693
-2621
-2610
-1920
-2916
-1597
776
3496
5198
3125
1163
-127
262
205
-1288
-1982
-1553
955
2884
3565
3043
1855
804
-422
-1361
-2831
-3516
-3807
-3204
-2123
-1558
-840
-1948
-1133
1920
4563
5754
3393
1116
-274
-482
-289
-1714
-2356
-2186
-585
2106
3769
3148
1500
1167
1281
1205
-133
-2237
-3522
-3147
-2530
-2703
-2248
-3346
-3613
-978
2463
5035
3928
1808
61
-197
1124
337
-1295
-2476
-1388
1745
3692
3707
2414
1906
2040
1345
-12
-1522
-3051
-3479
-2973
-2680
-2448
-3827
-4868
-2710
1642
5103
4515
2050
166
182
1076
18
-1498
-2065
-917
1573
3927
4633
2930
1233
795
1005
578
-976
-3224
-4431
-3590
-2932
-2484
-3021
-3577
-1519
2003
5838
6224
3119
298
-851
326
668
-1117
-2812
-2899
-965
1926
3471
2559
1478
976
823
417
-639
-1925
-3334
-2993
-1771
-588
-1029
-3296
-2879
-197
3752
6004
3793
892
-444
23
113
-1106
-2624
-3431
-1685
1503
3989
3962
2120
880
850
1157
828
-767
-3037
-3757
-3268
-2019
-2051
-3786
-3217
-584
3461
5798
3898
713
-1574
-1061
745
1405
356
-1329
-871
1461
3716
4387
2895
682
-505
-343
14
-1598
-3838
-5046
-5385
-3490
-2524
-3157
-2617
-645
3501
6732
6526
3641
806
119
136
266
-528
-1964
-1998
-373
1877
3482
3207
1426
113
-239
-209
-1172
-2673
-4022
-4301
-2728
-2506
-2661
-1535
247
2964
4443
3534
1212
-456
-715
-154
491
552
101
-420
668
2533
3231
2453
791
-497
-638
-359
-807
-1641
-2920
-3222
-3099
-3552
-2470
-559
1801
3640
4082
3333
1404
138
-621
-942
-1212
-1837
-1615
-849
636
2248
2910
3004
2373
1364
281
-920
-1770
-3299
-4600
-4477
-4130
-2841
-972
1161
3564
4553
3989
2434
1126
747
763
264
-815
-1112
-1002
-683
396
988
1078
1209
674
-6
-389
-446
-1090
-2158
-2446
-3582
-3994
-2768
-1342
1056
2772
3272
2678
1644
1549
1366
1330
588
-790
-983
-334
984
1918
2118
2103
1401
322
-960
-1800
-2324
-2884
-3334
-4472
-4744
-3321
-1072
1402
2581
2761
2539
2129
2038
1991
1793
1301
562
-439
-834
150
1172
1168
640
264
239
172
-327
-1086
-1677
-2034
-2926
-3590
-3182
-2356
-740
459
491
701
1315
2258
2710
2777
2730
1945
1000
90
88
701
516
27
-867
-1405
-1138
-989
-1205
-1621
-1412
-1418
-1630
-1176
-425
809
1529
1780
1615
685
438
430
156
30
-179
-85
177
149
403
680
412
262
87
-185
-135
-279
-890
-1452
-1698
-1982
-2159
-1773
-829
308
1528
2285
2135
1758
1315
1501
1961
1470
700
-448
-1500
-1447
-941
-331
78
83
-262
-612
-187
-59
-564
-618
-924
-1299
-1335
-1012
-289
-54
258
142
-502
-317
158
1138
1903
1714
1583
1304
1558
2134
1705
1419
1145
104
-750
-1661
-2201
-2005
-2461
-3025
-2899
-2445
-1640
-724
158
941
1317
1169
854
1149
1704
1695
1483
782
32
220
570
1136
1312
886
1132
895
-227
-979
-1051
-1021
-1379
-2030
-2763
-2809
-2308
-1851
-1318
-402
643
1000
1249
1526
1723
2426
2912
2607
1943
1331
581
-293
-827
-1000
-1279
-1589
-1398
-1059
-553
40
163
-191
-943
-1038
-366
-135
372
917
265
-464
-887
-903
-489
166
1236
1210
1098
1227
898
1324
1097
554
-85
-1135
-834
-202
-332
-913
-1056
-784
-1105
-1108
-560
-363
96
646
511
416
-126
-491
187
619
749
638
611
593
718
794
-64
-129
338
616
1084
668
-44
-709
-1333
-1384
-1489
-1811
-1817
-1286
-726
-558
-515
-488
-181
443
1410
2394
2515
2615
2614
1752
961
716
492
-353
-1102
-1709
-1995
-1534
-1561
-1492
-829
85
560
37
-319
-413
-323
-272
-517
-572
-379
-229
-532
-449
298
1182
2018
1995
1426
1481
1999
1808
890
71
-594
-734
-490
-900
-1741
-2384
-2640
-2411
-1475
-286
-169
-198
585
1031
876
592
497
457
386
316
298
473
630
676
591
740
866
872
1121
946
554
307
66
-154
-575
-947
-1359
-2337
-3079
-2646
-1957
-1226
-217
-99
-176
865
1603
1658
2212
1994
1121
994
331
-235
56
120
230
35
-400
-391
-134
611
1033
616
363
66
-279
-439
-1190
-2251
-2652
-2096
-1505
-1345
-1113
-830
-150
1191
2498
2446
1887
1988
1783
1999
1959
854
225
-276
-772
-1063
-1426
-1713
-1935
-1884
-1536
-1305
-1188
-476
349
1079
1775
1577
892
195
388
1097
770
265
-397
-1100
-830
-186
195
292
514
625
733
1267
1275
804
25
-931
-1395
-2030
-2652
-2970
-2883
-1794
-602
266
888
1475
2044
2197
2577
2719
2364
1775
480
-748
-1254
-1099
-930
-905
-443
-149
-66
186
396
183
-304
-403
-897
-1708
-1879
-1484
-826
-491
-220
-170
-54
621
1048
1623
1828
1412
1176
899
1072
1409
1000
222
-209
-508
-499
-331
-742
-979
-1274
-1349
-1108
-1697
-2125
-1860
-968
216
833
811
910
1304
1190
1372
1326
540
256
185
334
449
451
579
773
1443
1724
1269
755
-64
-1225
-2011
-2740
-3476
-3962
-4343
-3290
-1599
-339
1040
1982
2857
3176
2924
2864
2224
1176
363
231
475
559
73
-782
-859
-410
31
-116
-634
-1046
-1245
-1161
-1994
-2191
-1392
-793
2
-37
12
436
1282
2404
2234
1720
1124
557
112
11
471
889
835
98
-158
-79
79
-399
-1428
-1951
-2250
-2703
-3656
-3042
-1803
-321
1330
1595
2761
3415
3333
2950
1873
1122
312
-24
-1048
-1727
-1352
-893
-248
320
911
1088
1050
611
12
-1010
-1926
-3576
-5173
-3736
-1640
517
1328
1332
1972
2246
2783
1788
1093
712
-106
115
221
527
1247
1763
1433
1117
761
382
-512
-1739
-2617
-3374
-3280
-4665
-4070
-1535
112
1731
1232
2227
3326
3177
2436
301
97
197
-264
-1118
-783
894
1365
1282
1208
1658
2007
1564
-247
-1967
-2892
-3832
-5660
-6257
-3421
-1259
1068
1965
2246
4501
4395
3469
1480
431
511
-1013
-1960
-1923
290
1882
1618
1597
1716
1504
217
-1443
-2157
-2551
-3397
-4140
-5753
-3497
766
1955
3313
3318
4507
4720
1830
-53
-1404
-720
-1536
-3186
-2237
-264
1796
1772
1579
2856
3155
1857
479
-686
-1667
-3715
-4853
-5638
-6742
-3105
-418
1623
3585
3783
6034
3598
826
414
-328
153
-1483
-1248
427
1471
1942
1462
2454
2369
498
-903
-1836
-2746
-3816
-4489
-3061
-4210
-4963
-239
2134
3227
3009
3899
5550
1309
-817
-1129
-1228
-1649
-3197
-700
1860
2877
2710
2839
3799
2415
465
-174
-657
-2564
-4718
-4801
-3286
-5639
-5209
1089
2180
1922
2184
4203
4998
-336
-850
127
-812
-1518
-1483
2924
3787
1840
2463
2223
674
-1828
-2028
-1278
-3399
-3106
-2087
-1492
-1714
-4935
-241
4003
1377
2118
2858
3559
-144
-2990
113
-1249
-2313
-1522
750
2985
2307
4067
4539
2268
716
-157
-999
-3320
-3934
-3108
-4760
-3726
-3827
-4542
1377
2393
2678
5340
5097
4882
-26
-1142
-20
-2257
-1973
-1487
538
1327
2142
3958
2413
1135
141
-1233
-1861
-2704
-2852
-3405
-3222
-949
-3781
-2280
3313
191
965
2903
2728
1301
-2518
98
-541
-1178
1391
1802
3204
2627
4108
3619
586
764
-618
-1939
-2342
-2833
-3616
-5995
-4231
-2793
-5525
325
3987
1119
4435
6032
4894
867
-837
588
-3429
-2874
-969
-1690
-103
2165
3929
2943
3097
3388
239
-922
-625
-2059
-2926
-4063
-3165
-4804
-6501
1107
642
-1191
4460
3921
2560
833
1855
1525
-1734
1244
638
-978
764
1727
1539
501
2007
399
-1995
243
-1231
-3097
-3000
-3223
-2117
-5325
-1551
3893
-907
3013
6174
2898
2579
900
114
-3307
-2941
-415
-3112
-30
2608
1498
3404
4203
2903
358
95
-602
-3449
-2463
-3969
-4664
-5753
-6420
1347
-447
-223
6204
2731
3788
4704
3244
1688
-738
1162
-1805
-1722
1083
-1388
-592
702
1028
129
154
1135
-1536
-414
-1107
-2985
-3233
-6950
-1086
962
-1103
5097
2349
1656
3585
1364
1000
-2101
-1245
-2245
-1803
3013
1439
2551
3414
2759
2770
893
592
-2388
-2925
-3609
-5348
-4653
-7935
-2888
71
-2447
4802
4329
2969
5637
3365
2987
733
552
-1311
-2987
259
-1903
-34
1614
-403
1919
1645
1039
618
294
-1282
-2173
-1679
-6201
-2718
-1506
-5027
2347
2069
722
4155
2143
1430
464
1441
361
-872
1285
-528
982
2288
1359
1995
1430
475
-1191
-582
-3287
-4445
-4259
-8718
-2934
-1846
-3225
5185
3290
3747
7073
4153
4079
2253
1170
-1418
-1988
-1006
-4099
-830
-653
-1603
2065
1027
498
1026
1198
-931
-1079
-2446
-6266
-576
-2758
-3936
2992
-1159
1009
4291
1660
2880
2164
1747
143
1188
1884
115
2231
128
-107
1191
-366
-173
-1506
-1370
-2766
-2378
-3058
-6417
-557
-2769
-3941
3463
-71
2234
5803
2414
3124
2789
1360
-379
459
-866
-2667
165
-1608
92
2301
457
1477
1023
909
-376
59
-2315
-5953
-238
-3996
-4584
2060
-3037
655
3856
211
3364
3144
1794
1593
2233
1415
325
1666
-860
1
373
-1164
-45
-1077
-1642
-3224
-2267
-4494
-4688
1262
-3288
373
4051
-1475
4171
3334
893
4013
1624
290
237
352
-1403
-303
55
-1969
973
-144
224
1620
802
1459
-636
-815
-4491
-3234
-854
-6376
-33
-152
-3387
3319
247
1210
4399
2075
3321
3729
2182
591
1956
11
-774
1086
-1570
-89
-997
-2037
-1556
-3047
-2777
-5301
-926
-1954
-3881
3871
-823
1744
5610
-177
3910
2440
-315
1566
82
-419
216
919
-659
932
928
-427
1881
-175
-199
-886
-2091
-2448
-4761
-1334
-3571
-2891
1453
-2628
1777
2238
-609
4276
2246
1199
3241
2631
2490
2349
1054
-171
200
-842
-1329
-1390
-2642
-2804
-2295
-3810
-3266
210
-2962
-828
3039
-901
3781
3698
313
4473
1759
349
1136
-1710
-1858
-592
-547
-365
781
521
1111
1220
598
771
-348
-1462
-4553
-2801
-2244
-5140
243
-1516
-1724
3528
-545
2221
4101
856
4020
3717
2132
3275
1999
6
373
-391
-1287
-903
-2524
-2550
-3171
-3465
-3659
-4018
-510
-2343
-701
2819
26
3823
2787
1030
4692
1543
1499
1707
-969
-442
-893
-1437
-1110
-532
-64
554
1991
1500
613
537
-2804
-2102
-666
-4771
-947
-1148
-4566
635
-1000
299
4091
1153
2540
3070
1749
2997
2700
738
642
509
-351
124
-859
-1657
-2378
-3058
-4345
-3810
-1577
-4825
-1190
2098
-576
4869
3080
1832
6101
1639
1891
2306
-955
1
-688
-1974
-1552
-1317
-1148
126
235
-326
152
252
-999
-1695
450
-2420
-2172
1085
-3633
-748
424
-2076
2983
1290
1096
3472
1550
3053
3295
2050
1826
1305
559
-87
133
-2286
-3528
-2462
-5424
-3766
-1860
-5919
-1516
-43
-1964
3829
2575
2366
5654
2988
3087
3417
1553
580
48
-1111
-2125
-1203
-1453
-1389
-685
-1422
-832
19
-1334
-935
473
-1892
-801
980
-1526
281
154
-1537
1092
853
1057
2345
1540
1642
1882
1850
1401
1655
1358
193
764
-894
-1931
-2849
-5726
-3047
-3636
-5097
-672
-2089
-668
2951
1356
3749
4717
3551
4050
3587
2651
1261
692
-1079
-1932
-1389
-2763
-2345
-1658
-2696
-1968
-1586
-2503
-25
242
-1563
1218
551
-34
2224
648
663
1146
83
396
1257
1675
1129
1471
1382
909
1606
883
623
582
-1017
-1595
-3578
-3592
-1912
-4522
-2986
-1606
-3487
-385
710
1069
3388
3736
3647
3728
4088
2494
1943
2181
-114
-418
-433
-2218
-2655
-2720
-3562
-3074
-2864
-2208
-177
-1008
292
1755
-139
1713
2296
1137
1919
1380
1087
677
558
68
-818
385
159
121
1083
480
448
162
-358
-2015
-3304
-1651
-2564
-2671
-577
-1930
-1473
267
116
884
1791
2429
2714
3746
4200
2814
2736
2174
628
120
-396
-1665
-2951
-3223
-3564
-4451
-4533
-3032
-2167
-1492
806
1190
1336
2516
2454
2544
2492
2553
1956
1003
1157
330
-280
-233
-755
-405
-96
-361
-193
-49
-264
-1561
-1642
-560
-2088
-2548
-1800
-2286
-1614
-663
407
790
1097
2498
2781
3310
3685
2647
1784
1233
722
308
-118
-644
-1475
-2386
-2769
-3850
-3804
-2344
-2794
-1867
-214
135
1291
1931
2725
3029
2981
3413
2199
1220
829
197
-320
-912
-858
-1094
-1211
-388
-426
-1442
-1773
-2136
-1979
-454
-760
-1326
-628
-444
245
597
982
1207
1142
2077
1790
1514
2136
2135
2009
1591
1271
604
-508
-1162
-1826
-2359
-2505
-3145
-3419
-2787
-2854
-1997
-487
-317
6
761
2187
2929
2801
3322
2807
2180
2072
1467
661
-506
-1411
-1507
-1015
-825
-723
-644
-928
-909
-961
-948
-1223
-1105
-606
-1514
-1695
-910
-471
237
1117
2315
2970
2965
2552
1488
917
949
830
465
89
-187
-364
-471
-1300
-2849
-3503
-3139
-2817
-2249
-1492
-1133
-650
468
1776
2754
3142
3078
3039
3011
2684
1765
868
96
-945
-1411
-1775
-2218
-2181
-2238
-2171
-1645
-1144
-971
-569
-78
217
563
640
598
409
603
944
659
845
1255
1501
1774
1810
1755
1055
194
46
-166
-831
-1465
-1882
-2233
-2506
-2340
-1905
-1854
-1838
-1178
-156
616
1116
1759
2475
2758
2583
2298
1796
1026
348
-201
-775
-1106
-827
-336
-282
-529
-596
-605
-871
-900
-690
-995
-1084
-542
-204
81
232
263
487
435
365
206
38
460
575
363
460
636
1082
1257
827
426
199
21
-586
-1211
-1455
-1721
-1505
-1112
-1148
-863
323
1249
1241
1295
1043
800
981
502
161
123
-60
-116
-682
-962
-715
-757
-454
-175
152
765
642
357
56
-489
-663
-766
-919
-803
-346
51
122
182
382
807
1458
1813
1469
984
681
333
111
-128
-824
-1394
-1437
-1352
-1020
-865
-721
-323
-301
-104
-91
-285
262
768
846
862
850
746
575
446
294
33
-353
-772
-860
-548
-333
-73
296
592
862
810
604
269
-25
6
-153
-357
-557
-1010
-1103
-825
-651
-642
-607
-135
344
712
1048
774
706
918
717
479
-83
-657
-557
-357
-458
-546
-317
30
272
448
246
3
492
1063
843
-24
-709
-740
-470
-269
-506
-752
-533
-318
19
265
32
163
419
467
769
492
-32
-330
-743
-678
-728
-765
-204
389
1029
1171
741
565
697
751
487
-79
-568
-699
-590
-146
-92
-540
-594
-675
-651
-181
-23
-336
-232
347
408
332
221
-90
387
950
634
56
-113
286
426
69
-427
-964
-617
149
324
244
-166
-205
328
487
332
3
-63
0
-290
-536
-1017
-1395
-1025
-324
309
368
254
707
1164
1049
635
200
-93
-11
-35
-389
-768
-960
-482
113
432
850
1023
827
578
572
451
19
-219
-274
-467
-977
-1247
-1445
-1607
-956
-345
195
782
1067
1355
1054
517
-11
-212
269
409
287
-163
-536
-394
-296
-72
-236
-463
-247
11
286
78
-89
86
374
929
663
62
27
-6
81
-170
-638
-707
-754
-767
-775
-571
-75
176
378
710
604
304
268
147
205
405
493
599
448
188
-205
-614
-682
-516
-42
569
841
376
-110
-82
-134
-195
-698
-1265
-921
-502
-42
63
-274
188
571
577
357
-187
-77
328
568
439
127
121
121
299
163
-223
-131
44
71
-271
-503
-178
41
405
712
115
-184
188
41
-443
-926
-1045
-643
-335
-330
-357
-65
204
401
582
548
572
419
263
375
368
249
218
302
63
-365
-334
-271
-421
-310
5
405
484
136
49
-44
-344
-776
-1146
-812
-148
473
532
-102
-98
383
548
676
349
-131
-63
-78
-207
-563
-832
-299
201
430
428
289
466
777
942
623
134
-140
-222
-301
-504
-632
-823
-555
53
-121
-350
-314
-604
-565
-449
-345
53
288
616
594
511
767
749
778
494
111
-52
-283
-198
-153
-402
-598
-418
-26
195
336
454
199
-96
40
6
49
-34
-425
-219
-71
-373
-753
-831
-552
-398
-67
250
322
602
972
967
505
122
61
79
152
139
58
134
115
-8
40
47
-191
-217
-150
-428
-567
-645
-637
-490
-404
59
400
369
78
-400
-476
-213
279
655
800
673
227
182
38
-160
60
-114
-201
-92
-140
69
238
446
549
417
366
161
-160
-499
-588
-501
-712
-1065
-900
-176
319
512
201
-190
-21
71
217
204
39
312
369
253
320
41
-15
363
100
-157
190
565
786
607
276
83
-66
-211
-525
-1159
-1442
-1035
-517
-81
-190
-309
-84
-97
153
180
-100
29
223
380
407
348
358
414
688
844
589
198
-128
-276
-350
-217
121
254
225
-150
-350
-53
-298
-722
-707
-488
-331
-327
74
431
410
586
415
-136
-251
118
409
86
-285
-301
-319
-359
-500
-574
-342
100
509
719
700
802
1148
838
178
-42
-45
-202
-453
-473
-892
-1003
-330
-79
-58
44
36
-217
-244
-98
-279
-397
-362
-35
188
278
327
310
500
304
310
453
518
840
531
299
327
33
-119
-174
-228
-381
-522
-663
-956
-900
-475
-260
-83
142
98
100
105
16
35
74
130
81
116
363
618
666
158
-153
252
307
27
2
-156
-139
126
-14
-298
-495
-358
93
171
221
100
-234
117
328
-30
-277
-252
-87
-189
-324
-332
-520
-741
-434
126
262
221
88
85
288
531
590
305
414
522
227
149
260
221
129
325
297
-43
-476
-729
-397
-378
-627
-760
-814
-201
339
386
251
-88
-47
37
67
261
-50
-211
-179
-117
312
194
328
817
489
202
161
401
658
251
11
-228
-429
-249
-535
-589
-385
-522
-510
-618
-409
51
117
166
-67
-316
-184
29
305
399
309
319
439
485
557
640
413
152
-215
-704
-807
-641
-465
-525
-443
-87
-44
246
856
1070
1068
1164
973
492
544
564
-96
-857
-1446
-1605
-1395
-1097
-1270
-1682
-1396
-1053
-612
380
1211
1682
2059
2495
2558
2341
1998
1195
709
144
-1025
-2048
-3092
-3191
-2673
-2854
-2229
-1246
-761
113
1005
1472
1886
2553
2965
3323
3268
2473
1616
679
220
-659
-1924
-3369
-4891
-4279
-3931
-3837
-1984
-1069
-176
1513
2391
2888
3588
4197
4148
4117
3416
1774
1112
125
-1174
-1671
-2481
-3327
-4559
-4514
-3456
-3648
-2459
-1201
-1168
148
1538
2246
3419
4426
4032
3392
3187
2338
1945
1712
126
-688
-1267
-2556
-3314
-4537
-4272
-3741
-3869
-2212
-1404
-342
1315
2051
2840
3231
3473
3367
3377
2779
1755
1543
1087
465
186
-793
-2468
-3540
-5090
-4622
-3591
-4223
-2128
-1163
-742
1264
1830
2916
3990
4157
3794
3512
2796
1718
1387
545
-350
-788
-1704
-2457
-2270
-3836
-3857
-2628
-4027
-2003
-721
-896
1435
1612
2085
3428
3742
3559
3558
2658
844
656
-107
-1121
-768
-1007
-1960
-2144
-3537
-3683
-1816
-3174
-1844
-53
-1054
1096
1814
1708
3238
2997
2200
2682
2363
1617
2009
1183
-8
-499
-1206
-2301
-2313
-3661
-4843
-2232
-3100
-2123
523
-1250
586
1431
838
2848
2947
2359
3045
3129
2202
2253
1249
13
-101
-725
-1296
-1569
-2791
-4234
-2431
-3180
-3746
-770
-2178
-857
1485
546
2896
3810
2919
3868
3063
1583
2046
1192
176
248
-496
-1309
-1612
-2873
-4758
-2952
-3415
-4146
-931
-2330
-677
2067
806
3290
3846
2675
3971
3492
2312
2881
1688
362
377
-1075
-1891
-2475
-3778
-4935
-3334
-2961
-3827
-688
-1664
-1111
1784
262
2635
3993
3053
4554
3787
2707
3189
1450
131
77
-1368
-1729
-2410
-3298
-4310
-3826
-2763
-3652
-699
-675
-666
2514
694
2323
3874
2231
3700
3038
1203
1681
792
-27
343
-775
-617
-1307
-2748
-3769
-4443
-3325
-4210
-1885
-758
-1352
2265
1571
2831
4666
2634
3809
3262
1473
1879
812
80
606
-604
-656
-1000
-2201
-2888
-3861
-2972
-4117
-2619
-858
-1926
1285
763
1106
3596
1968
3271
3684
2182
2824
1611
170
677
-699
-1073
-1112
-2160
-2479
-3729
-2324
-3005
-2606
-185
-1899
653
1017
521
3282
2153
3128
3865
2372
2761
2079
732
722
-615
-1223
-1211
-2806
-3210
-4592
-3737
-3598
-3793
-544
-1712
259
1794
798
4034
2946
2976
4389
2770
3078
2653
1274
1182
-4
-1091
-1113
-2404
-3003
-4281
-4167
-3547
-4240
-1477
-1630
-413
2141
924
3328
3533
2946
4173
2285
1985
2161
335
185
-247
-1238
-457
-1720
-2122
-3048
-4139
-2424
-4015
-2127
-990
-1530
2136
1126
2771
4503
2397
3798
3063
2313
2887
1279
623
81
-1478
-1427
-2261
-2825
-2736
-4203
-2451
-2884
-3045
-923
-2433
81
887
659
3618
2476
3471
4277
2736
3552
2294
911
950
-778
-1109
-1355
-2566
-1964
-2928
-2438
-2226
-3567
-1652
-2222
-907
1066
287
2776
2426
2304
3636
2046
2418
2174
747
770
-10
-490
-452
-1624
-1943
-3094
-3662
-2258
-3533
-2169
-683
-1149
1413
1217
2071
3137
1672
3244
2625
1948
2791
1165
995
706
-760
-655
-1412
-2224
-1995
-3215
-2841
-2482
-3043
-1192
-1599
-872
954
355
2353
2331
1942
3197
2026
2510
2163
760
683
-171
-420
-590
-1020
-1091
-1679
-2632
-2253
-2212
-2655
-1058
-849
-76
1189
723
2263
2080
1605
2295
1547
2097
1550
935
769
-479
-802
-1761
-2249
-2099
-1854
-1284
-1231
-677
-980
-1106
-611
-558
461
1042
1317
1821
1872
2139
2073
1658
1286
665
78
-429
-1077
-1241
-1136
-1411
-1382
-1282
-1340
-1064
-941
-792
-239
65
285
973
1470
1216
866
708
434
369
342
250
443
467
310
83
-237
-476
-754
-835
-769
-690
-580
-644
-405
-99
-157
-19
215
475
559
505
707
698
868
859
260
-37
-271
-206
23
-244
-321
-333
-675
-952
-1163
-1114
-628
-226
130
519
747
1005
1128
1094
1044
696
123
-178
-444
-693
-715
-809
-503
-312
-312
90
-127
-280
-65
-79
341
612
544
678
708
401
46
-142
-317
-301
-375
-679
-866
-925
-436
13
114
613
742
552
505
286
446
539
444
419
-109
-327
-388
-836
-761
-648
-808
-597
-256
113
512
636
511
355
301
293
248
215
52
-154
-178
-304
-299
21
122
32
-120
-299
-337
-182
29
85
111
43
-7
172
401
511
441
324
139
18
-158
-409
-450
-470
-446
-496
-299
-65
-101
171
67
77
526
368
66
-119
-140
-57
114
446
334
333
457
79
-84
-206
-447
-274
-47
-40
-261
-273
-242
-225
232
273
347
476
134
76
-108
-19
-7
-418
-209
-242
-289
-219
-375
30
3
-192
58
54
188
205
279
349
260
508
261
148
246
-5
-7
-183
-211
-183
-90
34
-289
-205
-236
-454
-297
-98
189
223
196
360
295
-9
-141
-141
-230
-126
-17
-160
-198
9
99
1
-37
-20
68
140
101
271
423
243
208
148
59
131
15
-116
-371
-543
-416
-139
283
325
87
-59
-144
-198
-151
-201
-82
475
449
67
-282
-478
-149
-153
-253
-131
-134
136
532
527
429
474
301
179
-48
-222
-180
-609
-682
-400
-333
-128
20
347
517
206
99
78
-60
8
227
94
-155
-39
83
136
20
-195
-300
-414
-131
211
351
363
9
-87
89
155
44
-227
-382
-403
-143
217
164
-109
-30
-56
-237
69
312
503
573
329
192
-51
-82
84
-11
-141
-153
-396
-840
-762
-266
192
431
489
484
334
54
-265
-471
-567
-336
-186
-315
-59
36
11
205
235
544
643
326
267
-44
-24
284
14
202
365
125
119
-223
-491
-457
-334
-108
-164
-309
-227
-9
60
32
117
-40
-221
-46
-35
-50
-9
78
426
367
278
230
-70
-151
-199
-116
-99
13
17
-226
-135
-329
-142
146
60
323
98
125
264
140
539
345
164
53
-392
-218
-304
-405
-360
-351
63
15
80
144
-140
133
97
-77
279
403
161
-22
-206
-460
-402
-351
-222
103
-15
41
312
294
417
357
162
141
48
126
101
101
260
16
-92
-132
-245
-237
-588
-661
-295
-53
-4
-45
-106
-397
-319
-1
119
335
375
559
626
498
574
297
80
154
65
-257
-419
-476
-617
-410
-271
-27
139
-62
-89
-149
8
22
123
423
310
373
166
-175
-64
91
34
-31
-28
-394
-534
-385
-386
-480
-460
-160
144
588
611
459
808
965
801
466
261
188
-39
-337
-599
-461
-302
-749
-921
-678
-605
-296
-203
-6
365
252
415
528
512
465
152
-28
42
190
-185
-342
-44
-140
-158
-58
259
598
7
-214
-185
-455
-118
-386
512
1208
226
307
-623
-703
-622
-1440
-325
-147
169
615
450
607
377
431
37
253
154
-215
146
-96
375
621
219
328
225
-90
-234
-714
-703
-713
-823
-257
-1278
132
1783
15
982
754
-573
98
-803
-876
-670
-1022
-26
416
600
1045
767
893
565
-246
-285
-327
185
89
-175
527
106
-291
-209
-741
-1037
-447
171
-242
-125
178
171
782
416
380
342
-497
-251
-779
-911
-416
-794
-116
1141
1480
1017
1251
889
-176
-245
-118
-32
-515
-575
-386
-67
3
-762
-359
-241
-151
-41
-408
-69
-551
-425
661
909
809
743
644
279
-400
-973
-777
-349
-300
-157
168
186
244
362
193
275
-179
-603
168
653
467
596
724
409
0
-370
-609
-1002
-1046
-632
-571
-489
-425
-2
535
454
612
696
522
664
131
-286
113
-177
-47
192
-171
-39
152
543
386
53
-242
-636
-368
-671
-506
-4
-157
-84
-32
50
25
-234
-550
-29
632
483
263
163
604
349
-67
328
-63
-281
-19
40
310
145
31
52
-221
91
-129
-290
-155
-529
-107
-151
37
-124
-766
-159
-356
-149
-206
-292
534
310
307
149
488
445
-33
680
320
103
152
129
478
10
-37
117
279
553
-361
-890
-545
-851
-391
-134
-930
-663
-655
-285
796
490
52
117
457
654
157
91
390
-20
142
1070
935
446
-195
-558
89
-248
-847
-808
-1142
-861
-518
-188
824
527
530
1257
711
701
174
-336
-86
-939
-806
-596
-807
-472
-550
135
532
262
502
193
-135
213
199
-54
51
239
332
842
1272
278
-110
-4
-828
-638
-716
-551
-52
-625
-375
-444
13
567
158
1043
1394
1299
640
216
298
-1238
-910
-921
-1343
-235
-1349
-854
156
-572
270
592
569
665
400
830
805
687
716
-43
142
286
-645
119
175
-951
-479
-508
-1008
-460
-249
-796
-165
284
234
867
573
858
894
768
605
-680
-508
-1014
-555
563
5
628
-92
-666
-490
-502
266
-524
-535
-152
-156
633
649
917
1035
594
330
-212
-394
-459
-840
-437
27
-364
-333
-106
-146
306
405
85
353
-195
-447
222
-360
-507
-196
27
457
433
976
1116
213
-209
-184
-528
-594
-1044
-984
116
-195
-59
119
265
951
746
1170
603
-38
157
-119
-217
-601
-825
-851
-85
-155
-271
413
-353
356
485
-439
159
-181
-435
-189
186
523
683
856
133
39
110
25
37
-770
-988
-710
-297
-373
-416
556
612
308
159
322
709
730
889
-36
-319
-444
-1523
-533
-43
-441
337
300
24
66
-8
409
392
-131
39
188
-19
-42
-325
-681
-260
52
-624
-231
152
-490
340
781
695
914
409
239
-673
-646
817
647
790
714
-371
-259
-596
-928
-481
-846
-429
148
-534
-432
-8
-274
11
569
703
615
413
300
-314
-656
-126
-59
14
-153
-18
673
463
778
672
129
391
-123
-636
-1214
-1076
-44
131
177
-591
-424
506
-507
-705
-319
-459
196
692
628
903
1121
952
1489
884
-12
728
19
-631
-1052
-2519
-2216
-1602
-1436
-696
388
1365
897
826
979
345
1077
1445
537
-569
-668
247
-121
315
332
-384
428
-696
-998
-138
-628
-106
-117
57
364
-332
-275
-41
172
109
99
75
-505
-244
-79
-411
-332
-331
349
1295
1607
1399
595
687
476
-511
-404
-795
-807
-917
-1839
-1130
-1094
-558
824
-280
-140
588
-297
478
1163
1233
1800
1120
567
360
331
719
209
378
720
-436
-1481
-1771
-2144
-2719
-2617
-1857
-563
1305
2217
1350
400
611
1014
316
-340
443
609
538
873
853
1560
1366
1080
736
-403
-497
-1872
-2858
-2570
-3134
-2340
-1038
101
1764
2022
1080
1123
887
-310
135
640
-58
50
602
699
485
665
1093
1085
726
159
-247
-879
-1690
-2110
-2506
-2215
-1354
-681
721
1902
1229
505
449
-73
415
1138
865
1161
607
-580
-356
172
434
938
1281
1073
-2
-1373
-1399
-1971
-3004
-3143
-2995
215
1885
147
662
900
581
954
2093
3942
2963
707
-633
-1161
-824
-494
181
565
317
-593
-1766
-1159
-1462
-2950
-2367
-2316
-196
2708
234
-144
1261
-300
625
2527
3121
3080
1343
53
-130
-916
-1192
6
-37
-1283
-1756
-1898
-1057
-1013
-1714
-1164
-495
2761
3884
-136
-568
-195
-1819
-963
1088
2505
1674
417
960
541
-399
525
594
-1224
-1693
-1268
-1017
-917
-945
-166
-76
-1335
109
3893
3056
-379
-1762
-2805
-2474
-1140
52
1354
1574
1213
1310
1912
2872
3327
1841
-544
-1721
-1433
-1821
-2770
-2010
-2197
-2880
-2574
-822
3196
2454
-1037
-637
-656
-1230
338
2816
3797
2352
696
306
750
984
1718
2512
627
-2044
-1772
-632
-1500
-2194
-2821
-3743
-3132
-2818
-115
3654
2117
896
1295
-110
-111
699
2148
3579
1466
-922
-828
-1070
-543
1215
701
-265
-566
-581
843
400
-1066
-1877
-3141
-2998
-2005
1197
4181
2008
-114
-313
-766
-676
-181
1192
2153
559
-1264
-677
84
863
2402
1865
577
-629
-1520
-619
-753
-1184
-1113
-1495
-1489
-1489
1533
3712
253
-1717
-1649
-1832
-599
528
2353
3710
1629
-404
100
347
495
1248
434
-467
-947
-1151
100
114
-1014
-2055
-2836
-2834
-2790
178
3413
1862
82
-174
-473
222
1308
2562
3394
1637
-873
-1162
-582
-93
605
654
-99
-1068
-1378
-225
633
-216
-1198
-2010
-2487
-2749
-1071
3411
3416
-20
-599
-745
-414
567
1615
3358
2423
-526
-1431
-530
285
694
686
-125
-1248
-2029
-1155
788
1065
-209
-1721
-2278
-2389
-1853
1611
3782
1447
-1084
-1915
-1825
-773
680
2344
3689
2490
57
-396
475
847
481
134
-696
-1678
-1602
-603
725
1038
273
-1153
-2268
-2718
-2162
1326
2771
-365
-2323
-2390
-1194
872
2209
3547
3347
1508
231
-488
296
1825
1794
597
-458
-1146
-1416
-957
-1067
-1379
-1845
-3387
-3073
-2481
-1620
3208
5062
1537
-813
-1526
-1287
325
2077
3282
3536
1424
-1247
-1035
107
728
768
-388
-1473
-2036
-1326
-55
24
-349
-1067
-1717
-1411
-1622
-554
3835
4974
1183
-1672
-2738
-2334
-584
1245
2258
1819
569
-430
-586
182
1611
2263
1057
-764
-1188
-263
365
404
-9
-1113
-2752
-3427
-3420
-2891
1239
4744
2384
-1169
-2544
-2201
-111
1581
2098
3019
2273
85
28
887
1751
2363
993
-828
-1640
-1784
-992
46
-339
-1741
-2748
-2699
-2356
-3013
-542
4852
5019
959
-1971
-2365
-427
1466
2396
2871
2381
428
-902
-589
275
1194
270
-1522
-2357
-2220
-666
1002
1375
208
-937
-1447
-1808
-2388
-2506
1800
6185
3612
-1168
-3666
-3435
-374
1997
2347
2217
963
-927
-1378
-73
1627
2070
619
-1112
-1455
-967
303
1585
908
-621
-1269
-1570
-1485
-2166
-4048
-1139
5161
4718
-1158
-4947
-4345
-382
2894
3200
2783
2474
1175
122
913
2408
2603
908
-1610
-2825
-2371
-1594
-599
225
-667
-1812
-1124
-901
-2010
-3756
-2608
4544
7774
2495
-3055
-4600
-1679
2350
3788
3257
2133
390
-1654
-2160
-565
1648
1483
-1264
-3255
-2487
-248
1143
1700
1491
537
-189
145
355
-1072
-3238
-4620
-649
6252
5292
-2139
-6694
-4930
499
3596
3169
2894
2226
113
-1015
-337
1325
2204
584
-1888
-2197
-973
87
1075
1357
522
-702
-979
-1247
-2198
-3854
-5983
-1234
8049
8129
-342
-6728
-6043
-416
4612
4670
2899
3055
1253
-2166
-2787
-348
2445
2183
-925
-3074
-2622
-1541
-82
1502
957
-241
-52
38
51
191
-924
-2339
-3957
-2277
5055
7646
1915
-3636
-4423
-930
2432
2214
663
635
61
-2110
-2304
-382
1217
1463
271
-298
632
1095
987
1244
1228
339
-924
-1333
-1930
-2995
-4287
-5730
-186
9769
8887
-1471
-8292
-7103
-320
4812
3120
1154
3128
2980
-549
-3633
-2770
1977
4107
1400
-1779
-2244
-840
-163
0
679
721
-631
-1684
-1432
-271
632
-415
-2220
-3684
-1601
5978
8881
2501
-3984
-5372
-2555
1408
2378
1028
884
19
-2446
-2290
-284
1851
3198
1133
-817
-451
-584
-443
569
950
778
774
672
753
287
-2342
-4740
-6097
-4982
2830
9125
4734
-4049
-7982
-4033
2899
5832
3713
1421
2450
1987
-1329
-2714
-1452
1064
2536
971
-1752
-2201
-1398
-1055
-13
693
817
986
-13
-1430
-849
-233
-1390
-2600
-4148
244
9860
9384
-473
-7782
-7616
-1409
3676
2979
-150
-76
1625
529
-2246
-3060
-318
3051
3775
1800
17
-59
-909
-1318
140
838
678
255
-1310
-2454
-1562
-1591
-2483
-3238
-4153
1979
10840
8310
-1701
-7742
-6189
172
4519
2894
202
1208
2689
1829
-1278
-4300
-3403
449
2155
-30
-1862
-1205
-166
833
1592
2470
3546
2018
-739
-1648
-1526
-1402
-2219
-3881
-5507
-2033
7529
10133
1852
-6582
-8136
-2549
3745
4041
806
576
3080
2759
-955
-3609
-3002
383
3761
3095
-169
-2099
-2586
-1743
190
1675
2391
1566
-1095
-2949
-2074
-474
-767
-2567
-5170
-2814
7964
13001
4747
-5429
-9214
-5305
1984
4131
831
-299
2053
2556
-311
-3373
-3422
168
3869
3373
199
-2122
-2992
-1680
1084
2673
3263
2901
572
-1524
-2202
-1636
-1317
-2881
-4464
-5881
-2033
8254
11055
2915
-5560
-8074
-3889
3157
4960
1610
1174
2738
2377
200
-3120
-4090
-1285
1462
1293
-394
-1876
-1647
436
1823
2342
2385
1077
-703
-2053
-2452
-1225
-910
-2430
-3853
-3736
3541
12689
9778
-1138
-9462
-10494
-3296
3837
3676
901
1166
2848
3161
679
-3390
-4216
-748
2690
2815
432
-1356
-1097
137
857
1157
1441
327
-1474
-2412
-2173
-635
-222
-1197
-3706
-4522
3465
10816
6671
-2568
-9006
-7945
176
6415
5153
1899
1166
1195
735
-2522
-6302
-4691
151
3274
3265
1222
-332
3
1178
1565
1977
2205
888
-1181
-3114
-3152
-2239
-2219
-2660
-4739
-2364
6525
9607
3886
-3937
-7888
-3518
3471
4356
1556
780
1459
2568
1316
-3432
-4644
-1283
2164
3596
1038
-2206
-2682
-1911
-833
627
1999
2166
1042
-1031
-2045
-834
-586
-1050
-2536
-3523
3146
9890
7261
160
-7415
-9170
-2726
2241
2209
1466
1569
2460
2887
-406
-4598
-3963
-335
3213
3917
864
-1090
-909
-331
869
1680
1807
1340
-469
-3123
-4248
-3337
-2403
-1796
-2698
-1660
5414
9714
6614
-378
-7736
-7493
-1053
2856
2957
1354
331
1654
2873
-152
-3939
-3983
-1195
3094
4245
1652
-312
-1046
-353
354
564
1409
1212
-282
-2103
-3260
-3282
-2575
-2001
-2254
493
6176
8048
4335
-2880
-7903
-5339
4
2733
2774
1125
943
2552
2110
-1397
-4491
-3887
-81
3455
3233
497
-1382
-1338
-145
930
1691
1634
1290
140
-1893
-2843
-3608
-3274
-2629
-1525
3519
7155
5632
1290
-3852
-5348
-2738
107
1635
1655
1022
1530
2295
886
-2104
-3566
-2191
769
3073
2187
-394
-1396
-945
120
876
1006
1099
878
191
-1141
-2757
-3411
-3627
-3378
-430
4221
6818
5163
331
-3849
-4692
-2182
678
1471
1049
961
2533
3417
1108
-2128
-3369
-1974
388
2070
1301
-746
-925
-470
-29
778
891
541
-53
-826
-1529
-2548
-3065
-3110
-2166
2493
6944
7244
3765
-2520
-5717
-4806
-2536
-79
284
558
2576
4624
4404
562
-4404
-5703
-3246
-38
2395
2122
1358
2167
2457
2480
1631
-97
-642
-1210
-1871
-2590
-4019
-4015
-4209
-2178
3564
6180
6137
2365
-3665
-4880
-3380
-837
1204
1193
1697
3386
4775
3952
7
-4461
-4982
-2840
-362
1680
1297
577
1052
1483
1580
721
-734
-1284
-1300
-1431
-2070
-3222
-3481
-2452
1122
5788
7090
4488
-515
-4225
-3958
-2116
-798
-440
-389
1061
3081
4133
2830
-1037
-3371
-2994
-1623
154
1079
1272
1499
2233
2694
1224
-324
-627
-1255
-1287
-1880
-3402
-4081
-5046
-2147
3439
6430
6608
1412
-3594
-3900
-2599
-297
160
-517
582
2865
5539
5047
588
-3242
-5011
-3939
-789
719
1085
970
1280
2630
2384
959
86
-573
-908
-700
-1424
-3113
-4452
-4385
-1615
2771
5880
5308
1584
-1976
-2629
-1943
-1454
-576
-716
-41
2334
4315
4168
1083
-1622
-2846
-2570
-1019
9
11
-407
683
1578
1272
892
-325
-1125
-467
-186
-1356
-2926
-4316
-2813
1861
6065
7401
3338
-1564
-3701
-4047
-1793
-1000
-1529
-1285
188
4415
6043
3740
-30
-3870
-3814
-1660
-212
109
-312
655
2053
3439
3360
1197
-306
-1380
-1552
-2474
-4203
-4699
-5874
-4219
801
5253
7044
4148
456
-1360
-778
1224
581
-1091
-1628
-397
2743
3824
2215
-350
-2524
-1850
-890
-829
-791
-1482
-709
855
2206
2401
827
-178
-857
-849
-439
-1096
-3705
-5045
-1186
4367
7848
5645
-197
-4144
-5216
-2880
-1447
-2073
-2495
-1756
2227
5576
5986
4021
118
-1699
-1079
-255
-97
-856
-1496
-565
1869
2993
2229
542
-1107
-1092
-1456
-2430
-4477
-7248
-5152
-207
4952
8115
5069
1000
-1053
-814
624
-56
-913
-2602
-3028
255
3446
4586
1731
-1737
-2379
-2125
-614
-388
-1543
-927
936
3574
4401
2758
525
-1529
-1995
-1903
-2579
-5312
-6950
-3344
1774
6641
7962
4129
415
-1865
-1253
280
-822
-2937
-4380
-2066
2650
5576
5370
1889
-1242
-2196
-1598
-655
-1810
-2932
-2228
-193
2818
3988
2830
592
-1204
-1263
-1002
-1945
-4556
-5342
-2641
1620
6244
6667
2749
-652
-1477
-378
47
-1022
-2975
-3902
-2239
1004
4030
4626
2426
-466
-1394
-195
921
140
-1478
-1453
47
2390
3796
2366
-453
-2135
-2118
-2258
-3687
-5946
-5954
-2641
1832
6150
6939
4142
916
-533
355
616
-500
-2643
-4223
-2588
1068
4402
4441
1182
-1595
-1999
-819
-358
-1301
-2004
-1307
678
2821
3653
2774
1091
-287
-995
-899
-1351
-3717
-5055
-3747
-956
2828
5075
3711
578
-979
-528
49
-640
-2232
-3238
-2659
240
3442
4770
3822
1745
534
-364
-392
-467
-1940
-2520
-1534
276
1849
2334
1351
-622
-2099
-2442
-3073
-4511
-4350
-2089
1858
5303
5990
4638
1960
730
629
-305
-1348
-2885
-3703
-2755
-725
1635
2700
1571
-96
-527
171
1061
627
-480
-909
-624
624
1550
1291
380
-654
-959
-489
-943
-2987
-4222
-3903
-1525
2249
3536
3325
2142
295
880
1675
1444
-58
-2818
-3229
-1369
835
2460
2375
891
-100
-155
-163
-176
-1051
-1812
-1074
250
1665
2382
1937
786
-688
-1348
-1482
-2979
-4159
-3340
-1376
1413
3274
2934
1137
206
903
1346
976
-483
-1868
-1972
-949
771
1826
1919
1099
168
54
266
352
-180
-1167
-1524
-921
131
934
805
243
-347
-878
-1513
-2457
-2679
-1901
131
2000
2529
2727
1921
881
479
288
113
-678
-1881
-2357
-1298
14
955
1035
283
412
687
760
944
642
-8
-54
532
616
696
331
-674
-1244
-1913
-2689
-3261
-3112
-1587
556
2069
2806
2735
1859
1522
1438
613
-553
-1535
-2124
-2324
-1346
318
1501
1691
1053
1019
923
517
350
-223
-371
-470
-548
31
269
327
-209
-989
-1314
-2200
-2492
-1660
-410
1105
1851
2042
1753
1066
772
418
147
-399
-1245
-1298
-847
-19
617
564
304
-44
-130
-55
127
187
20
255
442
727
1298
1082
271
-324
-770
-1300
-1954
-2505
-2545
-1708
-325
578
1210
1707
1483
1580
2200
2284
1391
-369
-1541
-1521
-1378
-1101
-441
-321
-366
155
546
777
1004
1103
835
464
562
492
262
-204
-818
-1073
-2136
-3056
-2614
-2018
-789
883
1779
1770
927
467
749
1280
1489
747
132
7
-4
-15
-6
154
-110
-390
-353
-168
241
562
696
601
151
-477
-387
-194
-663
-839
-1437
-2024
-1450
-985
-354
740
862
461
476
457
746
1393
1312
977
697
-60
-494
-540
-489
-243
-296
-514
-512
-167
88
344
790
811
823
684
338
203
-9
-599
-1799
-2405
-2264
-1919
-1001
-82
703
992
718
883
1713
2411
2179
1738
1308
242
-782
-1002
-793
-942
-1456
-1630
-1202
-764
-436
271
764
815
1004
1033
820
681
336
-428
-1039
-1277
-1367
-1349
-1406
-1008
-333
-29
289
799
1488
1782
1760
1442
539
140
-104
-352
20
-26
-363
-271
-194
-279
-388
-170
94
-66
294
608
25
-75
-293
-1360
-1557
-1133
-1219
-1053
-686
-439
213
712
1269
2226
2109
1492
1554
1144
511
332
-47
-583
-1260
-1763
-1607
-1226
-781
-362
43
627
872
633
291
34
-181
-926
-1392
-777
-358
-201
-26
-18
319
753
1225
1594
1408
1050
805
496
142
-154
-531
-645
-775
-1214
-888
-294
9
393
246
-118
-194
-300
-586
-703
-641
-683
-392
-259
-225
275
351
196
484
902
948
1001
1080
537
239
44
-283
-64
-130
-414
-450
-296
-93
47
551
726
422
-139
-743
-744
-894
-784
-511
-758
-474
-114
53
75
-158
-138
-96
652
1199
658
786
1059
882
578
133
335
349
-206
-505
-584
-399
-412
-663
-581
-598
-771
-549
-543
-699
-338
-359
-351
249
293
88
185
302
516
760
1003
1144
1022
801
660
960
994
458
319
-430
-1263
-1042
-1337
-1591
-1287
-1134
-672
-424
-315
329
741
619
471
548
405
6
-65
-445
-692
-72
404
723
1001
773
206
93
294
134
137
-21
-645
-702
-306
-199
205
386
-66
221
257
-199
-218
-520
-609
-550
-588
-47
373
213
8
-261
-540
-492
-107
271
360
832
1235
1103
1125
873
505
-41
-843
-965
-672
-480
-296
-169
-263
-276
-165
-280
-665
-874
-742
-792
-406
344
501
372
269
290
394
797
1336
1398
1229
919
597
399
49
-55
-58
-686
-1091
-947
-1160
-1046
-605
-549
-196
-93
-293
-103
-275
-474
-413
-406
-85
190
177
258
429
639
958
1105
1017
678
258
468
637
229
2
-288
-501
-212
-215
-267
6
-211
-745
-735
-331
-153
-281
-698
-752
-327
-110
273
349
-88
-309
-257
1
243
599
857
913
852
797
936
716
291
-319
-905
-922
-760
-511
-276
-63
216
210
-57
-91
-207
-590
-622
-543
-468
-220
142
188
-119
-192
-128
362
770
712
930
949
744
839
859
463
85
-170
-653
-811
-785
-1047
-916
-820
-691
192
393
138
166
-249
-528
-490
-347
-354
-454
-381
-186
297
638
1188
1495
1030
833
485
365
818
570
277
119
-222
-29
-209
-584
-752
-1268
-1243
-1042
-819
-302
-154
-138
-155
-77
106
-39
-219
51
332
434
812
1021
729
258
-3
100
186
5
54
302
103
-19
116
255
368
59
-387
-474
-227
-394
-846
-725
-732
-797
-495
-268
-172
-466
-378
108
426
924
871
903
1071
768
944
1142
1048
790
286
-195
-283
-311
-533
-693
-1239
-1210
-839
-845
-740
-899
-961
-1136
-834
77
559
932
873
713
858
938
1114
1102
526
-1
177
433
186
10
-245
-910
-832
-608
-524
-6
-356
-549
21
163
213
308
130
-82
206
271
66
-62
-604
-605
-539
-833
-225
231
94
235
387
794
1219
985
776
753
292
42
164
-70
-331
-534
-845
-808
-426
-369
-312
-247
-715
-657
-590
-674
-150
-49
-16
71
273
677
622
885
1176
1166
1024
830
828
408
153
-177
-629
-819
-1382
-1085
-706
-734
-349
-427
-274
-83
-259
-215
164
342
57
107
-80
-46
182
119
483
340
254
450
255
196
-27
135
649
556
373
163
-25
226
253
107
-46
-411
-476
-477
-609
-358
-202
-486
-416
-544
-1081
-956
-516
-52
209
124
227
656
840
541
660
924
950
897
519
353
267
-48
-372
-603
-553
-546
-454
-238
-391
-330
-31
-139
-248
-195
-407
-640
-398
-6
129
53
98
277
272
510
680
419
456
541
387
363
241
162
354
298
138
-243
-853
-787
-438
-532
-667
-481
-426
-192
171
-129
-216
-70
-118
-68
-219
-424
-257
72
210
582
904
687
460
523
895
847
84
-30
312
2
60
9
-496
-71
11
-506
-430
-346
-455
-130
-79
-331
-478
-1485
-1353
-545
-808
-363
109
791
1592
1727
1425
733
826
424
-301
-612
-767
51
60
-116
392
182
30
-28
-176
37
382
328
-68
-90
-442
-1069
-1681
-2611
-1654
91
626
1082
947
1791
2496
1259
806
225
-258
-573
-1485
-1071
-793
-761
-276
-178
145
545
755
401
257
920
793
258
285
318
160
-548
-872
-1280
-2952
-2220
-246
14
163
-7
1175
1832
681
882
945
895
166
-548
682
663
-500
-882
-267
138
-486
-473
455
1083
423
83
982
939
-298
-606
-374
-1040
-1888
-3417
-2941
-115
98
95
1170
2040
2651
1143
923
1528
-137
-1131
-1154
-143
290
-1073
-655
373
346
77
409
1476
560
-640
206
690
518
171
-107
-188
-1405
-1857
-2364
-3644
-962
928
451
1928
2412
2717
1371
-277
699
-298
-1210
-1308
-930
37
-515
180
939
616
377
79
513
499
-188
50
782
368
342
580
245
-511
-1888
-1973
-3913
-3379
1151
92
-307
1595
1942
2416
542
1330
1822
-1121
-794
-274
-25
-213
-462
1572
528
-438
743
46
-682
-1321
-901
245
192
658
991
617
526
-299
-812
-2331
-4279
-545
836
-1406
1320
2599
2081
772
480
2033
-1235
-1696
-194
-1520
-1033
-630
868
1381
326
1297
1263
480
617
491
53
-173
182
235
-810
-494
-608
-1757
-2468
-4740
-1479
1491
-1473
1415
3396
2223
2284
1363
2282
-266
-2006
76
-1230
-1475
-554
-143
-368
-863
1248
1319
216
1149
735
-461
61
976
350
-173
248
238
-867
-1797
-3231
-3833
-628
-409
-732
2468
2465
2054
1402
902
1305
-823
-413
-249
-1701
-335
252
449
557
246
697
-105
-215
463
-442
-337
376
318
324
650
1268
-546
-1105
-2085
-5405
-749
658
-2331
2215
2614
1863
2495
1206
1363
-1481
-1084
-321
-2265
-47
373
139
436
166
1044
18
72
715
-447
-21
480
164
51
-134
396
-563
-806
-1628
-4118
284
981
-2030
2008
1800
974
1542
850
1744
-1151
-546
225
-2449
-472
-65
-499
496
732
945
209
607
810
-59
125
309
-78
-415
-142
79
-986
-969
-2073
-4161
244
908
-1740
2583
2421
1033
2268
1640
1229
-898
-102
-414
-2342
-194
-672
-1077
155
249
437
371
867
422
13
777
639
593
319
-45
-86
-1632
-1326
-2749
-4069
1796
86
-2155
3163
635
13
2013
655
255
-718
1143
-229
-1566
1481
-133
-591
929
503
470
697
1194
389
530
1514
116
-16
-98
-1476
-1333
-1847
-1898
-4103
-4261
1504
-943
-968
4422
1448
1988
3409
1873
1106
-275
751
-1724
-1856
323
-2405
-1196
343
-946
-278
984
1253
545
1175
1100
-216
838
617
-229
278
-747
-1267
-3830
-2481
1224
-3218
-219
3257
-637
2108
2215
424
461
386
751
-1741
220
888
-1626
674
1054
-29
698
821
-136
-607
328
-193
-670
307
-654
-904
-362
-892
-1282
-3211
-693
424
-2463
2408
2722
639
3531
1628
551
502
443
-569
-2224
-110
-1485
-1757
624
-520
-167
864
533
171
735
1303
214
762
1009
-341
597
-217
-1806
-2307
-3522
-746
-672
-1777
1664
370
482
2702
1521
1471
892
529
-679
-1068
252
-1079
-423
447
-359
677
946
792
910
675
204
-637
-213
-566
-1030
-602
-1760
-1165
-2067
-2270
1291
-1038
-373
2739
175
1807
2751
1154
1011
768
553
-1449
-708
-961
-2799
-424
-381
-814
747
742
933
1238
1422
1183
987
1054
-478
-344
-398
-1747
-1145
-3319
-2276
103
-2201
916
1431
-367
2120
1345
1166
1108
1046
679
-851
394
-765
-1151
95
-1018
-321
149
-306
492
743
292
312
658
349
18
333
-1327
-1555
-910
-3121
65
830
-1164
2928
1182
555
2757
469
527
166
-280
-1049
-1245
-418
-2048
-1078
-657
-1523
136
706
808
1707
1911
1694
1789
1795
647
72
-17
-2002
-1522
-2604
-4207
-611
-2679
-1770
1972
-858
1792
2627
1195
2797
1805
1444
447
196
-620
-1592
-288
-1744
-1324
266
-710
229
1098
382
387
675
419
-283
210
-469
-1057
169
-2673
-922
1215
-2567
1242
837
-1352
2708
717
580
1645
505
183
-765
-139
-1503
-1269
-125
-1544
379
1061
533
2359
1845
1123
949
137
-346
-855
-837
-2366
-1803
-2403
-3686
635
-1539
-1287
2655
-504
2342
3250
929
2715
1705
658
35
246
-749
-1793
-386
-1904
-1521
157
-892
458
1056
100
1105
771
457
816
833
-166
-987
-224
-3389
-1854
-1
-3750
827
724
-1040
3569
1162
979
2663
743
250
-22
-372
-1005
-216
-415
-1537
17
-304
-470
1267
220
402
1317
296
208
195
-70
-1170
-598
-1961
-3423
129
-2628
-1477
2821
-603
2612
3195
337
2929
1734
523
438
-38
-750
-1855
-1193
-2279
-1584
-41
-1041
900
1335
660
2101
1042
698
514
-33
-538
-1189
-967
-3530
-1000
-209
-3351
1371
-440
-1167
3033
138
1783
2905
1180
2195
1690
796
-160
-167
-2004
-2913
-1303
-2426
-1226
82
-120
1494
1299
1454
1643
1285
739
-718
-820
-3491
-2697
-650
-3530
141
936
-596
3321
1512
1443
3059
1189
1176
698
-282
-1029
-640
-1291
-1888
-33
-904
-518
889
-21
985
1237
892
912
256
65
-1005
-933
-2491
-3071
-552
-2655
-1032
953
-1370
1959
2191
1176
3590
2394
1720
1824
202
-1409
-1361
-1546
-2360
-1149
-950
-407
854
528
1045
1070
709
269
21
505
-558
-818
-1979
-2334
33
-1686
-736
1192
-1030
1380
1647
106
2283
1443
830
1556
447
-578
-306
-612
-1233
-271
-1053
-1025
292
-199
132
235
546
1032
1092
654
-286
-1279
-2614
-778
-1545
-2390
587
-1238
276
2389
623
2716
2144
820
1288
229
-336
-680
-219
-917
-1232
-81
-1036
-744
-190
-783
147
4
254
1120
1031
1082
481
131
-1242
-801
324
-1599
-273
35
-1089
1055
484
-64
987
446
715
1037
322
-102
-95
-615
-1353
-707
-620
-470
483
-50
856
1281
475
803
505
151
-643
-923
-2919
-2234
120
-2746
597
1752
-886
2742
666
375
2941
586
933
1150
54
-397
-738
-908
-1418
-845
-1070
-1066
-281
-864
-93
587
495
1161
1231
1253
692
804
-593
-1446
299
-2247
-1207
356
-2569
167
433
-360
2292
1542
1489
1974
877
265
480
-779
-1865
-597
-1306
-1189
-160
-319
428
198
284
702
1096
675
-148
-554
-2312
-528
-528
-1637
1143
-1162
-729
1350
-367
1232
773
359
1136
985
1279
620
1076
-347
-625
-287
-1678
-320
-740
-829
192
316
881
429
597
-58
-370
-1286
-1090
421
-1825
140
715
-1022
1799
235
217
1252
-630
116
-219
-109
-344
-424
335
-709
547
644
328
1106
143
691
342
-370
189
161
-213
-698
-498
-1439
-614
-267
-2154
131
-120
-851
1283
-109
608
1484
826
1483
861
633
-44
-213
-444
-1297
-683
-1021
-806
-243
-113
358
901
1375
832
838
699
462
-1165
-2379
-686
-1896
-1574
911
468
1242
961
123
1584
1041
-339
-439
-353
-379
-392
584
574
314
740
-445
-279
299
-752
-686
-297
-675
73
266
-908
-593
-1243
-1063
-1306
-961
2585
-497
-536
2406
218
2116
1608
375
794
152
786
-554
93
-927
-1901
202
-41
61
-922
354
1385
-407
796
1012
240
-1655
-1845
-800
-2031
-285
-546
-703
1624
347
-591
188
1444
879
79
786
446
941
1378
1474
1387
6
-1974
-1899
130
-654
-1983
-906
586
181
43
1046
-358
-2101
-1884
664
666
-981
952
1004
128
-631
-863
1049
1078
1657
1638
165
796
278
-346
324
-1161
-1907
-45
677
-46
227
1745
1137
-1470
-1815
-1422
-2481
-2209
-1200
-1322
405
2633
2299
2137
2310
1089
-353
-796
-277
-115
-477
-196
-182
-350
324
267
-500
-218
946
1236
97
-40
593
-439
-1048
-1212
-2147
-2466
-2746
-1016
817
398
1917
2810
1329
768
1334
1542
439
349
968
-189
-1009
176
901
-461
-1467
-1246
-1335
-835
96
-246
-829
418
866
-2058
-2703
-520
80
386
554
1426
2416
2074
2017
937
-499
-562
-401
-520
-1780
-1951
1017
1754
-157
140
1230
595
-483
833
879
-2313
-2743
-561
400
-1465
-2654
-997
-225
984
1378
-183
-147
199
1404
2346
1964
2410
1393
403
62
-780
-770
-1116
-1631
-1065
630
45
-712
518
-360
-110
-209
-1779
-987
-849
-574
154
-279
388
1204
2348
1908
-1501
-327
427
-1600
251
10
540
1854
224
234
-325
-58
963
579
613
27
-2025
-1872
-919
-1801
-646
-1662
-1339
1060
-124
676
948
2940
5188
1667
-466
-186
-1923
-2833
-640
-690
-78
1121
922
744
-1743
-447
376
250
1928
-94
772
1077
-2570
-1990
-303
-509
550
-555
-2112
-1164
-1103
-196
612
1594
2027
1894
1784
-285
843
1500
-254
-285
841
103
-1505
386
-1994
-3041
769
-630
163
861
-986
912
-905
-1672
1333
73
1358
1666
-1286
-1141
-1121
102
880
1515
647
-1389
-691
-1439
768
2916
1584
1700
1676
527
319
471
-2738
-3622
-1735
-881
-1494
-1511
1259
654
-152
-1035
-687
1277
186
630
140
1439
2194
278
693
344
1271
-9
-2855
-2325
-498
811
323
971
2374
2211
761
-725
-879
-501
-1321
-2343
-2981
-2677
-500
-1161
145
4214
2579
560
-609
-552
1275
-512
-579
630
1933
3992
457
-804
299
-576
-99
-2200
-1985
-1126
88
2531
-1028
-1649
-867
-2224
-1183
-724
-130
554
285
-65
2233
3263
1728
490
-2358
-1635
448
-322
482
1986
1181
906
2238
953
-1064
-735
-262
-2423
-3337
-1610
-169
617
-40
1608
456
-1482
967
-1116
-1820
-525
-1221
541
1647
1198
-188
352
2881
1643
35
80
-1156
575
2459
656
1375
2227
16
-1387
-1943
-3386
-3785
-2130
-381
-1932
-3872
-169
1929
2397
2835
1487
2940
75
-2121
-1190
-3279
-1267
1584
3510
3606
1851
2832
2368
1318
21
-1338
-428
-2036
-5615
-4012
-229
-296
26
331
-353
-1321
-4059
-2896
-988
656
4153
2671
3075
5125
2425
1855
2284
454
-2679
-3109
-957
-1525
41
1239
-1120
1036
1512
-2559
-1780
-1505
-3190
-616
478
-1115
-659
1466
2399
833
-474
-15
-33
-1007
-1297
-544
1420
2547
3267
3195
832
694
349
129
296
-2443
-1804
-1478
-2639
-395
69
-481
-164
-448
-467
-902
-454
-199
-1883
345
1733
-283
3205
2744
-1889
457
382
-1962
744
732
-987
860
2009
1531
430
1170
1826
202
-671
-2622
-1845
149
-1678
-2583
-1103
288
-1490
-1739
121
-42
451
-284
-545
1237
1014
742
1741
1109
537
972
1606
2877
573
-842
1113
-300
-1111
-117
453
672
-718
-722
-1960
-4122
-1964
-1375
-1684
-382
-1048
491
1865
483
-274
509
1969
989
1201
1829
675
1001
1072
974
347
632
350
-2733
-1794
-129
-716
596
460
346
904
326
1204
-892
-3933
-3289
-2560
-2078
-1797
75
1634
1051
1751
2610
2090
778
470
-473
5
2101
1553
2874
2455
-416
112
-396
-2545
-2477
-1506
-2248
-966
433
-91
844
-1264
-2258
-658
-1518
53
267
-1644
339
2219
2292
989
848
1356
-1057
-50
1764
631
895
1300
2348
1805
-794
-949
161
-1151
-2864
-1746
-958
-928
-1321
-899
-74
-1259
-1071
-53
1195
519
-1467
-741
-1163
-474
1793
1766
1379
1101
2598
2614
276
2487
1944
-1283
225
-737
-207
1061
-1802
-1431
-942
-2152
-2895
-1297
152
-1317
362
735
-794
-425
-815
-95
412
797
1496
-67
-834
588
1447
1524
743
-334
250
760
1106
1440
832
1325
540
-903
513
606
-1279
-1724
-1284
-1955
-2271
-1379
-2283
-1763
-89
-506
910
2378
1439
88
211
450
535
2236
1488
258
580
-428
-1225
-282
1034
1036
1647
555
-1353
-679
-344
-423
-1208
-993
-413
-592
-599
-1753
-1349
-976
-976
-682
-1379
203
1408
859
1932
2945
2432
1702
1055
880
905
601
89
-989
-445
915
-266
-1637
-976
-1312
-1561
-281
-1581
-1213
832
-273
-185
-403
-1647
-1118
-946
-480
1695
2633
937
296
437
237
1382
1554
1052
1033
-335
-995
37
1228
1227
10
-227
-1398
-1956
-889
-1590
-233
80
-2589
-1396
-68
-1286
-97
1303
-162
29
28
-301
1757
1577
1966
1759
406
598
-743
930
2298
1004
376
-1196
-815
-1227
-1967
-312
-601
-575
800
-29
178
1588
-280
-1022
-518
-1828
-1787
-1317
-1015
-764
-666
-52
563
1203
1243
1818
2428
1773
1752
2128
1045
-438
-1270
-2826
-2944
-799
384
778
8
-929
-103
495
70
-633
780
1148
-1901
-1674
-1048
-51
2555
-804
-1477
1538
328
425
731
760
1046
844
889
-1302
-358
1405
-913
-505
2083
1987
188
-639
-379
-1005
-3377
-3173
-1499
-734
1733
-92
-1557
1040
-372
-206
1845
405
-142
-43
-799
229
416
1771
3695
2155
1278
-1646
-1400
1650
441
1520
721
-978
-958
-3116
-3478
-1834
-1411
-1551
699
1568
919
303
-989
-228
1074
1746
713
-4
-597
-1283
-824
-246
2270
1067
-429
753
-22
1119
1088
180
713
866
662
-759
-419
-38
-1224
-1794
-3543
-2996
-574
-594
1121
724
-321
2164
295
-245
878
69
1824
1635
1297
1414
-224
615
1632
-346
-1486
-690
-1506
-2105
-975
-212
165
1147
1067
-1050
-1076
-890
-2615
-1403
-521
-1338
1503
2608
705
673
646
1389
1429
359
721
1251
969
-515
496
1955
-377
-374
1190
-286
-794
-1090
-2128
-1784
-3294
-4336
-2276
-22
-249
-988
1547
1714
225
1989
3038
2071
1345
1274
756
931
434
-1133
-1991
-2962
-1097
1245
311
1020
2946
2697
1789
283
-282
-1711
-4845
-3764
-2708
-2643
-916
-568
854
2046
2418
3494
3850
3334
1053
-1413
-2515
-2932
-2540
-472
1687
1912
550
-994
-866
449
745
-1261
-760
1682
-514
-1455
-163
-1269
-1379
-1364
-386
1482
11
560
2804
274
-2251
-790
1210
1937
1413
661
2910
3949
454
-2281
-2461
-479
-488
-1455
-1118
-2003
-1003
-857
-601
-348
-2071
-217
168
1049
4190
2146
-407
206
808
-232
-1149
-782
698
1124
-77
448
1491
1963
-1013
-3933
-803
617
510
838
-837
-691
-545
-418
21
-1621
-505
1434
-1147
-3097
-1037
1496
1636
962
982
485
615
1793
2014
706
9
-529
-1575
-93
110
-739
-105
-435
552
178
-154
902
-863
-1366
-226
-96
-1193
-986
223
851
2228
916
763
1279
-1910
-2341
-971
-961
-1244
-410
2076
2889
2032
1194
-382
-285
733
-1468
-1371
-702
-1919
748
-263
-2150
586
-261
-1388
-688
-1166
-165
2558
3479
1948
252
95
471
-1410
-2185
-513
1684
2881
293
-978
233
-59
86
873
272
-371
-534
-1620
-1407
-892
-544
112
-1535
-1740
62
1173
1385
631
894
1161
62
-637
-842
-1215
583
1387
-324
1315
1905
-141
72
451
385
50
-242
-232
-898
-1156
-1052
-1005
-2277
-3242
-563
777
-184
1107
2755
2312
1357
2307
1623
-1269
-1803
-2140
-2691
-387
1967
1003
1694
2924
1605
1601
-837
-1411
95
-2005
-1860
-1905
-1535
-1898
-3349
-390
322
18
324
852
3606
2678
541
1206
1307
-80
-174
448
-737
-1806
-480
1959
1460
-721
-591
1116
829
-1367
-1647
-1249
-1314
-1255
-1273
-683
465
1482
591
-1149
-1298
-751
-172
544
711
1313
1081
883
1850
155
1102
2721
1047
1214
-687
-1216
-491
-1707
-497
-1346
-1152
1549
131
-2292
-1641
-265
-680
-1418
-2547
-1651
1485
1432
456
1014
2191
2701
1609
1770
929
-858
786
586
-2180
-2286
-1969
-1505
-163
102
1089
2492
1606
-227
-1051
-710
-660
-1501
-1559
-743
-467
24
1204
1106
1435
953
-1845
-725
1545
1787
1747
-608
-1098
477
452
-106
-438
999
1189
-990
-1992
-1956
-311
886
816
974
-536
-687
-1074
-2685
-1101
-133
627
613
-617
718
797
1348
2914
1549
556
704
-433
-1648
-1861
-766
1765
2219
708
-1272
-2586
-1363
-1288
-1367
263
1088
478
-448
245
621
-227
-199
225
137
421
173
592
2066
320
-1158
-391
-10
-246
-522
998
632
-475
482
-81
-804
-879
-1097
162
1424
176
150
1198
-495
-620
-373
-1024
573
372
-704
-897
-1555
-510
487
854
1342
729
-76
-957
-801
903
2096
1851
501
-842
-1493
-1557
-1332
-630
635
1397
8
-1737
-520
1467
1382
688
1137
553
-1078
-576
321
-45
-1299
-1101
1182
1041
-103
36
557
1452
304
-1297
-1638
-2558
-2114
-257
717
416
-213
3
597
1652
2450
1688
571
1030
623
-2062
-2105
-1308
-1698
298
1241
45
-104
-999
-1913
-38
1541
1359
1259
354
-278
176
764
1617
482
-1475
-1242
-1554
-1681
-542
38
1304
1174
207
560
308
-158
-974
-787
292
326
574
596
344
705
988
509
-165
-746
-613
-303
-1766
-2844
-2110
-238
1186
1281
1275
320
518
1841
1471
1003
-161
-475
736
-630
-1411
-565
-621
44
-286
-741
-451
69
1380
40
-932
-1067
-1958
20
666
259
1762
2051
1208
214
-159
-953
-1762
-215
315
-340
414
219
-110
52
287
975
-19
-256
-79
-971
-550
-79
1415
1860
-467
-807
-66
86
524
-456
-1537
-1207
-1465
-697
-8
-388
942
987
744
727
-268
1057
1175
-427
-316
272
433
-64
259
1075
201
-1083
-1438
-1427
-693
-14
-424
-279
414
772
1137
986
127
19
672
165
-558
-98
197
-266
-345
-494
-304
630
-367
-819
246
264
209
-474
-34
487
-181
525
474
334
-51
-946
-595
-775
-423
-466
-1470
-554
1160
1704
1456
765
-350
-226
110
-754
-237
1698
1879
650
55
-791
-1029
-1089
-1411
-822
-1210
-1020
-215
-650
-212
1425
1957
1394
1703
1147
92
-490
-1070
-108
124
-83
453
-452
-984
158
428
-100
25
-698
-1169
-657
-553
164
388
288
872
-185
-1009
425
757
233
648
1060
582
-1245
-813
969
-655
-1588
-250
71
-8
238
735
497
-355
-437
-520
-265
744
941
81
-159
-82
-101
924
344
-1113
-865
-340
559
817
641
613
461
-338
-1099
593
793
71
393
-234
-277
-1341
-1869
-1111
-588
377
65
550
1008
63
-387
-1043
-247
955
668
862
1326
1199
627
-311
-614
-306
-427
-205
80
40
456
118
-1029
-990
-151
-917
-1726
-658
309
789
671
384
1095
1207
393
854
1341
-418
-1352
-750
-754
-1032
-1391
-515
962
873
78
453
753
-596
-725
-371
-365
1370
1656
685
318
-330
9
-287
-1087
-469
-237
-577
-663
96
672
290
573
850
254
-764
-755
59
-469
-515
279
150
30
-100
90
622
590
283
-540
-611
-326
-504
261
521
103
-93
185
532
132
-59
-231
227
582
-262
-470
-450
-707
6
381
468
1617
561
-748
-674
-1052
247
-213
-1280
-477
-199
1053
1062
299
945
611
-643
-1118
-673
-40
638
838
560
121
-251
-583
-526
-544
-1411
-1166
-492
-140
469
869
1481
1713
1419
817
59
-859
-1001
-303
-8
-251
-1657
-1171
434
201
486
616
770
581
-219
82
-7
-364
-508
401
1109
-508
-1188
-685
-680
-460
129
1115
1123
436
810
169
-1155
-588
-433
-909
-245
176
573
1147
459
-223
45
-8
-240
-276
116
510
41
-390
-837
-825
80
338
528
635
277
429
61
-262
62
-191
-629
-891
-56
678
68
-319
-587
-540
-510
-51
943
817
595
530
566
450
-45
-429
-612
121
170
-499
-680
-657
28
-142
-711
483
1097
690
661
-256
101
774
-446
32
172
-1204
-1397
-1108
-172
997
1243
647
0
-439
-745
-655
-213
-10
-363
239
835
592
613
147
-306
-166
833
1111
-173
-21
89
-1008
-807
-195
-245
-284
-465
-455
293
743
577
211
327
695
-204
-777
-894
-972
198
539
365
454
80
30
14
-89
-315
-153
169
160
191
-126
-472
-613
3
365
-110
-136
173
763
750
765
648
-336
-482
-415
-71
205
-362
-766
-880
-351
231
574
239
-213
367
-105
-525
220
190
-432
-693
336
877
930
1611
910
180
-774
-1712
-1476
-1849
-736
682
413
433
425
434
731
726
273
199
151
-125
-230
-552
-221
-3
-286
-328
7
258
-91
-69
9
246
121
-65
433
-199
-848
-517
-19
179
376
895
821
232
231
810
359
-423
-1208
-1947
-1199
-227
-82
35
935
657
-208
355
482
488
509
63
-484
-196
457
-176
-553
-358
-367
-476
289
537
-29
1001
793
22
357
125
73
-543
-1010
-654
-719
-86
405
-555
-229
338
-512
-315
-79
-246
152
573
730
559
202
-31
895
1449
814
94
-461
-342
-685
-1192
-427
176
-222
22
277
-129
-449
-664
142
49
-449
74
367
783
-303
-994
-303
-215
285
633
669
432
270
241
48
-339
-866
-209
225
327
559
196
196
142
-250
-16
738
84
-910
-1083
-1497
-931
77
383
415
716
912
940
790
-91
-44
-114
-903
-470
96
-284
-444
1
-8
251
580
874
858
193
313
-572
-955
-338
-698
-134
-214
-169
698
125
-312
-719
-565
531
393
49
-142
-132
621
1287
1386
219
-178
-850
-1572
-380
-532
287
122
-768
628
167
432
-569
-745
-299
-2240
1434
1274
-810
2303
66
-251
1212
-792
-314
-893
-556
1203
394
993
1262
517
354
-681
-724
-279
-596
-1182
-827
-551
-278
2235
1735
133
76
-2413
-1003
784
-2081
-908
200
-1151
646
1113
380
987
172
-1449
-71
1987
391
1307
1370
-1422
-119
-2109
-2519
1731
556
-207
1135
673
1027
1161
396
1767
1006
-1970
-981
-1163
-2345
398
2112
-851
-1741
-682
-1854
-428
-120
730
743
-763
2505
-228
-282
2412
-2025
-123
773
-1188
235
364
1641
-160
-1426
2000
2046
-425
-2076
-1122
-1654
-2483
1599
687
-764
1559
81
21
1237
1078
2495
2223
-3203
-2895
1079
-1151
1473
2700
-1971
-2623
-1519
1054
1885
-1160
-2116
748
2398
1849
-124
-561
84
-2138
234
68
-3562
-1244
986
2311
198
-924
-178
-370
2614
-157
-3141
-399
-1133
168
4322
1324
68
4034
2809
2091
-643
-3827
-1749
-3615
-422
2308
-2327
936
2223
-1022
-423
-2455
-2473
1058
-537
-2600
-612
96
743
2199
2367
1204
-602
435
267
-545
570
-460
385
452
-1325
-126
492
-39
-616
187
1474
517
6
2097
2684
141
698
-383
-5081
-2730
-914
-3270
-422
792
168
2473
3358
2696
-829
-2175
-1133
-2143
-1187
-1104
-715
2416
4466
1459
-956
1867
264
-630
-201
-2859
-479
1408
347
125
-1301
-1260
-48
-1190
-1355
-1096
-318
1897
1708
2998
1463
-1454
-816
-1914
117
1025
957
2556
962
84
-897
324
-878
-4276
-1200
-777
-1610
-404
-1395
353
3219
2237
689
1300
464
44
1131
-1269
-1180
-395
-3181
-839
764
-1087
-917
-322
2853
4016
1874
1410
2052
3356
1859
-1966
-3802
-3908
-3569
-2993
-990
591
-1413
-1605
1322
2446
1842
793
3094
2135
-1125
836
-913
-883
1215
-369
-607
-189
1214
-567
-1256
-615
-2765
-2104
-1896
1229
1817
-3733
-1933
452
-1081
-246
2054
4486
4674
4628
2396
-1001
3169
3061
-2401
-1472
-3710
-4408
-44
-1255
-1040
604
-715
43
-147
-1037
-585
-2734
-3767
-2741
-1537
1922
3615
3119
1889
159
1470
4010
2832
-277
315
178
-1654
-1401
-1979
-251
1364
1715
4150
1897
-1497
-2937
-6778
-5168
350
868
2241
3061
-529
-2481
-1528
673
186
-686
477
-171
-273
77
979
3368
3629
1451
-1322
-2769
-852
302
-400
1738
2162
2895
2770
-3586
-4191
-2693
-3203
-836
-2497
-1703
2466
921
-1180
482
2250
2084
3481
2417
-476
-649
-1732
-541
984
3138
1840
-2407
1316
541
-1128
-811
-2495
345
-1469
-598
-815
-4813
-240
-455
-1445
1446
-1217
-1763
3221
5340
3527
2653
985
36
-782
-3371
-3053
-1731
360
630
-1723
1487
3810
1666
-331
-1839
982
2460
2575
3849
-955
-6672
-8636
-7071
-4144
178
5485
4815
3859
1801
-1156
1713
2486
1785
693
-646
146
-902
-1245
-942
-250
-682
-2640
-159
1868
1227
923
211
-640
-2895
-3130
-593
-240
-689
-479
-753
-301
2634
3855
1738
2412
1934
1126
3347
-412
-2773
-377
-1667
-1104
143
-1065
-1123
-1503
-3588
-4298
-385
3331
2326
-214
-2230
-3230
-1390
2155
3978
2926
720
1165
1403
-879
1461
4322
542
-2040
-1555
-1830
-739
-237
-25
105
-1169
844
931
-1603
-476
-163
-562
-1521
-1971
-517
-1915
-1301
1219
-507
-100
2743
1980
1951
2493
1767
2124
1300
1500
-125
-2807
220
585
-1792
-1659
-2273
-2418
-1033
-297
-406
86
788
460
-1323
-2372
-3937
-2425
3296
1605
566
2853
2575
5002
2366
-1229
-208
2014
4378
146
-4505
-4524
-1492
271
-108
2310
219
-1942
-866
-2778
-2601
-1373
-192
419
-533
16
-435
1026
3289
1455
1369
-427
-2175
1572
887
301
1983
1671
3586
2304
-1023
-3004
-4617
-3805
-651
2026
1568
2536
2070
-318
-1002
-3170
-3112
-2990
-3821
-2900
-324
3752
3675
3855
3219
-482
573
-577
-1349
1403
153
518
-555
-1243
1729
-278
503
2868
1066
405
-525
-381
-680
-2676
-3849
-3138
-172
546
-1117
-3174
-2910
-319
2178
4454
2608
981
1299
1121
2260
1427
1218
-553
-2999
-258
-300
-501
1301
260
220
642
666
-917
-2441
697
1293
-1389
-2197
-3108
-2657
-1940
-417
653
-1683
723
4119
3493
3005
1275
975
1723
1450
259
-2643
-2490
-617
-731
593
1415
612
530
-718
-843
-1141
-2304
467
1219
-1143
-2171
-4154
-2797
2074
1989
139
583
561
1108
1227
767
2010
2019
239
871
806
-1099
-206
-517
-795
606
79
-67
-369
614
1561
711
400
-1996
-3337
-3268
-4367
-3602
-2301
635
4354
3864
2708
852
-1649
-40
936
1540
3211
2190
-287
-2184
554
1781
779
3369
-191
-4358
-3229
-2787
-392
420
592
1083
-1431
-1291
-1332
-2920
-1592
913
3677
2638
-934
-1329
-852
-299
1231
2474
2206
1989
1020
-1475
-1000
-842
-750
924
-799
96
2544
222
-1062
-809
-206
1283
-511
-3146
-3821
-3166
-47
948
1037
1295
-407
1193
1666
1113
2481
2732
3806
1142
-1044
326
-1587
-3178
-1772
-324
-1011
-326
-492
-2341
-7
362
-1121
327
753
-841
-250
852
-188
692
1260
1692
714
-1905
-1811
-2835
-1191
1371
2488
3468
-722
-1540
308
-1224
252
2071
1848
3816
3175
-1568
-2373
-1697
-2391
-2081
-748
407
-432
265
850
-194
-420
-1030
-1217
-1401
411
1913
647
2261
2882
701
289
-743
-1137
-418
-1844
-2439
-916
1091
1739
663
53
346
552
-821
-316
582
-1353
-1422
-575
501
1906
1926
-20
-1404
-546
-2093
-1867
211
793
1535
364
1526
1693
-978
161
770
-373
-656
-536
229
536
-362
-350
575
-83
-701
-761
-1264
-1485
-65
2438
2199
651
-44
-385
34
-223
-639
-844
332
2180
800
-484
-589
-1101
-1114
-1012
-685
-634
613
916
406
1228
-673
-1276
457
220
-257
-1088
-1707
-135
1418
900
1356
956
-616
-521
-1492
-183
1420
1331
2735
1136
469
1056
-1526
-2342
-2073
-1419
-421
-1025
-130
666
-293
185
631
-77
-135
-393
-1206
-1056
576
2909
3482
1828
38
-326
77
-1029
-702
300
-160
1170
-248
-1927
-503
-1704
-958
725
-589
-1230
-1980
-1268
1272
2457
2089
1653
1556
-772
-3194
-2907
-1141
399
636
1787
1206
-305
493
-334
967
3403
1742
-185
-689
278
880
-81
-530
-30
-939
-2294
-2200
-2898
-956
735
223
3193
2647
-318
-1395
-4196
-4076
-1408
583
2006
2737
3153
1609
252
109
647
2068
2090
699
-1624
-2204
-963
-774
-815
-1038
377
1939
1627
581
-1834
-3141
-2543
-114
764
-733
931
1327
-142
-792
-1235
699
1214
938
414
-1031
-19
365
2269
3822
2091
1428
-1896
-3587
-2213
-2520
44
2067
1452
1012
-50
-819
-1192
-1879
-2345
-880
1166
883
-1750
-2774
-462
502
385
1756
3069
2965
1212
-505
-702
25
1490
2603
1531
-680
-2144
-1287
-298
-731
-817
-1358
-932
-1103
-1617
611
1986
2519
1566
-568
-1156
-2524
-2731
-1351
-1951
-1113
2436
3147
1964
1946
1352
362
815
1843
663
-592
-887
-1537
-1224
-1119
-477
-356
-1084
48
448
230
-28
62
1263
793
508
926
-1082
-3473
-3525
-2534
-1473
-22
1231
2513
2914
1633
698
1020
2391
3657
2681
430
-1224
-2796
-3259
-2175
-1621
-1042
18
438
641
340
218
1283
1407
777
333
-864
-2247
-2800
-1960
-1776
-2276
-838
1016
1932
2201
2063
2150
2420
2364
2088
1194
-486
-1422
-2134
-1550
77
-338
-254
-52
-1252
-1247
-608
-324
-354
388
1433
905
332
-1158
-3419
-2832
-1001
675
1442
75
440
1297
500
1240
1986
2727
3148
1004
-564
-1214
-1387
-725
-1065
-911
-131
2
132
-346
-299
172
-372
104
785
780
-72
-2713
-3342
-2839
-2742
-378
1466
1907
2387
2027
1763
2515
2248
817
503
-380
-1200
-880
-1716
-1625
-113
1080
973
-828
-1171
218
1377
1038
-408
-81
25
-729
-1530
-3967
-3480
-823
455
2114
1270
386
1220
430
1599
2719
1985
1646
-369
-870
475
600
394
-626
-986
-49
243
-865
-1907
-1343
-455
-92
-819
-1628
-1524
-1345
-1193
-1294
-343
1186
1883
1848
1325
1966
1895
1070
1437
767
-26
-392
-486
-44
-166
358
-415
-1161
545
500
-437
-622
-952
-922
-1192
-1092
-1270
-2202
-1431
-800
-1005
607
1450
681
822
1669
1870
1703
2143
1792
867
280
-154
-245
-409
-214
664
657
-1235
-1800
-1122
-1210
-466
-376
-785
-416
-827
-837
128
-349
-547
2
-495
239
164
-131
1114
1582
2918
2830
727
-106
79
301
-47
-130
-424
-1021
-926
-1008
-1573
-1653
-1467
-1126
-20
821
569
-505
-705
149
316
348
618
410
158
362
345
1037
2212
2382
2197
598
-1433
-2201
-2025
468
2092
466
-647
-1254
-1799
-1375
-1089
-547
185
981
1009
-60
-881
-1960
-2084
-760
73
-96
397
1597
1366
1161
1152
807
1500
1820
1113
564
332
-37
-775
-1618
-1193
-155
-271
-1119
-1819
-1669
-899
410
475
33
959
595
573
406
-1295
-814
700
1433
1284
375
-306
-499
174
135
-1154
-1109
-531
-755
20
1025
1358
1265
1431
1823
469
-126
169
-1246
-2445
-2482
-1441
-466
-155
472
621
578
889
312
69
774
56
-938
-1195
-1060
-375
477
1799
1520
840
875
217
772
686
-258
-383
-1107
-2175
-2098
-469
93
277
861
506
618
436
739
1244
346
11
-602
-1678
-1975
-2264
-1712
5
890
978
1635
1640
625
340
578
674
448
-180
-56
-339
-1104
-290
64
-64
873
1007
482
691
894
-103
-2000
-2516
-1849
-2131
-846
1120
615
629
778
229
168
-178
400
1260
922
178
-322
100
1364
1413
318
179
-286
-788
-426
-526
-665
-1361
-1398
-79
216
394
361
-93
181
-278
-803
-892
-483
831
386
-367
11
89
990
1066
553
991
221
-213
263
172
-35
-842
-792
-537
-1133
-583
-305
146
1488
1869
1711
820
-450
-1315
-1938
-2013
-1164
-484
-635
-55
508
1453
2617
1869
1464
1861
1611
29
-2159
-2808
-2801
-2297
-1632
-1160
556
1877
1732
1661
1232
127
158
-98
-958
-213
-492
-1169
-452
-40
1020
1260
549
344
-529
-308
310
-519
-1208
-1216
-782
-447
-72
937
1917
1641
644
129
-346
100
559
-422
-834
-1034
-1107
-556
109
1339
1239
736
1260
850
-27
-1377
-2644
-2079
-631
-514
-1118
104
1836
2102
1201
551
896
1334
754
-1049
-1739
-1567
-1595
-925
-281
2
207
1145
1768
1757
1823
787
-249
-1292
-2095
-1793
-1808
-1463
-675
-145
884
1664
2027
2399
1714
548
-889
-1781
-1213
-1282
-976
-192
546
1719
919
82
867
1198
788
74
-773
-1949
-2432
-2228
-2288
-1215
654
1174
1360
2001
1533
1002
1219
407
-389
-2
-286
-808
-1250
-1747
-45
1452
967
1152
1712
1666
499
-1175
-2256
-2844
-2349
-1276
194
1240
831
809
992
776
485
73
302
338
-1
-590
-1261
-910
-301
58
68
33
632
1367
1284
474
-222
-1063
-1333
-1228
-1054
-583
-488
622
1183
1204
1916
857
67
-255
-796
-708
-1318
-750
-128
-47
1306
1142
128
226
715
908
-11
-484
-436
-1330
-1768
-1185
-476
-142
-41
379
678
726
735
558
399
372
376
248
41
-591
-952
-274
267
982
1128
-156
-685
-600
-365
-122
-557
-460
-287
-257
184
259
82
237
1129
1186
134
-284
-334
-220
-687
-1318
-879
-119
459
839
927
224
158
846
355
111
155
-602
-1061
-1035
-655
78
430
646
532
-124
464
1046
-195
-1514
-1597
-906
-301
71
-144
37
1089
1448
1336
1311
1311
737
-235
-908
-1400
-805
-257
-824
-834
-682
-610
290
616
-42
47
691
471
47
97
-64
21
-117
-634
-354
142
411
357
531
606
190
35
-592
-809
-543
191
1196
360
-64
344
-257
-429
23
-313
-1009
-611
-116
168
664
565
110
-129
172
383
857
1046
-642
-1363
-746
-1018
-452
300
288
940
934
247
-22
21
144
-108
-150
-652
-1094
-542
-544
-434
19
623
1604
1381
887
768
94
-411
-777
-609
-325
-529
-27
-104
-744
-938
-1035
-27
547
423
1122
902
290
206
-559
-750
-218
78
789
785
122
210
578
544
-254
-658
-447
-497
-331
-322
-718
-545
99
-16
-57
563
326
-57
-61
-535
-583
-164
68
791
1306
933
815
698
56
-101
-229
-965
-848
-541
-909
-978
-759
92
694
709
772
301
-89
-330
-291
-49
-120
389
764
257
-24
183
399
693
563
298
379
-512
-1049
-437
-859
-1264
-1061
-1779
-1781
-378
424
963
1415
1092
1181
1777
1888
1309
860
845
257
-45
-117
-775
-629
-425
-1119
-1924
-2555
-3090
-2936
-982
661
485
360
1124
2215
2572
2501
2082
749
-43
135
-450
-1256
-719
-539
-700
-273
-4
865
1249
695
474
218
-498
-1422
-1443
-1383
-1590
-1361
-1454
-393
931
349
15
817
1793
1871
1099
900
832
415
-117
-568
-710
-910
-643
148
265
1
81
57
18
131
431
595
1
-344
-698
-1158
-1171
-1819
-1637
-268
936
1370
182
-29
1437
2104
1675
711
-144
-1030
-1021
-318
-798
-855
-17
226
345
729
813
545
329
-114
-547
-480
224
766
-74
-728
-905
-2083
-2351
-473
1351
1016
-313
165
1645
2019
1365
426
-538
-1610
-1312
-224
-732
-902
461
1399
984
-10
-150
65
-97
-77
-57
311
1339
1394
164
-664
-672
-891
-2079
-2615
-639
1525
1046
-173
138
736
852
477
-257
-254
7
-92
-115
-141
-198
199
682
545
399
39
-86
693
679
21
145
583
128
-723
-1201
-1745
-2220
-2856
-2111
891
2287
823
234
1938
2916
1776
264
-535
-982
-1491
-1611
-1651
-1461
309
2336
2302
971
871
1324
-118
-1357
-1065
-921
-322
532
375
-298
-276
120
-435
-1561
-1814
-551
808
1048
273
-99
1074
1601
669
-524
-854
-506
-972
-1153
-862
-461
602
1236
1222
1176
1282
1011
577
463
-48
17
581
-120
-1300
-1611
-1442
-2224
-3436
-2787
349
3476
2761
661
1430
2639
1809
-365
-1625
-1467
-1620
-1683
-1372
-863
492
1635
1301
998
1370
1244
920
156
-416
-81
-396
-519
-238
-664
-239
72
-1082
-2478
-3324
-2303
-298
1803
3109
2016
1417
1886
1239
-643
-1934
-909
-141
-499
-486
38
951
1033
82
-567
-302
326
504
254
381
689
928
1223
821
78
-472
-1210
-2584
-4146
-4907
-3339
1270
4335
2716
1037
2964
3916
795
-1565
-1374
-921
-996
-1323
-1088
-340
185
121
-21
601
1450
974
-225
-335
391
500
201
787
1403
941
-246
-1221
-2146
-3519
-4003
-2702
142
2462
2415
1296
1748
2907
1300
-784
-748
1
481
-413
-1340
-751
40
191
-173
-380
-59
162
235
393
557
999
1359
1204
715
-187
-1132
-1882
-3250
-4281
-2958
188
2749
2295
868
1727
2116
294
-1161
-470
1062
573
-569
-36
481
628
462
-907
-1544
-762
-561
-1118
-597
654
1169
2103
2747
1873
742
-364
-1255
-2193
-3886
-4745
-2197
1874
2021
-536
-4
2231
1895
70
-462
1132
2198
1366
1443
1250
-373
-1441
-2461
-2042
-506
-787
-947
-346
227
937
967
896
443
467
858
-29
-604
-1179
-1972
-2194
-793
2135
2068
-196
-439
762
207
-1602
-725
1015
1765
1806
811
888
614
-778
-1545
-2003
-1304
-393
-176
109
19
118
774
1312
1191
941
860
273
-612
-1365
-2333
-3662
-2612
886
2381
1166
280
1416
1551
-288
-942
-259
738
867
266
26
-255
-549
-423
444
1358
1140
-501
-1433
-522
-513
-1318
-622
837
1389
1372
575
-973
-2054
-2469
843
4530
1107
-3305
-1932
771
-930
-3579
-1709
1783
4122
3644
919
453
1411
-330
-2796
-1770
-445
-360
159
-33
420
547
-600
-943
-633
140
751
782
754
469
545
894
-275
-1371
-479
500
78
-928
-706
-515
-979
-773
-805
-1163
-255
2259
2946
1236
521
998
1022
74
-972
-1069
-325
-325
-107
57
33
911
655
748
-484
-1838
-4975
-9556
2123
14138
3973
-6183
-2625
1641
-1503
-4767
-3016
2851
9165
5884
-1686
-1501
142
-3697
-6091
-2278
2573
4904
3715
584
14
-598
-3564
-3851
-1242
348
934
1913
1801
49
-610
-478
-290
808
1386
925
93
-865
-1480
-1787
-1609
-379
821
1119
1020
497
364
546
177
250
411
153
70
-239
-774
-1167
-434
339
147
655
393
7
74
-239
4
-1344
-1976
-2706
-2548
5187
8200
262
-4343
-2518
-1551
-2672
-2351
398
5281
7971
3307
-1320
-1038
-1979
-4222
-4333
-1703
1841
2498
264
-1401
-778
-359
-54
1928
3365
2819
850
-597
-1515
-2247
-1829
-607
560
1085
976
-973
-2621
-4386
-3383
6036
9608
1708
-3488
-1936
-877
-3373
-3823
-914
3988
6361
1927
-1880
-1667
-1948
-3553
-2822
681
3687
4996
2792
-976
-1864
-1769
-2233
-1145
856
1562
806
-247
-1113
-1242
-615
23
1473
2575
2160
1035
-377
-1337
-2098
-1786
-760
-787
-515
257
170
-452
-404
480
905
996
1380
1261
929
118
-323
-13
-486
25
377
-245
-1002
-1965
-3775
-6966
-97
11360
7277
-1755
-2648
-983
-1058
-3450
-4063
1928
8035
4289
-2765
-2991
-887
-1380
-2039
-666
3014
4790
499
-4380
-4120
-1444
115
1188
2671
3593
2845
-224
-3486
-3937
-2165
-246
1027
1992
2946
2335
-89
-1112
-1180
-1704
-613
966
1094
260
-847
-1559
-1476
-517
206
1357
2925
1818
-222
-805
-1095
-1084
-632
194
735
918
620
-544
-738
-287
-303
-128
-106
-262
-353
-722
-787
-104
528
976
988
513
263
-506
-1442
-1169
-329
358
882
1484
1830
1295
719
-11
-269
-187
-834
-528
-1000
-1175
-2350
-5509
1533
10044
3946
-3996
-3749
-1314
-1709
-3437
-2507
2731
7082
3438
-1811
-848
1012
-372
-1379
68
2510
2546
-1821
-4936
-3284
-958
270
1190
2428
3519
2089
-1427
-2968
-1494
178
322
180
1109
1464
232
-1168
-1391
-357
764
1145
735
282
-632
-1812
-1935
-909
2001
3052
433
-289
313
-995
-2086
-1232
113
1130
1529
253
-514
-181
-613
-440
592
1004
697
324
-138
-1057
-1453
-751
75
95
-226
188
724
641
256
-168
516
1432
335
-960
-651
-60
-557
-1462
-1181
8
1150
1247
716
950
795
-137
-493
-442
-376
-159
-498
-952
-563
-266
-216
44
715
1416
1412
1128
330
-436
-636
-1182
-1045
-164
-288
-142
346
-314
-201
-99
-882
-1760
-2265
1935
5700
2087
-1384
-1048
-394
-479
-1189
-909
1089
2114
163
-1592
-833
-116
-301
99
1479
1953
309
-900
-971
-915
-619
-188
684
766
-301
-871
-339
275
232
444
503
-114
-2033
-1843
3483
4365
-999
-2632
-1134
-800
-1661
-2389
-21
3595
3092
-202
-1156
353
753
-205
-133
822
1221
-158
-1798
-1170
-505
-478
541
1042
875
487
-473
-840
-600
-631
-536
372
556
-532
-437
366
518
602
469
208
-209
-1127
-1070
150
555
514
637
531
219
-103
-526
-972
-299
503
759
723
882
1143
455
-321
-1822
-1511
-3511
-6266
5106
11720
-467
-7241
-3441
163
980
-379
627
5769
5594
-3103
-6485
-2018
438
80
494
2371
3857
1181
-4813
-4966
553
2388
1853
1879
1081
-73
-2448
-4068
-1782
1766
3157
1827
112
-187
-662
-1215
-585
754
2358
2490
-261
-2634
-2466
-2250
-1931
-280
1645
2447
1358
215
-199
-440
152
733
900
1295
684
-1456
-2391
-1750
-1010
307
1041
1184
1204
343
-312
-295
-66
-37
311
417
-545
-835
-786
-957
-521
112
616
667
95
-492
-425
-29
448
1085
1027
605
710
538
-19
-413
-409
-147
-841
-462
960
-1001
-2317
12
1029
1148
1234
103
-350
-473
-1350
-1530
-158
944
707
634
473
215
312
-247
-317
452
445
128
-384
-1096
-163
790
68
-149
123
-15
-279
-324
-259
213
481
-387
-614
-2017
-1903
3746
4506
-1502
-3136
-964
-628
-821
-480
1185
4038
2633
-1445
-1664
-146
-242
-563
65
649
788
257
-1042
-1027
175
674
665
599
84
-1027
-1362
-773
86
1184
1029
51
-507
-686
-473
-286
-87
-161
-382
-360
-332
109
809
977
833
492
196
51
-828
-753
296
594
564
365
475
410
814
270
-485
-357
-2030
-1541
-4186
-4726
7617
9152
-2532
-5394
-2393
13
561
-1285
609
6154
4000
-4230
-4813
-25
1901
1582
661
1161
2154
-1181
-5692
-3954
657
2275
2631
1918
781
481
-1961
-3207
-79
2402
1926
202
-1095
-1195
-714
-913
-307
1932
2513
1220
-632
-2109
-1821
-1304
-544
902
1692
1649
-215
-1576
-317
315
460
1018
699
36
-816
-1543
-1405
-437
815
1269
1071
970
-104
-1513
-1395
-1029
-513
903
1662
1197
413
169
240
-166
-101
612
290
-660
-1991
-2864
-1662
-31
979
1038
990
1381
1016
729
17
-282
678
459
-345
-54
328
-460
-898
-803
-615
578
365
-630
-215
-20
33
414
356
122
207
98
-289
-791
-1126
-522
-19
142
342
-157
-48
973
1461
1477
547
-751
-774
-572
-655
-311
142
336
200
-91
-216
276
573
125
-399
-538
-265
-521
-291
510
109
-272
-85
-69
-33
-56
-224
60
734
776
435
834
1383
668
-345
-1127
-1513
-1120
-1328
-1268
-569
214
998
788
697
712
508
593
450
242
-138
-22
249
-455
-996
-901
-755
-493
105
508
663
860
526
394
399
-271
-457
-443
-337
-7
-333
-374
-34
338
160
-354
114
220
291
615
127
-27
64
-374
-1076
-770
132
-20
-93
83
-131
-4
314
283
174
592
945
337
-277
257
462
-39
199
-77
-394
-45
-648
-936
-489
-454
-405
16
220
182
363
162
255
443
-112
-510
-367
291
354
-35
-4
526
990
357
29
-126
-411
-114
-248
-294
171
605
449
-115
-554
-890
-1586
-2153
490
2855
693
-1045
-851
-512
-296
-539
308
1794
1738
376
67
500
-165
-247
251
188
-60
-620
-801
-481
-395
-398
482
872
59
-1157
-2755
258
4730
2196
-1599
-2441
-1989
-761
-1253
-1098
1727
3130
1895
111
-721
174
945
608
872
463
-756
-1315
-1966
-1345
6
695
1193
414
-608
-1074
-807
-102
-384
-405
605
2232
1926
-525
-1458
-1070
-203
-175
-548
833
1007
-448
-813
-580
118
1265
1753
1614
1366
785
-503
-1066
-795
-801
-984
-1468
-1338
-3102
-3460
2434
4762
1925
22
-1067
-700
-432
-646
697
2981
2682
95
-1788
-2464
-1196
-421
248
1003
-122
-123
-579
-1166
367
1482
2322
1837
190
-1054
-2559
-2532
-793
785
1471
899
-384
-1554
-1426
-70
905
1353
1820
1837
1108
342
56
-125
-580
-446
290
-101
-1609
-2120
-1573
-1587
-1213
-2256
-2716
3098
5786
2485
1234
-338
-823
-255
-1348
152
1730
901
-26
-1314
-1865
-1267
-689
395
1248
923
810
138
-903
129
918
741
1014
-401
-1673
-1311
-1739
-1463
-254
468
809
353
274
226
295
1499
1179
509
1230
486
-276
-150
-961
-1000
-344
-271
-502
-488
-141
-378
-130
216
88
623
-42
-1389
-900
886
2061
1576
677
-210
-1262
-1652
-1680
-867
675
1010
619
224
-210
25
282
544
989
889
801
359
-671
-770
-426
-240
152
-325
-1174
-1799
-2270
-555
1602
834
-164
140
279
605
817
1590
2267
1379
701
-369
-1615
-1684
-1347
-306
286
-269
-841
-870
-275
381
850
1154
929
-161
-814
-576
-696
-478
734
1512
782
-525
-1435
-1349
-413
13
-72
-64
764
1415
886
1049
989
51
-93
97
182
-184
-979
-1048
-444
-401
-979
-1149
-969
-866
-443
722
1463
1294
1058
665
412
-70
-327
-65
86
859
318
-454
352
-197
-628
-137
-254
-122
-297
-538
-200
-96
-114
97
110
-189
-562
-843
-475
67
207
573
950
836
307
244
570
118
35
316
424
492
-590
-875
-454
-674
-287
-53
462
581
199
625
332
-73
-604
-1154
-982
-1166
-1136
-977
-192
823
754
825
526
-20
266
415
795
1793
1684
635
546
166
-1069
-1000
-515
-704
-464
-299
-541
-154
126
-466
-787
-971
-921
-132
261
412
445
399
569
397
632
598
-232
-60
410
102
187
342
-139
-79
119
-287
-112
353
103
-27
185
-116
-298
-324
-853
-1376
-1347
-545
-75
140
900
1460
1562
914
162
-741
-1558
-761
-252
-743
-349
1088
1902
1399
1195
1229
1108
659
-307
-963
-1330
-1147
-1346
-1927
-1942
-1928
-932
609
1518
1573
1034
900
564
87
-119
-148
44
-340
-575
84
338
87
948
1992
1137
78
18
-526
-1256
-1286
-772
-313
-613
-614
268
630
180
-298
-163
199
-15
-43
33
-411
-493
-506
-297
212
-110
55
796
1178
1672
1392
432
-12
-53
-538
-1221
-755
78
-153
69
808
318
20
143
-292
-727
-1277
-1426
-1162
-789
-212
533
1331
1255
959
769
367
395
164
-40
20
-355
-355
-283
-623
-809
-672
-272
-5
173
75
52
673
1188
1271
525
-394
-570
-492
-386
-415
-232
28
269
490
326
151
-555
-1358
-1041
-311
-292
-214
150
61
816
1110
387
540
582
759
972
756
521
-170
-628
-773
-1077
-1530
-1184
-545
-683
37
1001
1098
755
-30
-608
-718
-246
51
-292
-18
366
252
953
1477
1095
695
-162
-309
-495
-1455
-1367
-1092
-288
277
-149
286
503
332
569
782
458
222
589
213
-271
-526
-855
-736
-607
-616
-689
-420
-86
323
668
206
-3
186
477
815
816
694
220
-56
126
-15
-134
241
289
-439
-662
-343
-516
-539
-343
137
488
-370
-650
-94
320
617
31
-167
72
-50
123
-49
-333
-280
-128
120
445
714
513
148
-215
-357
-180
-92
-38
-369
-540
-78
391
696
298
145
716
631
275
-130
-474
-634
-967
-755
-338
-252
-459
-649
-416
-448
-188
678
1288
1353
688
716
993
189
-94
-192
-450
-555
-779
-268
-131
-332
-31
-125
174
690
761
996
294
-715
-508
-749
-772
-383
-775
-277
-55
-137
475
427
487
384
329
307
-455
-207
112
-266
133
303
-91
-43
145
216
134
133
240
-61
124
570
52
-335
-235
-201
268
461
-263
-566
-264
-424
-985
-1152
-854
-852
-403
518
839
1111
825
863
1548
894
510
699
283
-513
-1552
-1385
-893
-805
-102
172
328
825
765
727
646
240
-118
-728
-868
-545
-472
-510
-384
295
469
295
596
534
73
-410
-861
-1018
-561
-598
-586
600
889
592
887
1049
926
614
369
15
-181
-199
-612
-933
-894
-585
-266
-159
205
650
729
544
71
-665
-1027
-942
-874
-412
-143
87
929
867
314
579
1312
1346
258
-597
-697
-707
-862
-508
103
233
6
207
787
611
479
282
-141
-334
-902
-802
-373
-310
-368
-356
-35
23
308
520
439
445
57
-326
-411
44
271
-293
-161
251
470
871
568
367
142
-648
-877
-1115
-982
-336
199
841
839
674
470
141
29
-542
-631
-163
-380
-517
-279
-459
-251
486
417
445
1037
880
398
53
-333
-459
-412
-470
-607
-556
-340
102
253
-64
305
794
646
80
-40
538
73
-321
-40
32
603
389
-200
-164
-418
-747
-783
-359
-391
-941
-879
-303
314
532
687
998
969
271
-329
28
21
-471
-208
365
547
444
746
699
-12
98
120
-364
-484
-925
-877
-335
-423
-169
-35
-451
-289
93
232
13
-50
244
95
257
522
259
176
-75
10
642
574
208
-82
-580
-678
-432
-78
58
-410
-262
396
679
1007
897
385
-23
-377
-383
-395
-758
-1021
-690
-186
-188
-27
120
-158
351
887
592
615
620
144
-111
-219
-617
-733
-461
-394
-88
216
198
277
115
54
311
405
506
407
-72
-242
-244
-571
-376
3
-85
-1
-168
-233
148
97
40
299
228
48
161
-79
-152
-43
-343
-27
123
-241
-482
-750
-353
374
607
715
1228
1113
502
237
-344
-239
-100
-435
38
213
-250
-965
-1201
-851
-838
-596
-453
-266
314
429
614
980
1119
936
270
-132
-177
-470
-537
-148
-57
25
475
677
476
-77
-466
-419
62
725
740
509
-13
-626
-535
-350
-463
-656
-500
-500
-592
-277
11
335
225
271
561
284
67
-97
135
486
334
195
-107
-528
-468
62
207
-5
133
131
3
323
401
222
421
231
-97
-44
-263
-290
-225
-516
-468
-236
-138
-196
-244
-200
-429
-224
141
513
1152
878
482
108
-628
-597
-155
-216
-619
-268
76
-404
-652
-193
620
991
1133
1048
817
727
463
90
-584
-792
-819
-1093
-1016
-1124
-860
-252
202
514
566
1143
1174
344
398
266
-660
-816
-428
-167
-74
-312
-287
142
192
66
66
-83
93
553
486
372
689
682
531
235
-624
-1041
-1197
-1214
-555
-348
-690
-423
332
681
883
1007
566
317
558
837
778
92
-596
-706
-712
-1038
-1256
-807
-177
187
422
234
473
948
846
879
523
270
85
-574
-576
-558
-930
-1017
-584
-341
-102
444
434
461
264
402
613
-242
-127
490
529
237
-527
-761
-421
-153
-96
-301
-283
138
63
-56
331
937
1292
651
278
249
149
234
-169
-919
-1601
-1308
-1106
-1118
-366
50
722
937
614
1098
1107
439
44
-130
-356
-347
-280
-476
-645
-785
-781
-591
-225
541
1424
1903
1941
1650
966
-15
-509
-768
-1015
-774
-1318
-1939
-1692
-1319
-606
-100
262
853
1383
1243
837
864
695
558
91
-325
-213
-199
32
-32
-470
-859
-1206
-1268
-761
78
902
1241
947
1023
817
487
492
283
519
-56
-1061
-1039
-1007
-834
-494
-542
-695
-739
-383
134
387
1064
1584
1339
1315
1131
321
-622
-1307
-1817
-2190
-1906
-1070
-391
75
930
1804
2300
2414
1973
1236
505
185
-462
-1340
-1560
-1786
-1622
-1135
-986
-796
-290
605
1030
1012
1067
850
476
-82
-462
-296
66
6
-272
-145
-533
-823
-210
-14
170
703
613
416
477
141
-20
-16
-53
450
560
4
-520
-508
-244
-134
37
-509
-804
-261
-281
-603
-210
739
916
651
529
456
599
415
40
-625
-1017
-967
-1131
-848
-585
-296
280
780
1569
2042
1892
1346
883
452
-457
-1339
-2398
-2820
-2134
-1656
-1063
-191
837
1656
1829
2058
1732
961
426
-279
-519
-491
-691
-503
-712
-1365
-1154
-609
-148
293
575
800
943
1449
1351
635
589
499
18
-608
-1003
-1071
-987
-757
-881
-885
-332
-32
-7
411
522
497
719
372
334
446
214
46
-206
-195
-150
-64
-414
-767
-415
-443
-236
118
271
504
573
1123
1198
1020
1343
834
-205
-1155
-1860
-2307
-2046
-1294
-1301
-629
475
1126
1930
1886
1634
1259
870
442
-547
-496
-598
-743
-697
-1500
-1120
-622
-611
-129
-18
244
1025
1499
1332
1228
921
497
246
-175
-299
-846
-1705
-1818
-1587
-1476
-931
-22
451
1002
1466
1749
1863
1241
732
294
-183
-292
-667
-1044
-637
-304
-711
-827
-701
-702
-360
-112
-213
157
1196
1689
1247
719
591
392
-228
-423
-503
-847
-889
-1083
-1206
-900
-287
485
608
564
961
1168
949
365
181
280
-160
-534
-882
-891
-412
-233
-212
-185
405
835
668
369
-116
89
-59
-424
-72
55
118
-236
-647
-789
-606
100
276
410
623
420
248
74
38
290
312
17
-315
-791
-743
3
413
290
354
259
-250
-188
-463
-1070
-966
-524
404
1086
1137
993
1119
1241
649
24
-393
-573
-1230
-1916
-1497
-1006
-391
264
806
1342
1294
1016
663
113
-713
-920
-281
-229
-447
-434
-463
-276
-14
358
396
-47
-101
-225
-217
28
104
666
1006
1205
1267
495
-403
-1098
-1282
-1098
-538
-33
-153
-31
168
441
903
868
666
690
226
-843
-1280
-1079
-1052
-788
-196
-53
125
704
768
467
258
379
478
-21
-151
-30
-28
356
305
168
383
280
65
-497
-880
-1121
-1586
-962
-5
531
1064
1506
1733
1435
962
37
-731
-878
-1446
-1715
-1491
-987
-543
-589
292
1095
933
1230
1110
556
276
47
245
-23
-431
-271
-287
-120
95
97
17
-188
-267
-386
-782
-1047
-717
-186
521
953
819
1148
1429
1087
642
50
-517
-497
-491
-1141
-1687
-1437
-707
-351
55
501
715
1267
1245
450
-148
46
70
-376
-185
-122
-223
-238
-240
-191
-147
41
-275
-503
-138
446
446
292
746
513
342
147
-560
-222
397
566
547
-51
-840
-1282
-1275
-741
-204
315
730
558
416
449
313
161
19
-257
-191
-180
-449
-378
-455
-145
121
227
533
247
280
262
220
141
-101
354
309
-57
-434
-603
-86
486
658
-46
-689
-1006
-751
34
-137
-299
287
580
497
275
74
562
948
536
167
-582
-1089
-751
-766
-819
-467
-213
91
698
1006
993
1264
1335
676
-194
-788
-1194
-1331
-1204
-780
-178
229
506
527
579
593
194
-274
-784
-524
243
207
164
218
153
572
624
134
-231
-664
-996
-946
-728
-338
313
742
920
1118
1037
732
305
68
70
-106
-503
-1076
-1173
-896
-765
-525
-166
227
263
148
242
195
351
808
993
865
543
389
451
53
-552
-1159
-1372
-763
-557
-425
308
498
302
365
465
653
374
-364
-626
-944
-1049
-432
191
780
1019
847
676
425
86
-251
-488
-322
-423
-760
-194
-33
-65
497
461
169
-181
-144
-19
-385
-375
-17
504
542
-76
-390
-199
-10
-31
-90
-133
54
384
587
396
90
8
-263
-677
-810
-591
-372
-16
333
522
1042
1272
937
400
-25
-297
-813
-919
-588
-297
87
156
169
154
-124
-213
-297
-77
161
231
486
-94
-733
-684
-391
126
436
655
286
-138
35
-69
-102
-87
-152
-198
-318
-294
-237
365
751
555
925
662
40
66
-184
-190
-412
-952
-827
-515
34
322
334
605
502
149
-110
-355
-436
-272
-75
103
14
13
266
88
53
-202
-638
-375
37
519
575
568
654
294
459
226
-404
-332
-673
-875
-395
-136
-23
56
161
90
20
304
386
355
201
56
8
-613
-982
-639
-53
422
165
-46
138
-45
-356
-416
-187
100
451
879
765
332
19
-69
136
148
82
21
-149
9
110
-141
-319
-220
-37
-72
-171
-447
-606
-120
239
240
238
235
284
357
326
105
-156
-649
-812
-732
-1076
-712
-130
137
656
850
941
1065
1022
1004
551
-257
-457
-299
-151
39
-1
-83
-642
-1064
-776
-656
-530
-343
61
542
633
496
148
235
542
267
52
-231
-869
-669
-70
250
562
313
43
-43
-21
110
-271
-233
17
-17
217
214
211
93
173
885
578
-141
-156
-359
-904
-1289
-1133
-898
-257
805
1139
1127
1159
1067
600
13
-405
-921
-1010
-795
-621
-423
-162
135
310
436
95
-128
-62
-299
-316
-318
-156
395
887
1123
1119
865
231
-36
-199
-645
-956
-948
-606
-479
226
803
743
1023
689
58
-718
-1101
-1083
-1506
-902
-15
230
128
-31
416
845
926
709
368
-91
-412
-180
-16
-135
9
247
239
249
82
233
378
349
519
-361
-758
-467
-571
-127
-95
-69
235
125
193
236
202
-137
-478
-298
-333
-279
-181
-442
-308
-260
-272
191
545
737
680
684
547
60
211
331
41
-55
-224
-276
-394
-663
-688
-1004
-888
31
469
925
1359
1086
756
470
7
-499
-674
-871
-848
-542
-856
-825
-436
78
624
492
681
464
108
564
488
455
399
68
216
50
-487
-764
-867
-770
-276
114
232
336
531
1036
1020
399
220
98
-464
-566
-441
-700
-517
-388
-423
-199
-228
-308
-513
-311
131
3
126
338
342
588
655
596
834
774
384
99
-249
-662
-989
-756
-413
-269
134
70
-113
76
181
475
595
465
597
452
-26
-370
-771
-781
-432
-218
147
69
-295
-223
-190
-366
-529
-205
48
-216
225
867
985
1324
1275
603
123
-387
-623
-523
-1030
-1223
-720
-43
936
888
128
-123
-157
225
408
130
-183
-383
-307
-187
87
-49
-478
-607
-668
-472
-296
-41
319
684
1227
1461
1232
751
561
260
-351
-794
-1352
-1613
-1439
-839
-310
-135
334
477
522
758
619
555
574
201
-155
-64
34
165
184
-407
-806
-635
-538
-273
143
183
360
468
736
1064
395
166
167
-303
-287
-700
-1210
-807
-316
-234
-68
9
-78
150
270
370
545
661
733
599
495
89
-289
-346
-518
-481
-539
-782
-574
-414
-625
-530
105
929
1235
1346
1576
1274
832
-2
-750
-926
-1516
-1404
-882
-825
-618
-653
-311
209
231
498
875
903
583
362
422
481
179
-312
-149
-119
-445
-81
6
-321
-79
115
361
742
391
84
309
432
390
96
-323
-582
-644
-889
-989
-468
-66
23
-200
-316
-173
-170
-15
-139
-197
198
628
715
425
693
793
617
596
-96
-485
-361
-588
-489
91
64
-105
413
629
457
373
85
-308
-566
-767
-603
-369
-614
-377
-245
-688
-442
9
346
619
383
-101
-99
468
628
712
934
659
513
371
-108
-525
-747
-509
-344
-258
-202
-709
-600
-19
253
618
544
188
102
404
677
408
248
153
-312
-797
-1091
-999
-528
-109
65
138
253
409
462
288
133
-12
-213
-24
-49
-275
-49
-5
36
64
-127
-60
314
742
743
469
236
207
117
-81
-246
-842
-1185
-934
-352
183
179
84
-133
-303
-119
-3
151
537
624
641
750
324
-102
-384
-526
-509
-775
-684
-368
-245
44
339
503
751
1014
951
695
640
247
-459
-516
-437
-487
-405
-584
-917
-944
-586
-59
591
726
619
515
133
46
121
399
341
250
102
-422
-308
-567
-686
-527
-523
-119
-12
233
118
166
700
665
541
139
-161
-329
-255
107
-186
-247
-168
-294
131
279
208
223
-100
-135
-20
-49
8
375
488
61
-165
-389
-170
-77
-423
-412
-361
-108
43
416
632
650
615
68
123
-295
-419
94
-232
-95
-75
58
359
-240
-392
-83
-229
-483
-457
-205
196
397
313
196
88
21
102
220
55
28
-51
-243
-163
-135
22
80
305
615
376
362
284
-53
-407
-790
-511
-349
-386
-198
-285
-54
16
-164
-120
-78
182
202
494
889
754
576
320
317
-7
-257
-155
-620
-616
-314
-247
-128
70
291
134
181
123
-249
-366
-678
-632
-113
162
339
462
514
388
265
72
-298
-301
-371
-367
40
-74
-114
422
611
507
375
175
4
-252
-410
-509
-447
33
82
68
399
183
134
114
-409
-328
-93
-225
-174
-123
-21
5
-86
251
640
513
68
-176
-485
-827
-391
124
254
366
387
332
151
14
81
285
116
-476
-635
-276
-109
-247
83
584
679
510
44
-153
89
194
-166
-575
-552
-319
-107
-66
63
299
442
214
-339
-192
258
235
-57
-469
-454
-160
-44
40
-42
-76
80
10
3
180
277
325
223
288
321
114
270
225
-117
-194
-451
-527
-376
-363
-178
-191
-177
116
149
59
253
361
35
14
292
537
441
