-93
-374
120
1417
1433
-164
-1329
-1483
-716
37
-413
-158
1059
1312
123
-1439
-1224
-8
368
247
248
1291
2169
418
-2260
-2701
-1026
126
-90
350
1548
2027
1460
589
412
666
660
143
-373
-368
18
-165
-1351
-1659
-768
-195
-400
-622
-89
376
302
-86
-395
-176
-221
-716
-586
-483
-524
142
49
255
1618
2153
1888
504
-767
-678
-649
-689
-637
-3
1220
1240
-113
-1316
-876
390
-260
-1390
-765
390
1242
658
-75
883
1671
1167
-225
-577
-18
-615
-1756
-2441
-1577
559
2147
1997
636
264
482
291
-552
-1668
-662
143
-1292
-1525
-342
615
1058
1346
1560
1392
645
-1016
-1270
-593
-736
-462
-545
-177
885
1307
1244
386
-333
-818
-1654
-2014
-1063
750
1977
1571
60
79
1293
1336
233
-859
-849
-999
-2042
-2292
-1136
472
1238
1109
680
397
340
-400
-1102
-282
584
516
477
593
1148
1585
566
-864
-1146
-343
584
143
-1070
-1010
-11
618
343
169
793
469
-625
-1145
-1264
-737
-385
-607
-150
740
828
-50
-510
-239
528
1147
59
-907
-443
365
552
-35
29
372
756
842
579
951
792
333
-234
-594
-60
-258
-1417
-2351
-1867
-159
1246
1314
675
703
981
504
-1038
-1980
-1661
-1341
-1002
-748
158
1838
2447
1636
1029
1003
130
-1114
-1681
-1205
195
614
-135
-35
1135
2069
1785
260
-899
-891
-709
-817
-962
-734
-245
430
653
19
-69
6
-1117
-2274
-1926
-1026
-458
475
1514
2192
2044
921
103
392
743
546
593
616
301
-332
-988
-1169
-878
90
210
-851
-1247
-737
-222
-654
-889
282
1340
1230
576
-2
286
781
-85
-1030
-1217
-555
351
-189
-415
410
1226
1460
450
90
589
475
45
-753
-1243
-410
103
-1049
-1495
-197
951
1276
561
-672
-590
519
793
386
338
806
1066
146
-924
-964
-585
-453
-511
-202
327
266
-242
-131
82
-421
-852
-1033
-809
-238
405
677
546
1260
1616
1138
436
-347
343
696
-197
-686
-689
-148
-580
-1555
-1366
-893
-254
47
-123
920
2229
1878
756
79
247
519
-323
-1264
-1103
-452
-453
-789
-600
-399
-10
63
-841
-478
1264
1891
1388
524
-258
-468
-655
-885
-813
34
1105
675
-170
-396
-223
421
61
-711
-412
213
294
-151
26
675
785
230
-439
-238
154
104
-253
-832
-587
-76
-157
-136
117
568
432
-365
-739
-302
908
1222
637
536
425
325
61
-437
-423
355
359
-810
-871
-842
-1575
-1803
-1393
252
1905
2230
1543
804
896
323
-752
-1041
-929
-34
217
-741
-633
-258
-415
-442
-664
-115
1288
1888
1142
88
4
220
-543
-1698
-1795
-456
735
412
-358
-360
390
861
418
169
296
479
453
-85
280
1300
1242
428
-320
-634
-662
-1184
-1790
-1374
-523
-128
-116
-229
160
1161
1693
1380
1088
818
72
-982
-1938
-1732
-434
-88
-456
-25
769
1362
987
97
96
517
523
-485
-1159
-221
104
-933
-1669
-1234
198
859
60
144
1377
1746
1178
78
-870
-633
-222
-621
-888
-425
452
696
-156
-534
241
960
298
-830
-431
695
1085
526
-137
78
667
507
-279
-217
249
-90
-685
-1180
-1045
-122
-240
-1488
-1221
222
1021
974
69
-13
1001
1036
-34
-798
-146
939
848
-201
-476
503
378
-816
-1064
-928
-765
-287
-129
-100
549
925
225
107
968
1198
536
-406
-397
786
993
-394
-1385
-1298
-970
-734
-1180
-1439
-150
1225
1436
975
1082
1550
1060
101
-770
-641
286
190
-659
-1190
-797
-207
-186
-252
198
1348
1561
697
174
-65
-394
-748
-1076
-1452
-281
1090
467
455
637
-85
-943
-2430
-2650
-1309
-397
115
833
2390
4026
3507
913
-1233
-1490
-1235
-1681
-1290
-36
673
934
432
202
1115
1180
-144
-1140
-861
-25
236
-197
-367
48
434
218
-988
-1817
-1068
-11
462
530
569
994
952
19
-469
-596
-547
-29
-321
-135
1380
1485
483
222
396
347
-318
-986
-704
-205
-616
-1053
-562
34
-154
-758
-793
88
1566
2359
1445
-24
-575
-355
-513
-1408
-1799
-522
862
758
468
574
897
791
-536
-1189
-468
92
174
359
884
1266
1116
396
-555
-948
-759
-1124
-1877
-1418
30
974
862
333
233
441
-94
-969
-627
380
1366
1401
46
-413
251
276
-456
-545
-61
272
677
434
444
924
453
-1116
-2353
-1798
-1073
-9
914
622
995
479
-480
-448
-609
-276
-81
-590
-440
997
1760
1054
515
167
537
634
-707
-1118
-199
422
172
-150
3
226
482
-138
-1028
-759
-515
-742
-1158
-1018
222
862
476
-179
-26
1128
1166
205
-212
22
390
126
-668
-1175
-556
171
-232
-58
905
1519
1621
486
-587
-472
-540
-948
-998
-773
-405
-107
-175
12
1083
2204
1559
-208
-689
-619
-442
64
-102
-8
220
-67
236
389
-235
-603
-890
-910
-310
59
67
-172
48
880
1121
753
-30
-540
-21
74
-905
-1364
-619
645
901
107
732
1754
830
-300
-325
-206
-129
-172
-1071
-1639
-1136
-697
-739
-816
-31
954
1379
979
365
1024
900
-440
-950
-1104
-487
696
527
-56
637
1394
1084
563
542
441
-225
-1165
-1825
-1308
-279
104
-121
-252
605
1216
700
-113
-301
168
-274
-907
-964
-1228
-864
-366
-73
786
1282
1209
1046
492
-47
6
-239
-1170
-1188
-198
236
390
644
597
1024
1034
79
-31
-186
-989
-1391
-1142
-86
650
444
-345
-689
8
336
-12
-294
22
761
997
598
171
383
664
-384
-1991
-1720
-220
107
-211
165
913
1425
924
-572
-753
-36
-638
-1588
-1567
-98
1114
1169
1311
1123
1169
1027
156
1
64
183
388
-108
-431
-260
-1011
-2313
-2861
-2369
-652
654
808
1117
1692
2187
1347
-367
-506
110
134
-45
-650
-504
710
745
-132
-687
-647
-148
-53
-422
-164
1470
2159
941
-332
-746
20
121
-640
-904
-561
141
-614
-1718
-1322
-26
947
-34
-1141
-474
711
951
358
579
1151
755
-440
-1458
-1103
-462
-400
260
1178
1625
1800
902
-662
-867
-402
-308
-181
-315
249
1142
934
431
-179
-642
-1042
-1588
-1438
-820
448
1249
384
106
895
1123
606
47
239
319
-553
-1015
-694
-200
284
101
-319
28
250
-357
-673
-561
-187
705
638
-160
-38
71
-236
-116
-113
103
985
420
-837
-493
89
486
576
25
-188
-392
-540
-763
-794
120
415
113
388
752
843
74
-860
-564
-166
202
956
914
554
422
228
-512
-1333
-1135
-566
249
257
-350
391
630
106
423
781
1079
1128
146
-817
-873
-867
-1199
-1441
-1419
-771
124
98
316
1097
999
825
411
-195
-90
192
503
334
116
237
-44
-516
-823
-749
-809
-910
-358
-96
61
1522
2494
1777
1421
1085
390
-618
-2203
-2076
-848
-49
211
-263
-62
247
21
-667
-1377
-785
-418
-569
-326
96
881
1355
1241
628
334
808
992
621
49
-65
-106
-532
-1183
-1689
-653
313
-307
-527
-8
487
600
434
611
681
267
-346
-536
14
493
547
100
-833
-1019
-679
-988
-917
-88
763
1494
1556
1010
296
191
811
388
-550
-665
-688
-710
-979
-1462
-1438
-1186
-465
308
628
1563
2290
1897
972
62
-174
-725
-1460
-1073
-326
241
281
-84
279
664
-42
-196
243
-296
-438
-366
-1010
-1178
-340
712
360
-533
-603
-291
-47
-324
-240
628
1486
1545
730
915
2102
1852
767
56
-881
-1161
-1270
-1617
-1070
-355
7
-267
-376
183
681
1074
659
244
241
-132
-628
-1247
-1397
-495
404
-3
-777
-529
793
1188
78
125
376
449
644
-445
-361
611
232
-1291
-2864
-2107
-562
-16
679
1170
1667
1972
1600
807
-216
89
706
258
-188
-363
205
384
-131
-215
-519
-409
-520
-1654
-1536
-376
-282
-769
-962
-513
625
1068
950
905
1092
1630
771
-447
-117
590
527
-539
-839
-34
146
-108
-439
-768
-806
-547
-678
-1334
-631
1012
1179
629
622
549
722
838
-86
-512
154
40
-962
-1283
-480
593
729
102
261
824
639
-298
-952
-337
124
118
-29
-514
-113
239
-308
-956
-1207
-657
-14
332
358
854
2013
1862
822
278
301
542
-14
-659
-967
-1224
-1007
-1313
-1579
-1159
-777
-69
249
353
578
334
371
523
626
812
808
818
761
1037
1129
373
-143
-501
-867
-771
-739
-942
-918
-427
-544
-1106
-555
60
-95
5
572
933
1068
1100
701
375
506
602
579
642
-2
-674
-729
-1584
-1668
-594
-271
92
1029
1778
1690
1241
527
-298
-490
-958
-1485
-1575
-1998
-1966
-992
-442
-472
-311
21
482
1106
1798
1247
-88
-6
420
680
1557
1801
1469
1538
1088
-25
-790
-1416
-1681
-1180
-955
-1205
-1521
-1828
-1098
117
427
646
984
924
919
1193
1129
725
965
1161
-181
-1597
-1031
-30
-39
-277
-282
284
788
293
-616
-1110
-1238
-1225
-1250
-1681
-1345
213
325
-997
-873
622
2582
4034
3130
1209
721
969
721
719
485
-815
-1366
-1151
-1254
-952
-493
-1010
-1747
-1671
-1870
-1711
-457
435
774
536
427
1147
2064
2881
2324
637
-291
-442
-193
-196
-500
-348
-2
493
906
986
563
-58
-381
-1383
-1597
-1158
-2538
-3939
-3936
-1668
1445
1786
225
-675
1115
3643
3511
1757
581
1447
2638
2079
666
-732
-1511
-1594
-1751
-2179
-1693
-797
-1536
-2845
-2098
324
1565
689
-395
440
2203
2760
1982
259
-225
1026
1754
1821
1498
1306
1094
-45
-853
-966
-1325
-2114
-3459
-4037
-2457
-408
-135
-1000
-1085
-490
448
1245
279
-1455
-1999
-99
3299
3970
1932
766
1536
3347
3901
1879
-495
-1132
-810
-464
-755
-2082
-3817
-4331
-2480
-390
2
-1143
-1866
301
2137
862
-580
-210
2391
4828
4197
2235
819
812
682
-1121
-2084
-2109
-1425
-601
-1351
-1398
-581
-642
-1231
-915
25
-980
-2269
-1021
1737
2617
237
-1904
-144
4439
5140
1009
-1159
144
2929
3408
-294
-2451
-1544
-456
141
-1398
-3587
-3582
-1650
554
-18
-2369
-2278
137
2203
1668
-1386
-1360
2702
3158
306
-889
320
3175
2653
-487
-272
1219
1315
116
-1596
-1231
518
1340
630
-783
-1042
-1109
-2630
-3981
-2806
-192
183
-1556
-1568
1835
4850
2875
-19
1769
4250
3534
919
-1448
-1038
-23
-1135
-2798
-3604
-2831
-1913
-1484
-1209
-1752
-764
1365
1032
-369
-322
1329
3458
3104
1109
977
2119
2335
660
-1244
-1064
759
1773
213
-1456
-302
1070
-192
-2171
-3074
-2312
-1143
-2597
-4484
-2122
2062
1316
-1917
-833
3219
5111
1862
-639
2932
5607
3082
-980
-1981
956
2275
-41
-2413
-3414
-1786
-717
-3839
-4932
-2159
288
1323
-204
-1522
374
2403
2227
1170
1601
3152
3030
1632
-127
-1579
-944
-408
-651
-447
-340
290
145
-1137
-1970
-1509
-542
-1170
-2245
-2261
68
2159
-1044
-3685
-492
3196
3066
914
2035
5411
5396
3074
470
-764
173
-793
-2316
-2055
-1711
-1346
-2570
-3326
-2071
-1804
-1498
-1151
-510
724
159
368
1884
1944
1945
2290
2376
2054
581
-502
-78
975
1189
-312
-724
459
399
-611
-1880
-2264
-1344
-1678
-3377
-2414
809
-623
-3523
-1004
2024
2005
394
1004
4337
4010
1777
1232
1279
1983
383
-1564
-890
-1283
-2243
-2571
-1903
34
-313
-1993
-1766
-79
-74
-2094
-560
2986
3557
2649
1612
1521
1637
-67
-1806
-1137
1024
1081
-555
-763
-130
581
530
-269
57
-13
-1238
-2856
-3002
-1549
-3813
-4732
-650
480
-90
769
3944
6739
3541
1435
3075
3365
1623
-1626
-1264
352
-1517
-3298
-4273
-1753
899
-1852
-3204
-673
2160
964
-1728
293
2033
2098
1605
231
1246
1883
1266
1070
676
323
-1144
-1984
-1923
-2303
-1129
230
1183
1177
-550
-1027
-1611
-1123
-1193
-5014
-3278
1376
1632
499
-244
3896
5698
1517
2052
3450
2787
1607
-619
-302
-628
-1257
-1970
-4175
-2928
-2371
-3248
-1523
210
589
-739
-201
1056
169
1187
2851
3571
2469
420
1301
1188
-878
-1865
-1503
545
867
-82
-413
-534
249
-1545
-2772
-1694
-1602
327
-1281
-4081
-738
1202
888
397
1461
3691
1796
2043
3804
2531
1987
1169
914
-551
-2769
-3003
-3657
-2488
-2711
-4240
-2796
-719
915
-905
-192
4450
3892
2160
1898
2723
3358
872
-92
-412
-948
-336
-1106
-1022
-230
1080
1934
15
-635
-2031
-3395
-3287
-4591
-2238
-1213
-2082
859
1184
1120
1717
2577
4618
2559
1972
3555
2677
1106
-818
-194
-221
-1875
-2209
-3673
-2814
-2131
-3913
-3098
-1244
92
-666
-436
2153
1977
2220
3378
2959
1756
932
2209
2297
675
272
1137
1546
-673
-2153
-1558
-1529
-2107
-4153
-4336
-2798
-2267
331
-362
-1937
1833
2445
618
60
1407
3820
2115
1469
2854
2884
2582
698
-337
-1213
-2054
-1284
-1281
-956
-1412
-2544
-2286
-2005
-2876
-4456
-2045
1124
432
1164
3017
4594
4484
2655
3555
3202
940
141
-308
-344
-1425
-1926
-1464
-1876
-1875
-1885
-1056
-1779
-2405
-375
-2010
-2235
159
-969
-1229
-220
1808
2734
1479
3443
5506
4999
2545
801
2104
797
-2215
-3867
-4378
-3294
-3948
-4305
-2149
-413
21
150
2161
3225
2406
2991
2799
1160
269
885
749
-815
-515
777
1239
-637
-2918
-1334
163
-593
-2012
-2404
-849
-960
-717
-1695
-4937
-1410
2027
-372
-577
1681
4853
5349
3437
3851
4449
3712
304
-2299
-1065
-1304
-2754
-3464
-3728
-2928
-2107
-2144
-2528
-1837
-991
264
2030
1227
909
2588
2358
688
-128
1549
3169
3002
3059
2336
1822
1023
-966
-2361
-3599
-3937
-3776
-2997
-3405
-3776
-629
-1561
-2820
474
613
968
2735
3748
4283
3338
4275
4450
2579
1270
-108
76
-555
-2870
-3110
-1726
-1789
-3449
-3117
-1717
-832
-1119
-3140
-1877
1065
1587
1440
1701
2645
2031
1745
2563
1013
1204
3038
2634
1237
-506
-818
-954
-3089
-4610
-3965
-2509
-2212
-1010
-651
-2742
-471
2324
1007
190
1343
3457
2562
1348
2345
2106
2175
1217
467
1427
268
-1320
-1404
-826
-1510
-2746
-2628
-3110
-3745
-3969
-3068
-653
140
1107
3979
5494
4226
2014
2424
3034
1062
9
-361
-186
281
-1095
-2676
-3106
-2008
-1324
-1281
-1526
-1282
1447
-306
-3320
-1322
-1134
-377
1401
1417
2624
3383
3996
4309
3486
2337
300
-199
-541
-3277
-4169
-2888
-2967
-3560
-3031
-914
543
-963
-1534
782
2427
2030
1322
2153
3343
2479
1322
879
-378
-252
851
212
-478
-552
-108
482
-277
-2220
-2828
-1234
-1333
-1296
-540
-2958
-1763
1252
-1222
-1885
701
2525
2984
1600
2249
4320
4243
2649
1188
1832
1341
-2563
-5227
-4976
-3578
-2783
-3218
-2565
-438
198
-61
672
1083
1726
2893
3488
3151
1100
241
705
-1124
-2528
-1479
234
1567
1167
517
2032
2971
1214
-757
-2220
-3656
-3406
-2925
-5509
-5246
198
1225
384
2609
3221
3558
2985
1089
1593
2430
2128
1099
319
758
-226
-2058
-1885
-1615
-1855
-1784
-1921
-780
124
-49
1076
1105
-840
-1793
-1684
-1317
-590
191
1464
3255
3668
2551
1672
1297
505
-1114
-2200
-1667
-1142
-1235
-1489
-2234
-1820
-145
-600
-2970
-2154
958
1191
1366
3132
3384
3118
2608
966
-114
-321
-1039
-1422
-401
728
291
-1044
-875
123
354
135
27
765
736
-1169
-2576
-2720
-2121
-1121
-1251
-1036
867
1558
929
1026
2274
3176
2049
693
213
53
227
-106
-693
-63
948
156
-1628
-2279
-1218
-252
-1506
-2492
-1353
-292
-516
-957
-424
451
1588
2280
1569
1786
2489
1754
1005
359
-278
-131
-534
-1660
-2046
-1720
-1061
-429
151
423
833
1965
1287
-206
-289
-445
-246
-755
-2064
-1719
-480
138
-742
-885
1174
2350
2156
1594
1382
1904
1097
-724
-1829
-2013
-774
-16
-1137
-1591
47
1519
172
-1644
-981
506
1492
928
-731
-381
1077
439
-1520
-1735
-246
624
95
-899
54
2105
1870
484
115
737
1548
884
-1555
-2935
-1796
-1023
-1352
-741
625
1746
2054
1204
352
943
1225
-70
-812
-740
-486
97
-244
-1227
-758
183
-685
-1569
-419
1255
1461
119
-367
760
1041
-81
-1381
-1446
-26
380
-376
-699
-301
1447
1952
348
56
524
770
430
-947
-620
1267
1770
608
-547
-1103
-1628
-1726
-1983
-2000
226
2374
1571
-39
17
576
91
-1034
-1775
-867
906
1217
472
289
1046
1760
652
-1503
-1593
-48
-240
-1764
-1950
-463
1120
364
-1910
-1363
1318
2216
1501
841
1441
2540
2156
373
-1243
-694
88
-1140
-1839
-1236
-319
414
-87
-1048
-712
101
523
1410
1053
-899
-1008
60
-30
-565
-1333
-1283
-100
-68
-292
692
1513
1627
1725
1507
586
65
-321
-786
-265
61
-616
-1048
-744
-607
-1061
-1218
-801
279
1545
1441
677
193
-184
-257
-881
-1754
-1717
-634
727
1755
2516
2169
1456
690
-369
-473
-591
-1068
-1778
-2301
-1108
245
969
1545
1316
1015
164
-953
-111
379
-455
-320
-250
210
828
-47
-263
29
-299
-368
-277
234
703
541
-216
-778
35
353
-556
-1270
-1205
-68
138
-705
-173
712
318
-479
-734
-468
-192
-91
560
1256
1372
968
-41
-336
58
674
1181
735
532
864
978
329
-622
-1073
-1285
-739
-878
-1840
-1416
-926
-921
-462
-51
590
1516
1547
1096
1800
2238
982
-294
-828
-700
-398
-445
-800
-580
798
339
-1290
-1044
-386
79
-39
-688
-105
930
322
-652
-422
-52
611
438
-1059
-1567
-891
-236
-140
99
778
1588
1520
337
-1
900
1412
371
-714
-703
-220
225
-322
-635
660
1196
97
-374
-420
411
1105
-1411
-2875
-1248
-240
-197
-239
-339
255
1370
783
-243
638
1941
1685
208
-674
-952
-379
-66
-872
-8
1289
1085
248
-522
221
873
67
-958
-1591
-692
-331
-1697
-2298
-1911
-211
1157
423
332
1746
2230
882
-289
-594
-694
-139
149
-242
446
1437
812
-349
-1111
-794
294
206
-223
506
1661
1481
401
82
27
-80
-756
-1750
-1416
-452
-134
-521
-892
-114
1185
1254
380
325
902
958
123
-1309
-1292
-148
-362
-1149
-1280
-359
1251
1468
619
774
818
-181
-967
-1263
-702
-109
-410
-885
-617
1032
1924
1482
1093
735
422
-337
-1137
-1622
-940
318
-122
-450
446
1271
1137
-63
-642
137
500
-792
-1745
-994
542
1540
813
-468
-451
452
282
-782
-756
-71
-31
-993
-1794
-836
573
864
677
861
1536
1817
1037
-247
-818
-389
-481
-1144
-1052
-186
790
981
326
22
611
864
88
-594
-497
18
70
-797
-1225
-151
588
21
-402
114
1197
983
-716
-1489
-886
-766
-1589
-1949
-1453
185
1532
1348
1768
2564
2572
1785
638
-10
-249
-54
-759
-1769
-1169
-396
-481
-1074
-732
257
487
763
449
410
1456
953
-780
-1742
-1420
-741
-1075
-2014
-1870
222
1777
1205
468
722
1488
1555
652
-18
458
885
139
-212
66
59
-333
-1577
-2078
-804
-62
-16
71
56
1172
1805
497
-781
-921
-316
-733
-1573
-875
471
1227
870
306
820
1795
1569
289
-668
-1026
-589
-745
-1764
-1426
-236
269
185
383
1212
2041
1597
-154
-1003
-692
-668
-1093
-1455
-1232
-436
183
208
433
1126
1674
1359
306
-59
507
777
-219
-1083
-818
-873
-1237
-1598
-1185
179
575
477
842
1536
1844
1098
496
197
282
263
-1124
-1942
-1517
-1357
-1162
-428
159
489
1116
1268
1161
1268
810
263
-182
-607
-595
-426
-1029
-1765
-1039
-208
-48
302
577
864
1453
1652
600
100
535
-338
-1066
-775
-799
-649
-614
-1093
-298
1564
1851
788
174
471
1013
347
-1216
-1442
-364
-268
-644
-832
-1254
-426
131
-572
-303
864
1591
597
-270
313
409
551
400
21
934
1388
360
-905
-1042
-190
133
-242
-601
-159
615
283
-810
-1731
-1872
-1187
-812
-738
403
1977
2185
1446
666
854
1774
906
-929
-1660
-1200
-281
-456
-1217
-733
721
1028
333
139
567
1360
794
-811
-1201
-239
453
-678
-1577
-483
607
524
255
17
-104
-28
-1300
-2009
-533
487
894
759
304
886
1200
366
-474
22
987
557
-404
-768
-158
927
452
-709
-344
161
43
-217
-1110
-539
1204
668
-699
-535
560
748
-180
-179
381
688
281
-1135
-1312
-482
-418
-767
-1042
-321
793
559
-247
-81
944
1565
1161
549
486
641
183
-877
-1053
-153
55
-663
-1403
-1306
-319
13
-471
-282
732
1470
1397
629
199
807
702
-881
-1948
-1068
219
274
459
1014
1277
1292
-92
-1283
-483
409
909
386
-1223
-1377
-1361
-2279
-2267
-1047
1132
2141
1467
1209
1210
1426
611
-1356
-1516
-441
218
156
-411
-229
360
142
-697
-807
74
959
1107
40
-489
910
1730
712
-63
-44
-304
-922
-1522
-1446
-510
-171
-1103
-1216
260
1392
1062
-144
-395
514
1206
886
-86
55
838
624
-741
-1786
-728
693
719
569
1125
1483
1268
240
-1475
-1206
-166
-1164
-2536
-2656
-1185
531
1128
881
1009
1676
757
-742
-828
-109
697
361
-644
-288
734
804
-7
-751
81
1145
470
-232
-156
769
1159
-297
-895
-729
-522
633
337
-923
-41
806
-372
-1011
-274
774
1299
390
-428
-362
-852
-1460
-2136
-2709
-1666
48
1120
1201
500
286
648
1701
3246
3389
2339
593
-1631
-1271
-170
-1581
-2510
-2603
-2009
-299
18
-160
394
532
85
-19
846
1944
2442
1504
-377
-627
607
637
-34
-643
-1198
-250
817
737
527
694
448
-1196
-2007
-1167
-587
-498
-708
-428
941
1577
-22
-2729
-4140
-2253
891
1389
-350
-877
1512
3701
4137
4028
2697
1041
-1088
-2456
-723
-13
-2187
-4376
-4074
-573
2190
1830
535
21
-412
-925
502
1772
613
-337
-726
-339
1317
2088
1462
-211
-1883
-1315
1269
2672
1231
-703
-508
794
444
-1130
-2403
-3133
-4071
-6157
-5204
594
4489
3403
397
215
5023
8613
6897
3187
96
-1679
-2669
-2038
-1127
-2777
-5311
-6905
-5029
-616
1557
1300
284
-138
951
3718
6066
4948
1414
-1416
-2024
-853
-220
-1365
-1781
-1687
-1564
795
3148
3561
1387
-1716
-1305
783
811
-1060
-2947
-3929
-5211
-5655
-2026
3088
4306
1119
-1969
1740
8569
9192
4760
-219
-2987
-2997
-1918
-810
-1394
-3375
-5106
-4468
-205
3488
3557
1319
-1227
-1057
1669
3943
3511
-265
-3790
-3743
-950
672
-420
-1453
-1022
587
1194
1997
4549
4249
993
-1350
-760
955
-483
-4836
-7884
-6613
-3680
-1057
2387
5076
4462
969
733
5438
8645
6524
-269
-5421
-4760
-2591
-1565
-2233
-4151
-5118
-4061
39
3810
4018
2835
1896
2231
2294
1777
2798
1537
-3471
-6491
-4456
-35
1184
-1974
-2973
793
4286
4517
3482
3086
1905
-147
-1624
-2216
-1703
-2142
-4671
-5564
-3416
-1859
-605
1548
2336
1710
225
1156
5683
8216
6548
2024
-1620
-2669
-3480
-3239
-3061
-4227
-4817
-3731
530
4169
3227
1111
397
1202
1937
1734
1189
-256
-1945
-3466
-2686
1123
2165
-1018
-2993
-646
3175
4016
2642
1786
1666
1555
550
-440
-1014
-3029
-5796
-6329
-4762
-3785
-1987
1560
3976
3733
1298
1807
6057
7756
5308
602
-2339
-2763
-3391
-3123
-2990
-4041
-5349
-4992
-162
3383
2573
2030
1680
2806
4553
3744
2731
631
-3400
-5024
-2726
63
541
-681
-1290
636
3433
4333
2405
-421
-657
-168
-777
-1092
-2248
-2933
-3188
-4161
-2879
-2880
-3773
-106
3779
5083
3241
978
3730
7205
6738
2555
-2217
-4146
-4199
-3246
-2364
-2858
-3696
-3244
-640
2873
4559
2814
552
1173
1760
1235
1264
-182
-2508
-4401
-4239
-499
2148
1408
-774
-792
2767
4453
2961
1030
-27
654
182
-2129
-2925
-2548
-2677
-2843
-1944
-527
-1202
-2267
-14
3771
4963
1501
-1823
706
5435
6171
1798
-2996
-3849
-1876
-619
-1903
-2875
-3054
-3415
-1289
2068
4261
3996
1418
422
1280
2205
2143
-96
-3448
-5949
-4677
-397
1916
1233
-570
-342
2914
4504
2933
1220
642
685
-291
-1703
-1506
-1128
-2394
-3471
-2033
-299
-1720
-4237
-2457
3764
6460
1573
-3095
-283
5959
7514
2726
-2935
-3880
-2226
-2044
-2076
-1404
-1076
-1402
-550
2333
4467
3368
-534
-2683
-800
1797
1996
-623
-3269
-4016
-2390
772
2224
1544
414
651
2482
3491
2552
177
-1689
-2283
-1925
-760
-224
208
-420
-1771
-263
1378
13
-4154
-6555
-1234
5694
5936
-326
-5055
-622
6040
7116
3003
-2334
-3162
-2242
-2232
-873
-25
-1344
-3949
-3070
2250
5161
2696
-1939
-2361
1716
4188
3075
-211
-2222
-2066
-1107
721
1713
1137
-1037
-2488
-2
2870
2953
451
-2741
-2914
-507
1176
187
-2022
-2591
-1105
703
600
-1265
-3438
-3245
519
4368
4395
-409
-3292
863
6788
8884
4234
-2462
-4224
-3293
-1599
-630
-2533
-4692
-4724
-1729
2669
4280
1511
-1984
-1208
2598
4504
3073
380
-1811
-3070
-2629
-613
999
48
-2779
-2192
3032
6149
4126
-151
-1505
1485
2717
514
-1883
-2782
-2921
-3254
-2335
-978
-1117
-3831
-5549
-1043
6363
8061
911
-3903
1274
8454
9691
2228
-5537
-4374
-1232
-1286
-2636
-4903
-4963
-3297
-1275
2844
5705
4097
-497
-2204
1491
4740
3492
-1280
-4808
-3500
-87
531
-1270
-1981
-1256
920
3161
4003
3860
2413
872
725
1121
-9
-2341
-4313
-5006
-3069
-108
504
-1445
-3868
-4753
-1791
3252
4891
2279
-1633
-1935
3525
8772
7556
1334
-2804
-2203
378
2260
179
-4117
-6066
-4717
183
3952
1876
-2299
-3040
783
4171
3194
-508
-3465
-3022
-1430
-478
683
929
137
-785
351
3708
4427
1055
-2481
-2175
1122
2334
-559
-3681
-2384
978
1557
-46
-960
-771
-1467
-3446
-4380
-1256
3653
3934
-233
-2968
282
6587
8924
4563
-2175
-2720
358
162
-1841
-4484
-5279
-3831
-2579
-460
2093
2663
371
147
4337
6301
3803
-529
-3868
-2675
302
-255
-2776
-3236
-1248
810
1768
1945
1368
696
298
769
1505
501
-1773
-3139
-2531
-1173
387
847
-262
-575
-222
249
-1213
-2898
11
3974
4132
-210
-2444
2160
6530
5228
-979
-4791
-1869
831
-486
-3501
-4592
-2790
-1663
-1322
407
1658
526
-477
1158
3475
3706
1493
-1642
-2189
364
1179
-521
-1043
-38
1132
1833
1490
433
-70
-410
-912
-83
676
-13
-810
-1025
-787
363
1859
23
-2381
-1081
-144
-1543
-4117
-3895
612
3530
822
-4417
-2607
5191
8786
5171
-1702
-2362
2604
3972
354
-3653
-2999
-775
-1126
-1302
-407
248
-408
-1463
120
3056
2783
-510
-3110
-2806
39
1293
-1240
-3448
-1802
1983
3908
2750
855
797
1600
929
-400
-1374
-920
284
-323
-658
400
593
-478
-1419
-1117
-215
-452
-3553
-5235
-918
4115
3467
-1705
-3464
1927
8636
8206
-382
-4598
-198
2089
87
-3316
-5836
-3797
-1375
-1081
503
1957
1527
170
846
3806
3774
208
-3173
-3225
735
3110
167
-2610
-1174
1227
2500
1791
3
108
599
394
326
-543
-1860
-2596
-2445
-1290
-372
-218
383
679
899
1445
408
-1600
-3856
-3625
690
3496
1907
-2658
-3339
4190
9597
6475
-448
-3560
373
3218
508
-3482
-4916
-3601
-2912
-1810
568
309
-1532
-1355
1093
4069
2862
-1837
-2814
30
2392
1406
-1161
-1566
-88
1959
1345
78
1056
1568
1179
287
427
121
-1637
-2635
-2310
-267
306
-38
822
1787
2668
1373
-643
-1782
-2577
-3180
-4019
-2015
1644
2278
-1106
-3667
1219
7512
7239
1839
-2378
342
3216
1189
-2143
-5211
-4459
-1376
180
413
-604
-942
101
1686
2569
1247
-805
-1364
-1074
-830
-182
-374
-1241
-594
984
2289
3179
2248
-50
-565
870
1272
-1137
-3302
-1814
590
578
-867
-1229
797
2751
1665
161
-45
-449
-1744
-5123
-5649
32
4107
2031
-3403
-4080
3646
8270
3870
-2452
-2719
3264
4979
679
-2861
-3565
-1705
-920
-741
451
47
-864
-994
-1
1782
734
-2505
-2381
892
2579
1260
-957
-1166
966
2411
1096
-608
-961
63
1442
679
-754
-1448
-999
176
-290
-1139
-774
745
1731
1229
538
373
797
-487
-2329
-3160
-4006
-1961
1024
1193
-530
-2330
520
5985
7065
3653
-224
415
2957
2168
-591
-4099
-5317
-3495
-2165
-1530
-1697
-2482
-1405
2135
4096
2327
536
981
2237
1269
-1685
-2713
-1774
-1165
-1045
-410
932
1552
748
545
1944
2622
1301
-790
-1122
586
1247
-327
-1881
-504
1172
171
-957
-1360
-517
134
-1584
-3555
-4017
-1023
2882
2392
-930
-2886
-201
5194
5601
871
-1328
1105
3588
2471
-679
-2752
-2990
-2160
-1491
-544
-309
-1841
-1604
1152
2469
1092
-919
-1215
1155
3299
1573
-2034
-2314
299
1052
-260
-1647
-1784
-174
756
290
-284
-479
751
2055
1533
1058
882
498
660
260
-559
-953
-802
-326
126
406
-846
-3369
-4201
-1181
2553
1557
-3273
-4372
1719
7293
5488
-384
-1617
3457
6140
2496
-3053
-4820
-2743
-1801
-2386
-3132
-3831
-3131
-1117
1219
2559
2039
1321
1935
3067
2458
672
138
-170
24
1295
1041
-785
-1791
-873
976
1074
-1984
-3425
-760
468
-959
-1934
-1000
1596
3099
1667
-314
130
1406
1022
-574
-1437
-823
-791
-2591
-2648
1281
3388
398
-3074
-2235
2475
4918
2338
-1132
-599
2988
3905
767
-2801
-2996
-862
-677
-2444
-3503
-2909
-1631
-468
460
599
700
1366
1738
1872
1285
361
820
1347
889
660
615
180
9
525
708
-324
-2276
-2791
-858
-17
-1333
-1458
479
1955
1495
333
-96
219
891
769
-459
-414
50
-1213
-2703
-3481
-1639
1132
-64
-2656
-2400
1753
5696
4611
2605
3184
4286
2989
-521
-2631
-2969
-2760
-3113
-3855
-2926
-1390
-1036
-1091
-9
1212
976
478
642
1736
2462
1446
1204
2411
1982
282
-769
-1838
-1358
928
869
-1497
-2147
-426
325
-456
-799
-690
348
819
-864
-1949
-852
958
1460
609
207
920
2440
2807
-34
-2962
-2967
-2516
-2882
-1926
570
1565
206
-1042
708
4278
4229
1958
1419
2361
2797
-45
-2587
-2633
-2414
-1621
-1781
-2692
-2101
-933
-1024
-1017
258
1136
2068
1972
322
478
1570
1239
202
-203
589
1131
494
-305
-297
635
-22
-2219
-2188
-515
673
166
-1353
-923
686
1076
-87
-833
465
2226
2138
231
-692
119
648
-371
-1903
-1383
153
-319
-1809
-1639
-208
179
-1262
-1890
282
2056
1902
1779
1968
2560
2676
1146
-390
-920
-673
-525
-2176
-3457
-1867
39
84
-277
164
957
1685
1004
-149
180
611
429
-836
-1443
190
976
72
-1152
-830
247
-573
-1186
-985
-56
2110
1789
-170
41
807
156
-1669
-2225
69
2039
1371
-166
211
1996
2169
501
-1191
-1282
-583
-1621
-3464
-3044
-292
1304
261
-603
675
2473
2054
-73
-293
2051
2861
949
-605
-1237
-1156
-895
-1547
-1647
-704
235
344
-561
-602
1220
2098
615
-415
86
784
297
-770
-537
333
932
154
-1099
-408
296
-78
-768
-1451
-74
2055
1359
-179
-26
355
-114
-1136
-1652
-971
371
613
-575
-433
562
137
-464
-519
-194
1097
1543
107
-420
401
563
-512
-1504
-616
219
-685
-922
343
1687
2231
1789
800
-138
-422
-615
-1749
-2345
-1029
442
467
38
478
1767
2048
-124
-1433
-327
244
-66
-1046
-1349
387
1087
-209
-1274
-810
269
356
-209
-911
-143
1704
1474
844
1443
1298
535
-447
-1503
-1130
-140
-777
-1608
-362
724
217
36
19
476
1538
768
-252
142
57
-173
-849
-2150
-1693
-485
-826
-1646
-744
1226
1711
1214
632
578
1832
1672
96
22
502
249
-497
-1517
-1798
-238
927
122
170
585
593
486
-951
-643
646
-384
-1388
-969
-681
-766
496
506
-510
1172
1864
206
-737
222
1461
787
-424
-905
-624
-595
-1247
-883
165
425
594
619
199
1118
1809
446
-292
462
467
-696
-1623
-1765
-769
30
-650
-885
-52
254
88
18
-145
365
976
573
-127
-509
-380
163
147
-533
18
961
532
67
685
1196
707
783
414
-272
50
-371
-974
-1300
-809
117
166
-513
-1220
-352
-637
-1616
-202
446
709
1806
1034
124
565
157
-575
-394
674
963
503
83
-624
969
1632
102
62
74
44
-526
-1733
-2744
-1942
-324
-1186
-1123
64
953
1582
556
-78
951
1651
535
-18
219
17
82
-400
-933
-661
-261
-470
-301
408
801
1199
1161
441
253
725
-259
-997
-278
-96
-170
-652
-1314
-804
418
-470
-674
1546
1510
752
93
-1204
-1012
-164
-633
-837
274
519
627
132
-345
587
1350
1125
24
530
676
-192
-652
-1517
-491
543
43
-636
-445
324
-181
-52
-313
-1174
243
86
-1421
-285
967
1643
1206
-34
451
812
58
-1283
-1181
-315
-57
358
-940
-703
1217
1132
-149
-966
528
1146
-145
-679
-1163
-511
521
-881
-1929
-724
502
867
461
429
1637
2716
1275
-540
-326
-502
-271
-680
-1842
-121
1689
707
-369
509
1144
1295
622
-1465
-1687
-1000
-1576
-2208
-1315
560
1375
1021
668
913
1145
880
-427
-1098
-831
-776
-51
-1110
-1655
767
1025
-231
303
1056
812
872
500
-249
953
1213
-251
-487
-570
-364
-77
-1025
-947
325
663
83
-462
-514
-170
55
-736
-1316
-437
399
583
746
990
1258
1420
399
-762
-202
-124
-1129
-1260
-544
200
1057
1230
370
1084
1861
340
-660
-619
-1091
-1230
-1061
-1877
-1361
237
-147
-574
-235
409
1400
1219
375
616
1270
479
-1005
-1445
-585
69
-304
-517
42
1098
1181
551
204
117
524
-524
-2149
-1417
105
518
304
281
663
1407
1378
-385
-1385
-192
629
-1
-606
-302
509
840
-456
-1758
-777
58
-91
-130
-271
774
1629
374
-816
59
1100
567
-303
-868
-439
506
291
-902
-924
566
102
-1533
-1774
-1128
400
1223
732
1058
2263
2299
836
-438
-191
959
423
-1702
-2198
-955
-437
-752
-1062
-850
726
1676
71
-1399
-813
157
-133
-1358
-850
1350
2246
1688
559
361
1131
1278
706
-701
-843
205
-717
-2413
-2246
-759
-54
-102
-259
-254
996
1761
445
-45
1055
1607
1252
335
400
1125
624
-993
-2509
-1735
-305
-284
-556
-287
1017
736
-1243
-2135
-2007
-361
1363
1447
1208
1136
1028
128
-1040
-993
-304
359
205
-231
241
498
175
-322
-450
491
1559
1007
-406
-640
-581
-722
-1163
-1590
-355
933
940
506
497
1063
992
126
-601
-264
539
-65
-1889
-2320
-811
397
447
-169
-125
895
1238
320
-605
-342
360
425
-257
-440
648
1024
80
-396
26
359
316
-38
-445
-280
246
250
-467
-442
330
307
-338
-846
-250
950
726
-434
-365
677
1010
386
-821
-1161
-296
-406
-1051
-665
25
610
967
497
459
1541
1373
151
-86
-46
115
95
-1148
-1773
-810
-310
-664
-517
-25
-69
-343
-757
-1084
-5
1232
1216
1048
846
1129
986
-1009
-2472
-1599
126
543
491
809
1337
1815
173
-1502
-794
677
1171
-71
-988
-606
246
435
-624
-463
597
59
-691
-523
-81
1087
1704
420
-573
65
159
-1028
-1304
-1045
-698
287
102
-816
-367
632
232
-449
-53
383
920
721
-151
524
1527
1380
539
-789
-978
65
218
-510
-1041
-629
-90
-868
-1555
-638
854
1557
757
-503
-301
212
302
272
-164
453
918
36
-477
-149
295
125
-37
-109
313
1051
311
-974
-1530
-1215
-558
-596
-692
440
1893
1847
1140
223
-848
-563
-330
-1342
-1414
-306
139
-422
-607
206
953
1109
460
-177
528
1379
763
-404
-384
84
127
-233
-814
-232
483
50
-323
-630
-629
665
1274
141
323
1317
278
-1090
-1334
-1108
-197
406
-214
-438
338
653
-398
-1157
-454
-78
-134
-16
-3
730
1464
774
-221
-203
195
436
87
-846
-507
717
465
-692
-1038
-351
275
-20
-396
222
1559
1583
-63
-922
-488
353
496
-636
-867
195
420
110
-69
6
881
557
-1209
-1476
-319
405
-16
-554
-377
269
1277
959
-248
195
1059
237
-1301
-1183
16
23
-1002
-2174
-1871
-161
686
863
790
1262
2290
1413
-61
488
1164
-12
-1161
-1279
-917
262
668
-106
-91
773
861
-578
-1883
-1606
-172
808
211
-682
-265
379
-377
-1010
-461
676
1728
1125
509
1856
2344
803
-532
-951
-525
-366
-1963
-2847
-1389
157
460
-338
-858
272
1350
82
-1304
-102
835
223
173
-2
461
1731
588
-1007
-145
598
23
-552
-943
-329
1242
1293
-167
-326
1045
1264
127
-632
101
1668
901
-1177
-1794
-1298
-366
-580
-1330
-775
586
758
-461
-661
-241
440
398
-1632
-1536
626
1316
630
-50
731
1260
805
313
-152
711
1185
-147
-1271
-738
246
-482
-1739
-2111
-620
1858
1796
597
910
1393
964
-370
-1994
-1335
730
250
-993
-677
-135
-10
-496
-1044
-376
1095
1491
964
510
416
564
-524
-1890
-1324
233
629
-42
291
1216
898
-207
-965
-950
170
944
97
-22
528
-98
-712
-1270
-1172
494
1222
698
904
1420
1098
-223
-1615
-1666
-248
29
-1212
-844
139
305
8
-727
-186
1145
1504
184
-859
-12
189
-126
-712
-1446
-298
786
162
-183
790
1307
748
-67
-631
218
1268
466
-567
673
1553
-3
-872
-1350
-1487
21
-159
-1440
-495
849
705
-190
-539
308
1137
378
-690
373
1345
808
691
-338
-933
363
92
-1035
-565
77
-591
-1195
-944
-676
540
1192
-768
-1319
538
778
243
514
183
-26
240
-593
-155
2377
1892
-588
-1952
-2875
-1599
-155
-728
74
2397
3486
2478
293
-562
624
899
-586
-1807
-751
1509
699
-1598
-1875
-769
399
-692
-2086
-618
578
-291
-1322
-1679
-359
1866
1153
-216
1818
3350
2410
1005
346
1506
1878
-394
-2163
-1793
-866
-384
-1375
-3170
-2019
622
435
-563
478
1854
1038
-819
-1406
-1042
95
346
-1035
-325
1514
1899
1378
-770
-1346
1215
1945
537
129
377
183
-731
-2304
-2119
-78
-252
-1553
-821
820
2381
2024
-176
160
2092
1716
-390
-1820
-1226
110
549
-270
-1031
272
1264
-607
-1789
-493
224
276
-494
-1564
406
2168
611
-754
-18
1450
1702
-162
-1766
-467
208
-1605
-2479
-1844
432
2583
1416
-392
111
966
-115
-1494
-721
953
1816
1132
-611
-21
1655
278
-903
15
333
855
701
-1534
-2017
88
334
-1319
-1132
300
1471
1353
-1173
-1832
252
20
-959
-508
-178
1684
2368
-201
-777
-30
44
-365
-1521
-1261
87
1522
1016
-263
785
679
-124
197
325
1262
2125
912
-613
-214
-862
-2239
-1050
-341
-116
876
-442
-1563
103
828
-423
-1437
-1357
-712
254
605
-321
351
1707
756
-383
-364
418
1608
1577
351
701
1066
-626
-1523
-2090
-1655
217
-339
-1203
-261
646
1176
729
85
405
907
544
-285
541
1376
643
458
-400
-1042
59
130
-575
-491
298
75
-1087
-1013
-530
106
387
-1231
-1861
118
576
-691
-1333
-1610
129
1786
1203
1603
2428
1871
593
-518
-691
251
1141
50
-1382
-1277
-1143
-1195
-1278
-1144
110
926
509
265
1090
1815
1053
125
-645
-1016
-586
-560
-129
974
1353
573
62
64
99
922
-149
-1693
-581
-86
-607
-1392
-2131
-1578
-291
747
880
1631
2346
1712
1324
429
-604
-734
-1313
-1870
-1470
-904
-685
-90
722
1073
1755
2114
1058
412
730
255
-423
-427
-961
-1242
-928
-1109
-758
-410
40
801
588
763
741
384
-13
-955
-606
-485
-727
-120
-189
-548
-665
-408
300
1066
1020
748
1232
1447
1080
-124
-1207
-1294
-643
-248
-886
-788
-295
722
980
-640
-86
981
306
-157
-223
-211
214
969
229
-188
515
190
71
-231
-519
-630
-965
98
690
389
373
-369
-681
-256
120
287
-772
-1238
-415
-597
-394
688
1517
2464
2168
400
-784
-206
-65
-1548
-1584
-783
-535
16
-580
-723
973
1095
314
516
415
1100
1759
335
-654
-135
-139
-1287
-1943
-1590
-1152
-137
314
-164
572
1045
182
21
191
216
690
424
-48
841
1014
-341
-682
-434
-69
947
635
33
894
1424
175
-1219
-786
-238
16
-432
-1713
-731
464
-326
-625
14
490
847
386
-1174
-1377
-824
-592
255
527
580
965
329
-1175
-1146
108
320
458
519
164
459
647
-98
277
2068
1609
112
-438
-792
28
410
-329
-240
924
1248
146
-287
-571
-664
-676
-2123
-2481
-1343
-814
-515
-222
109
826
1158
417
-70
850
1292
432
72
-160
-18
990
580
-337
252
728
5
-731
-654
453
1252
-152
-1361
-298
849
397
-570
-727
-259
769
729
-801
-822
138
168
186
108
-81
562
546
-825
-1091
112
217
-482
-647
-988
-257
262
-1085
-900
431
916
774
-58
-51
716
679
-161
-638
450
1405
991
268
-442
191
1182
185
-803
-289
610
614
-39
-331
-213
233
-348
-1463
-1008
-249
-195
-533
-731
349
1007
-1
-922
-954
-344
-290
-646
-358
333
1552
1554
310
149
357
494
677
107
-514
201
1029
376
100
568
104
-652
-1443
-1679
-120
889
430
276
130
-75
-590
-1364
-1440
-751
760
1217
334
182
68
55
131
-648
-355
811
961
725
520
339
139
437
561
-123
159
126
-574
-989
-1766
-1237
-483
-600
-557
-706
-208
201
-86
-113
61
828
1167
485
356
293
335
938
390
-131
83
-107
161
481
983
1528
518
-777
-789
-430
-759
-1342
-1363
-298
897
1086
730
-200
-435
78
-874
-2054
-1808
-451
884
768
313
680
1084
1262
681
-58
715
1226
90
-1203
-1602
-979
-598
-964
-1312
-600
1132
1447
530
316
532
536
-104
-994
-554
931
681
-759
-647
159
374
264
46
550
1929
1660
-561
-1594
-1165
-336
-354
-1704
-1280
1122
1816
386
-231
676
1289
674
-1170
-1987
-411
490
-346
-813
-119
954
713
-976
-1753
-299
1332
985
94
-47
672
1616
66
-1918
-865
646
586
-547
-1098
-82
704
290
-675
-219
1386
1009
-654
-1413
-615
812
378
-844
118
1971
1597
-172
-1071
-491
1176
1173
-473
-484
716
675
-847
-1543
-705
444
757
-870
-1787
-14
1101
-335
-1710
-709
1046
1558
141
-1826
-787
1081
376
-775
-973
-180
624
43
-1183
-866
1218
1693
633
409
1010
2076
1616
-342
-386
1288
872
-1023
-1595
-1727
-816
241
-724
-808
565
762
100
-157
-382
-165
248
-933
-1505
13
604
-327
-722
37
1267
1690
274
-1094
-345
574
-8
-409
-156
270
825
-319
-1580
-619
306
377
57
61
762
1076
742
-327
-344
1105
1384
656
-248
-521
321
223
-776
-1152
-949
-343
240
19
-476
-127
92
-343
-185
296
403
-21
-1093
-1328
-332
178
157
-252
-243
931
1138
559
165
58
775
587
-189
-266
-498
-497
-277
-182
397
1104
1128
431
-32
174
-34
-1008
-1491
-850
-185
221
-26
-1069
-409
948
959
490
-348
-196
1011
1229
179
-764
-648
-282
-73
-530
-1378
-746
464
70
-534
212
970
1249
763
-552
-811
327
558
-646
-558
778
1014
328
-248
117
1139
1086
-213
-705
110
477
-424
-1635
-1567
-368
-72
-1287
-1399
749
1879
925
-556
-1193
205
991
-18
-588
-620
14
408
-237
-410
657
2134
1656
232
127
68
-89
-437
-1155
-845
199
449
-374
-164
1287
742
-1238
-2187
-1369
1058
1651
-6
-613
-93
529
396
-860
-1728
-275
1016
-78
-626
537
2405
2020
-445
-1470
-954
-344
-2122
-1745
2310
2735
1443
165
-1037
861
1723
-1014
-3639
-2887
67
1087
-32
-886
260
2934
3738
1572
-683
-877
-255
-122
-777
-1741
-994
192
223
-14
-381
-157
-327
-1008
-488
-190
-862
-777
596
1721
1550
151
-1519
-1110
941
1101
-558
-700
1081
2656
2133
-50
-958
-113
446
-365
-1581
-1543
-32
1027
150
-152
731
1169
822
-347
-1043
-1557
-1578
-3167
-3511
2389
3443
-156
-267
-114
2583
4506
468
-3946
-3557
-231
1014
396
-733
-631
1905
3181
1153
-1429
-2557
-2409
-417
1177
579
512
1587
1544
516
-682
-2155
-2050
-741
391
695
-140
128
1241
2006
1853
330
-528
62
433
-15
-855
-829
544
848
497
-242
-1326
-1124
-1568
-2459
-2485
-2162
-3979
-2185
6012
5753
944
184
-1342
1571
4686
-155
-5198
-3386
1849
4344
3355
520
-1537
446
2905
345
-3493
-4484
-3077
-230
777
-585
-454
1612
2452
2533
1763
-555
-2004
-1844
-93
733
-512
-1296
-397
1546
2012
403
-1626
-1437
381
295
-1066
-1709
-781
1680
2846
1350
-8
-123
-416
-1319
-882
-184
-266
344
-1000
-1910
-1868
405
5309
2322
-1290
-824
-1873
1130
2757
-2
-2240
-3671
-1718
962
1838
1596
-460
638
4201
3392
-277
-3477
-3542
-915
178
-1450
-2765
106
2704
1917
530
-961
-826
1009
1420
-371
-438
1252
773
220
410
-672
-890
-236
-307
619
1097
-483
-1397
314
2349
1897
-31
-2037
-1694
10
-937
-4008
-4958
-3771
-2484
4605
8530
2851
1065
17
-782
3152
3350
-330
-4088
-4234
-228
2222
1471
-2026
-3800
109
3825
3065
-693
-3966
-2490
1001
1166
-1431
-1829
762
1938
1642
702
169
656
-193
-922
-774
-192
593
-386
-695
897
1138
92
-540
-459
703
1375
148
-545
643
2084
1179
-968
-1796
-1627
-370
-1911
-4672
-5226
-2920
6680
9462
2044
-1012
-3047
-1245
3249
1791
-1954
-4844
-2371
1856
3990
5007
-424
-3852
395
2990
1635
-2261
-5779
-5445
-943
1774
-477
239
2101
2157
3233
1409
-1082
-1109
-785
-658
308
2470
2046
-181
-602
-583
180
638
-1738
-2648
-632
1682
2993
2063
1153
608
-2
-1643
-3476
-3576
-3968
-3848
-5287
88
10908
8381
2272
-1274
-3696
1657
4516
319
-6060
-7357
-2051
1092
3888
4114
-908
-1431
1655
1988
798
-1563
-5535
-5868
-286
2992
2905
2812
205
-226
2508
2492
94
-1913
-1646
-297
1470
2468
869
241
448
-702
-627
-360
-1406
-2305
-2656
-1395
553
1857
1526
434
689
-20
-1977
-4161
-4652
-5462
-3292
7796
11035
5992
2546
-3634
-2592
3225
3423
-1166
-7445
-6244
-1354
2784
6138
1832
-2967
-1983
-297
926
629
-1883
-4636
-3637
14
2873
5557
3281
-1502
-1633
656
2625
1353
-1260
-2310
-1249
2424
3138
1157
545
-393
-692
248
454
282
-1103
-2543
-2011
-306
1828
1147
-783
-1897
-2394
-1858
-3624
-5524
-5757
508
9645
8403
4749
672
-3723
-439
2923
2636
-1326
-5510
-4985
-2329
3904
6847
1927
-1263
-1308
-30
2170
1416
-2127
-5021
-4463
-1383
2998
6105
3623
-580
-2943
-2225
736
1230
-367
-2939
-2725
1119
3042
2881
413
-2475
-2444
-1806
-22
1989
909
-826
-1389
374
3217
3674
1868
-1100
-2706
-3005
-2901
-4930
-4407
4572
7567
4645
2774
-1915
-1991
462
-44
-2696
-5306
-3824
-2261
1594
7369
6553
2822
193
-2320
-2056
61
-461
-3648
-5485
-4540
-933
4781
6198
3431
1389
-927
-1249
516
1277
-58
-2596
-3105
-1620
1468
4048
2639
251
-836
-1249
-28
520
-348
-974
-1468
-1128
-475
945
1266
-1211
-4427
-5910
-5240
-3779
3024
8124
7111
6945
1607
-2197
936
2846
2412
-2421
-6087
-5776
-3413
2503
4941
2717
1221
-598
-2260
-1463
-8
-186
-1835
-3458
-3657
11
4918
4544
1507
-719
-1705
-543
991
1495
492
-543
-2078
-2955
381
3100
2159
114
-2332
-2491
-63
868
-280
-1044
348
1800
2611
3383
1685
-388
-2749
-5314
-7018
-5425
3757
7566
4508
2904
-2126
-3589
-426
1910
3465
1007
-2845
-5683
-3129
4163
6404
4252
1246
-2524
-3971
-2249
-1032
-1066
-1386
-3621
-5360
-2210
3114
5436
4587
1347
-2436
-2202
1012
2314
1617
581
-1357
-2349
-577
1375
3196
4109
1386
-1789
-1609
639
1739
489
-1826
-2952
-1796
-338
88
338
354
-1466
-4006
-6124
-4052
4855
8680
6343
3429
-2854
-4487
-1586
752
2642
1099
-2375
-6660
-5680
778
4736
6163
3508
-1092
-2400
-952
731
1383
1047
-1967
-4435
-3000
-813
2085
5038
3705
-224
-1676
-793
387
1520
1007
-801
-1110
-1268
-1777
-511
1139
1049
-621
-1901
-1427
377
1986
1686
307
162
861
564
85
170
-225
-2246
-4516
-5581
-4035
2956
6947
4889
3850
182
-2680
-1080
1056
3086
2142
-490
-4671
-6343
-2083
714
3042
4112
1387
-722
-1724
-1876
-1088
677
349
-2141
-2052
-1193
643
4024
4304
1433
-1110
-2286
-2417
-558
1678
1588
650
-415
-1907
-1568
706
1682
1111
491
-463
-838
-60
807
726
-164
-341
-408
-186
945
1272
744
-883
-2523
-2829
-2453
-1541
-1000
1136
3151
2338
2097
534
-957
535
1056
1215
705
-1457
-2816
-2766
-1490
-337
804
1943
1436
529
182
114
835
1162
-267
-1678
-1566
-1267
-1446
-852
967
2764
3039
1687
469
430
428
-919
-2879
-3179
-1736
-608
-417
645
2865
3381
1523
-526
-806
704
997
-838
-2539
-2750
-1003
195
-345
-106
924
1690
696
-1305
-1388
-222
554
-192
-1197
-404
896
751
90
1386
2818
2223
387
-1341
-1020
476
932
357
83
341
-125
-1674
-2560
-1390
554
1260
-265
-1728
-1032
29
-45
-1024
-1113
366
1270
253
-464
1078
2757
2519
134
-2077
-1404
403
676
-109
302
1359
936
-309
-1333
-871
767
192
-1508
-1127
247
1023
792
209
247
630
-164
-2070
-2201
-800
-318
-672
-1079
-857
836
2096
884
119
1307
2224
1404
-411
-993
-583
-673
-1799
-1948
559
2383
2321
1467
-99
-201
651
-526
-2374
-1995
-155
390
-715
-1763
-1066
1000
1271
94
312
1584
1874
219
-1005
-286
1338
1730
225
71
462
-143
-204
-931
-1589
-539
-264
-1209
-1650
-2275
-1003
889
128
1134
2114
1222
1272
386
517
1182
217
-1190
-2996
-2649
-1294
-817
382
1338
1986
1991
775
278
1191
2145
1031
-1104
-2182
-2885
-2335
-1328
-442
1727
2889
2343
599
-744
-309
17
429
-730
-2303
-1310
-873
-1051
-792
-413
941
1770
915
397
1119
864
-152
-751
-900
198
1677
2087
1307
843
409
-1069
-1607
-1287
-675
416
436
-391
-963
-1006
-1014
-1041
-704
-640
-188
702
1321
1562
744
-130
-847
-1627
-1300
-466
244
322
193
847
1345
2078
2235
867
212
-716
-2032
-1544
-966
295
2374
2347
1853
1171
-443
-932
-1530
-2896
-3042
-1862
-1030
-1214
-863
223
881
876
542
505
1054
1543
945
416
1162
1722
1128
-255
-1022
-525
-213
-308
-344
-394
174
626
-286
-889
445
1749
512
-1883
-2157
-818
-405
-1315
-2150
-1410
-221
380
959
938
1451
2780
2137
888
1592
1710
234
-1141
-2266
-1850
-259
33
-316
-22
304
-519
-1845
-1881
-188
2020
2027
4
-516
594
751
-253
-1159
-664
787
406
-1276
-1470
-471
287
311
352
1332
2514
2474
625
-1252
-792
322
-391
-1578
-1539
123
1880
716
-1091
-796
-765
-1162
-1966
-2110
366
1703
856
-367
-808
1230
2341
1123
664
498
-164
-1522
-3179
-1486
2245
2910
1489
-281
-1050
241
-140
-1941
-1280
545
1344
717
-282
353
1178
736
-110
-985
-556
533
394
-274
-631
-86
308
-603
-868
-312
-129
200
-167
-484
1040
1986
1217
294
-91
193
-535
-2448
-3169
-2486
-1129
-813
-1523
432
2485
2030
1855
941
1240
2987
1436
-9
443
94
-294
-1419
-3067
-2692
-1233
-768
-748
-777
96
1748
1566
1153
1794
1949
1713
285
-958
-665
-326
-29
-1078
-2204
-543
938
600
-94
-326
365
763
-249
-1297
-332
465
-391
-430
384
1381
1773
1082
609
752
56
-1316
-1135
-1221
-1505
-1390
-2624
-2056
-421
240
40
-989
243
1284
1691
3437
3224
3019
2890
669
-786
-1787
-2523
-2194
-2039
-1910
-1231
-580
-849
-659
239
841
1726
1892
2095
2677
1813
358
-518
77
84
-1554
-1609
-1706
-1947
-763
-748
150
1721
881
123
138
-30
-166
-424
-1170
-1140
701
1332
841
753
8
-308
-311
-1639
-2729
-1458
-156
142
528
-258
-123
1078
706
1042
2606
3636
3477
1710
163
-165
-440
-817
-1208
-1270
-1125
-2351
-3789
-3551
-2649
-901
361
-305
746
2599
2613
2298
924
399
2116
1998
38
-215
499
169
-663
-2068
-1988
-330
-361
-1045
-1046
625
2157
1208
67
-439
477
1076
-786
-1670
-383
95
-1289
-2447
-1894
654
1749
-433
-769
504
878
1307
773
667
2384
3014
1359
-48
-39
-407
-1547
-2483
-2885
-1969
-699
-1248
-1669
-268
971
1366
694
-339
174
1181
1101
1043
2279
3406
2727
422
-1437
-1131
-440
-434
-779
-1111
-454
-221
-1311
-2121
-1194
357
44
-829
-773
98
2249
2661
241
-1142
-1416
-2227
-2920
-2425
-626
1058
2004
1573
1367
2783
2462
1389
1455
846
867
1026
-546
-1340
-501
-413
-1323
-1819
-1442
-690
-413
-1398
-2479
-1477
-230
-477
-63
1021
2007
3022
2468
1653
2152
1312
-542
-1285
-1238
-535
-230
-1437
-2555
-1801
-706
-323
659
1232
1481
2176
1026
-632
-728
-845
-1259
-2168
-2779
-1807
-95
1312
994
981
1856
1005
1306
2402
2184
2673
1612
-743
-1209
-1371
-1680
-1021
-291
-514
-905
-1252
-1875
-1409
-310
144
133
227
232
-413
-773
-965
-53
1845
1799
1523
1586
402
-60
265
124
176
394
106
189
742
70
-526
151
72
-59
213
-589
-1197
-1221
-1855
-2569
-2402
-1930
-458
2018
1851
494
844
1015
1390
1976
1528
1525
1503
340
-319
-513
-682
-432
-885
-1654
-1805
-1804
-2256
-2659
-1399
472
1398
2256
2410
1416
1278
1353
351
376
588
-174
123
-91
-457
525
58
-974
-943
-420
-100
-574
-557
16
669
446
-453
-340
200
342
-216
-711
-1789
-2027
-585
-1012
-397
1140
888
1007
44
-278
1691
2659
2035
1045
489
137
-524
-1742
-2239
-1302
-691
-800
-1240
-900
607
1133
1161
1365
971
1100
421
-751
-55
356
416
-183
-2036
-1325
555
823
1182
1611
1892
1861
104
-1542
-1055
-417
-655
-1477
-1804
-550
144
-724
-1699
-1031
-470
-2000
-1691
-71
1172
2736
1430
-87
514
862
2129
2827
2297
2125
678
-1312
-2574
-2735
-916
167
-631
-957
-1198
-1334
-122
324
318
1659
1245
-57
-223
-943
-124
806
-289
-224
-259
-662
109
136
956
2671
2288
1158
644
193
-531
-1840
-2532
-2059
-1740
-810
609
1217
1891
1095
-932
-2790
-3551
-964
761
1318
2082
666
481
-85
-363
2647
3515
3030
1394
-2623
-3565
-2490
-1954
-490
-48
-554
-137
-646
-906
1529
2903
1772
611
-1023
-1671
-1342
-2027
-882
747
925
1305
689
1609
4234
4083
1828
-911
-2897
-2691
-1928
-1682
-619
91
53
-320
-934
670
2157
1217
-1460
-4062
-5398
-5334
-951
1974
3794
6389
1521
-946
1498
2274
6162
4674
-2374
-4813
-6314
-5137
-497
1859
3965
4284
725
-1212
-226
1571
2891
-247
-5396
-5698
-4311
-1994
845
30
884
2290
1024
2473
4269
4233
3510
-1006
-4560
-2663
-896
-266
-526
-1939
-546
1791
1712
2176
2898
1560
-314
-2868
-3664
-2386
-2240
-4561
-7151
-1429
6071
8412
7823
1827
35
1634
79
167
-2035
-5026
-6151
-7505
-3736
4189
8589
7922
3724
-596
-159
1217
-837
-2898
-5814
-7541
-4339
-1375
2924
7083
4228
282
-1616
-1233
2307
3115
91
-2517
-2888
-882
1435
1691
2007
2255
665
-617
-667
350
1328
-108
-2998
-2896
-493
1386
43
-3760
-4612
-5428
-1804
5070
6095
7103
3274
-2856
-2214
-713
2492
2536
-4047
-7391
-4809
624
6269
7165
3670
1685
-426
-2259
-990
-1266
-2496
-4661
-8105
-4387
3038
6551
6899
2192
-1851
-891
710
1834
1128
-767
-2236
-2586
-910
2158
3947
1950
-1883
-3745
-1502
1709
2240
114
-1893
-1229
1184
2909
1464
270
-1764
-4477
-4914
-5875
388
6845
5695
4520
-1188
-2832
1520
1005
753
-2228
-7424
-6103
-2292
2366
7376
5887
940
-1249
-1952
-364
1335
-1343
-3897
-3803
-2420
2850
6589
5285
3310
-502
-2510
-804
474
770
-855
-3071
-3437
-834
2630
3478
1233
-2322
-3362
-1377
842
1511
563
-648
262
1260
1640
2444
-387
-2861
-4508
-5798
-4596
-4091
2764
8491
7664
7171
400
-2970
-187
-887
376
-875
-6069
-5463
-1101
3144
7060
4964
-706
-1722
-1290
-917
-157
-2856
-4764
-4296
-3807
1096
5980
5673
3192
-675
-2203
-344
1274
710
-1731
-2919
-1579
1373
3171
2495
1185
-465
-1085
-51
532
794
-347
-2440
-1729
1512
4440
3823
42
-3327
-3708
-2996
-3318
-4851
-6201
1434
8571
6738
5258
-1586
-5787
-880
1135
3385
3140
-2996
-5013
-1503
2821
6993
5594
-1898
-5096
-4074
-2290
-90
-1891
-4254
-2975
-677
3338
5997
4529
2185
-1631
-3544
-927
2071
1988
-1308
-3150
-1247
3208
5353
2611
-1010
-2875
-2697
-1442
177
608
434
359
-21
644
2381
2880
-882
-4470
-4226
-1614
49
-1876
-5398
-6484
2142
9106
6980
4410
-2733
-4399
1324
2253
3681
1926
-4776
-6172
-1982
3126
6807
4478
-2433
-4386
-1353
1357
1743
-1469
-4394
-3435
-661
2967
4807
3052
-220
-4083
-3884
37
2526
2330
-756
-2323
153
3636
3901
730
-2353
-3599
-2193
-170
733
706
115
-127
811
2102
2983
2623
-828
-3546
-3725
-2253
-1518
-3643
-5071
-4941
2149
9192
6858
3974
-1509
-4274
884
3383
3939
1724
-3874
-5315
-1579
2919
5459
3779
-2003
-4442
-1888
559
714
-2611
-5390
-4545
-1776
2853
5271
3359
480
-2470
-2782
147
2314
1674
-810
-1866
-158
2598
3245
1113
-1592
-2942
-1237
1341
2186
1633
669
444
900
1373
1042
-27
-2342
-4002
-2774
-1182
255
-442
-2522
-3596
-2759
4243
7896
4450
683
-5056
-4400
1867
3836
3304
-678
-5236
-4633
-50
4573
5784
2342
-2984
-3682
-313
1879
1324
-2081
-4573
-3139
-51
2727
3357
1196
-1632
-3408
-1935
1979
4378
3580
454
-1268
75
1915
1202
-2341
-4664
-3724
-1247
624
1477
2076
1451
861
1520
1631
1700
1242
-1185
-2900
-2450
-623
825
-1197
-3365
-3717
-2002
4426
6341
3368
1425
-3915
-4370
988
3170
4005
667
-5067
-4675
434
4372
4576
640
-3777
-3134
-823
-969
-1522
-2252
-2780
-2397
-541
3329
5746
4173
100
-3250
-1629
2780
2948
-312
-1935
-736
1638
2329
1394
764
-114
-1284
-1666
-762
1261
2036
-169
-2316
-966
1741
2142
-249
-3728
-3934
-698
945
-355
-2326
-2193
-2871
-2403
3540
6645
6857
3329
-4625
-3528
2453
4355
2351
-3952
-7526
-4619
708
3467
3127
1073
-1662
-2069
-1067
766
2144
88
-3172
-4319
-84
6556
6649
1834
-2264
-3829
-1049
1243
258
-623
-659
-222
-46
715
1793
1325
-1412
-4285
-2612
1665
3743
2258
-792
-857
2050
3426
1726
-1049
-2808
-3175
-4349
-4194
-1805
53
-71
-2863
1630
8598
6830
3611
-4164
-8677
-1184
3619
3821
1458
-3245
-4524
-1965
1794
4157
4366
1382
-2460
-2233
1272
3432
306
-4903
-6427
-3669
1737
4396
2666
733
-1475
-1432
1156
1721
1718
529
-2036
-1842
736
2602
1735
-1143
-3587
-3046
749
3411
2673
1143
20
-535
-77
638
1021
-500
-2782
-3298
-2223
442
270
-3041
-5874
-5443
2982
8373
6829
4852
-2315
-5230
-348
3745
5666
1602
-3891
-5821
-2834
3527
5205
1975
-2924
-5237
-3189
-233
1480
0
-2601
-3134
-1172
2971
6226
5654
1269
-3477
-2906
1048
2657
1583
-1067
-2640
-2211
219
2526
1537
506
-1326
-3661
-2234
1007
2301
-112
-1701
198
2240
3561
2565
-1202
-3178
-2450
-1723
-638
-547
-1553
-4188
-5785
1749
8281
7264
4250
-3293
-5682
1143
5722
4516
-1499
-6169
-5708
-2331
2544
5783
4797
606
-2592
-3549
-1461
1538
-947
-5120
-6492
-2927
4995
7033
3915
1055
-2529
-3239
-635
1972
2805
1593
-823
-2996
-714
3652
3410
-129
-3329
-3449
-386
1967
1525
-905
-1601
-527
229
1214
1288
1027
-1015
-4145
-2946
982
2186
-12
-3788
-5592
1943
8933
6268
3049
-2465
-5167
-1198
1730
3988
2582
-1905
-6104
-5121
1655
5343
4302
-1242
-5750
-4024
82
2432
1182
-110
-1621
-2502
1074
4248
5132
3805
-1746
-5162
-2186
2052
2527
-381
-3305
-3738
-174
2390
1175
171
-1894
-3339
-1880
-252
1938
3226
2010
392
714
3095
3624
1665
-1529
-3891
-2208
-684
-608
-1423
-3042
-4566
-5260
1741
7099
6236
4546
-3314
-4827
1219
3741
4371
166
-5819
-7375
-2783
2497
4903
5528
1525
-1823
-2015
-726
1467
559
-3001
-5741
-3773
2241
5927
4659
1021
-2518
-3458
-1449
327
1031
60
-1851
-1526
768
3340
4885
2872
-1766
-3566
-1607
711
1929
1292
-302
-765
-477
322
919
43
-1363
-2416
-2564
-1153
587
-342
-2092
-4739
-5130
2892
6447
4974
3299
-3738
-3421
2603
6000
6922
1350
-4841
-7496
-4586
1252
3934
3495
-53
-3167
-2958
588
2182
189
-1422
-4537
-3664
2792
5651
5035
2652
-1816
-3160
-906
13
49
-104
-2077
-2562
332
2968
3654
1782
-2296
-4228
-1666
1316
1873
1264
113
-357
-86
960
1912
1414
307
-2126
-3286
-2325
-835
-726
-2724
-4445
-5592
872
7695
7041
6699
505
-3591
746
2967
3917
1052
-4691
-8958
-7749
-602
4088
5001
2242
-815
-658
994
2843
1558
-496
-2892
-5103
-1629
2585
4038
4007
619
-2316
-1340
936
794
-1614
-3454
-4044
-1931
781
1627
2156
804
-1178
-824
675
2111
2636
1331
-356
-255
909
1640
243
-1661
-2106
-2595
-1452
367
956
470
-1923
-5285
-5953
800
6341
5428
3755
-589
-876
3456
4319
3297
-1321
-5950
-7710
-6087
570
4984
5419
2583
-801
36
1575
1409
-570
-2650
-4655
-5487
-1793
1451
2866
3163
-343
-2889
-1198
1771
2599
1131
-641
-2252
-1165
1958
2659
1296
324
100
-383
88
1588
1474
149
-1123
-823
687
884
22
-1483
-2693
-2204
-574
-204
-897
-442
-1437
-3770
-5166
-2659
4497
6714
4557
2358
-175
3018
5866
3848
645
-4352
-6758
-7131
-3910
2551
3602
2323
133
-1665
643
2462
1772
-1761
-4486
-4556
-3869
-337
2366
2757
2340
704
307
1688
4366
3905
-215
-2323
-2524
-809
552
-281
-718
-875
-253
147
711
2185
1662
85
-1857
-2430
3
910
-810
-2043
-1382
61
863
1081
221
-1299
-2201
-3699
-5423
-1585
4772
4751
2248
409
232
4362
5670
3002
-52
-3793
-5487
-6209
-3772
1543
2253
1078
341
982
4429
5228
2525
-1723
-4367
-4087
-3700
-2126
-409
744
1357
111
541
3556
5709
4092
-973
-3984
-2750
-1100
-1014
-2375
-2871
-775
609
1421
2655
3051
3033
975
-1648
-1276
671
469
-1875
-2747
-1365
1002
1939
418
-728
-410
-573
-2638
-4987
-2979
3026
4587
1658
510
895
2560
3562
2244
405
-1698
-3581
-5328
-5311
-1449
1492
-243
-1477
687
3952
6364
5202
2392
418
-1412
-2264
-2889
-2863
-1542
-1170
-2213
-2841
-148
4398
4769
1632
-199
-170
550
200
-1766
-2834
-2085
-1789
-1806
-198
2543
4684
3437
684
849
2223
1834
-1039
-3368
-2638
-1341
-959
-1830
-2214
-222
437
-1743
-3660
-3181
795
4447
3207
974
1336
2218
2784
2633
1614
628
-1397
-3321
-3056
-1300
784
245
-2334
-2623
-523
2007
3203
2340
1197
710
-224
-1070
-733
-435
-1308
-2903
-3606
-2320
394
2321
1849
1113
1814
2851
3032
1436
-693
-1628
-2739
-3698
-2486
-243
1228
1298
621
812
2409
3391
1787
-210
-736
-995
-1487
-1821
-1783
-1460
-1334
-1443
-1044
-602
-607
-246
653
2259
3227
2139
512
-125
974
2306
2154
1323
-17
-1136
-1681
-1906
-1093
-352
-902
-2035
-2066
-1366
-1011
-390
-253
-226
89
168
993
1936
1934
1010
298
339
410
566
180
-454
-405
-46
68
262
362
-465
-513
-265
-935
-477
618
1008
610
133
425
1164
1373
-80
-1240
-920
-1240
-2120
-2152
-1080
223
664
251
52
976
2032
1570
56
-629
7
364
-658
-1216
-192
635
381
-726
-1214
414
2259
1632
-583
-820
452
396
-631
-1502
-1317
-758
-390
257
1080
2363
2244
283
-996
-362
1183
955
-883
-1648
-659
-136
-1327
-2349
-1665
279
1334
428
-406
992
2394
952
-1215
-1399
169
745
-509
-1001
537
2034
853
-1316
-1277
895
1885
265
-673
127
993
575
-1079
-1624
-390
917
474
-1016
-564
1227
888
-1652
-2796
-1516
-298
70
-477
-469
1575
2100
136
-1215
-408
1585
1420
-361
-372
1022
1675
725
-513
63
1730
1832
129
-1282
-607
283
-1044
-2241
-1768
-376
457
-848
-1819
-357
1674
1778
-53
-1053
-160
283
-919
-1293
282
1790
1446
-434
-1533
-523
1168
689
-936
-1040
-47
1234
533
-790
495
1680
1353
232
-548
597
1701
947
-789
-1468
-320
-43
-1185
-1319
-269
911
702
-571
-1120
-851
-628
-1715
-1983
-239
1417
1969
654
224
1142
866
284
-354
-141
798
965
501
-146
-30
179
104
-239
-724
-46
111
-755
-884
-501
453
1003
146
-882
-947
-11
-75
-1223
-1263
-201
1168
1325
314
240
1046
1003
-60
-323
-47
-112
-276
-569
-452
124
523
-191
-773
-77
626
1099
441
-689
-412
-31
-414
-829
-963
-606
96
396
85
-172
338
788
298
-81
81
506
858
120
-615
714
1755
977
221
-815
-933
-272
-1213
-1717
-761
229
508
148
-1
73
349
36
-956
-367
1364
1881
849
-538
-271
908
411
-910
-1030
-316
-183
-821
-1452
-960
492
577
-544
-726
-278
35
274
304
471
970
906
-81
-472
803
2277
2120
456
-900
-1158
-1245
-1947
-2550
-984
1238
1168
-111
-487
1189
2909
2353
852
-133
-21
-114
-1337
-1907
-1192
106
487
-774
-1283
-60
444
-723
-2036
-1926
-81
1004
-208
-504
1631
3039
1942
-183
-433
1463
1780
-143
-1283
-383
950
700
-749
-1798
-1178
-120
-906
-2362
-1895
501
1241
29
231
1342
2107
1501
-298
-337
928
824
-641
-1361
-542
243
-314
-1391
-826
1144
2151
948
-583
-256
646
833
-604
-2099
-933
420
307
-534
-745
781
1114
-692
-1638
-796
263
344
-328
-269
723
1022
296
-812
-470
791
510
-235
-694
-168
1206
826
-389
56
1365
1499
229
-1291
-1561
-403
460
309
-87
335
823
-164
-1040
-648
-224
-437
-1404
-1389
118
708
311
-298
-271
690
741
292
234
433
1160
1131
336
280
604
330
-412
-564
-367
-116
64
-1044
-1573
-635
-382
-762
-620
523
1065
753
641
-148
-414
195
-164
-621
-158
555
1094
819
289
479
410
7
-492
-938
-387
349
-41
-1000
-1273
-672
472
1186
819
651
575
-400
-836
-231
6
-189
-649
-957
-365
-63
-572
-175
418
4
649
1415
1029
758
409
557
152
-740
-613
-521
-409
-579
-631
-417
-684
-428
21
204
467
1155
1452
888
926
638
-35
429
541
-281
-971
-1124
-771
-824
-1033
-586
-10
-55
-598
-630
-300
204
519
326
705
834
347
-204
-656
234
1376
1181
345
-106
150
56
-394
-435
-722
-695
-341
-778
-1326
-1528
-1258
-1144
-875
781
2291
2817
2175
1177
1530
1497
-6
-1358
-1469
-631
-166
-932
-1155
240
884
789
513
-786
-897
-122
-791
-1229
-569
321
1006
783
400
650
892
659
-451
-1527
-657
686
179
-604
269
1219
355
-631
-669
-259
140
-734
-1141
-339
59
495
348
-19
427
396
-108
-215
-84
380
799
172
-582
-96
722
438
-398
-98
806
767
112
-406
-197
733
530
-1202
-1713
-470
266
-27
-694
-803
-303
-423
-1049
-1250
3
1687
1639
846
763
1146
1133
129
-1215
-1377
-499
-171
-429
-401
703
1815
1266
250
367
705
-99
-911
-1247
-1409
-803
-519
-1196
-1203
276
1252
591
67
824
1155
-2
-1030
-1547
-1075
44
-85
-233
1119
2707
2412
1101
465
322
581
-235
-1566
-1824
-1773
-809
82
-480
-406
574
1064
922
155
-332
-375
-901
-1145
-665
90
640
375
525
925
457
487
383
-541
-1404
-1869
-904
207
644
1500
2019
1631
668
305
454
-197
-768
-1035
-1718
-1760
-1468
-1337
-48
860
898
929
783
2080
2239
434
-297
-659
-344
-712
-1813
-1030
-528
-478
9
-64
265
413
116
305
120
133
564
387
321
120
-341
-360
-777
-1053
-565
-330
297
1231
1616
1841
1349
627
-28
-922
-1101
-1076
-766
-144
59
258
66
-265
-579
-1164
-794
-46
-275
-215
281
151
143
129
-18
791
1573
1260
484
-384
-507
-19
-396
-941
-694
130
669
54
-531
-357
120
627
890
680
-280
-1078
-943
-484
-132
236
562
486
206
417
1021
993
73
-574
-182
-123
-917
-1173
-1289
-1151
-443
-266
305
1323
1474
998
314
-201
-472
-575
-343
-149
-336
-293
219
752
1215
1203
949
776
229
-458
-754
-817
-1342
-1295
-433
-219
-67
89
-9
263
613
426
-90
60
595
561
-91
-306
78
-392
-1051
-916
-633
-198
305
589
338
-69
833
1977
1762
966
110
-691
-1245
-1039
-781
-853
-130
128
-171
-24
-136
-497
-824
-326
312
467
1249
1362
666
427
-93
-470
-141
225
232
-67
-251
-183
-284
-992
-1354
-1253
-1342
-417
741
255
-488
-27
667
1466
2043
1299
608
194
-569
-1007
-844
203
945
615
31
-621
-829
-642
-758
-811
-835
-348
870
1256
829
302
356
462
-223
92
1031
819
-562
-1632
-1355
-627
-2
63
-86
-304
-177
617
559
567
1093
987
514
-297
-607
-266
-405
-295
270
261
90
-175
-759
-744
-144
-342
-1218
-1544
-1165
-67
647
497
494
830
1687
2137
2121
2111
1262
-335
-1813
-1444
-404
-600
-557
-602
-1088
-1168
-1342
-1575
-1173
-121
451
114
160
1442
2549
1958
815
267
251
361
-349
-1328
-1279
-335
512
410
14
182
418
539
328
-161
29
487
-80
-1083
-861
-48
115
-289
-812
-537
-246
-371
-32
347
482
70
-572
-1262
-1307
129
648
360
418
-179
-211
567
1260
1991
2631
1986
-36
-822
-730
-1045
-1167
-1329
-642
39
-631
-1347
-1424
-496
1070
1967
1240
215
775
1032
35
-728
-1181
-1023
-155
-207
-769
-274
136
355
814
936
1119
540
-442
-456
-269
-27
233
61
279
802
769
255
-939
-1231
-241
-441
-707
-765
-1122
-369
210
505
496
-362
-724
-829
-605
308
946
711
28
76
983
1754
1796
1357
828
357
-207
-844
-1164
-1055
-658
-558
-680
-769
-1044
-545
311
85
-14
647
808
346
-203
-560
-656
-115
796
704
262
332
367
335
152
257
591
731
987
471
-598
-764
-752
-988
-700
-214
-113
-312
-305
-45
132
192
9
-347
-465
-158
-194
-553
-395
-458
-425
-5
-33
445
1109
1096
779
138
196
618
129
-318
-307
84
689
401
-271
-226
-27
-323
-689
-699
-600
-309
-260
-463
231
990
1014
544
-265
-297
140
30
-277
72
743
442
-8
90
241
491
-131
-1343
-1467
-681
12
-180
-691
-266
616
794
124
118
1045
1504
1153
-139
-996
-443
-13
-428
-720
-220
-42
-75
-115
-526
28
329
-242
-270
-125
524
904
97
-271
433
928
285
-100
236
126
-6
-593
-1254
-565
135
-125
-739
-583
455
717
-27
-694
-492
260
426
-10
354
1679
1728
578
-180
-745
-510
-133
-870
-1111
-386
269
363
-302
-433
626
1100
348
-199
-85
163
30
-548
-926
-657
-52
-239
-783
-431
455
883
361
-91
81
544
286
-660
-352
271
264
-106
-530
227
1088
877
-61
-655
-60
643
516
176
720
1280
555
-707
-1364
-1004
-824
-1202
-911
-453
424
1104
-160
-690
131
393
587
208
-116
448
595
432
208
-126
114
-64
-908
-1213
-647
414
319
-91
394
963
1352
382
-551
-389
-344
-323
-630
-655
-316
-54
-140
-474
86
328
54
221
162
409
526
-130
-28
502
404
368
392
82
-135
-342
-1200
-1867
-1355
-388
340
721
955
1701
2279
1293
432
588
221
-514
-1454
-1790
-1369
-1587
-1451
-522
-51
202
521
705
1188
1460
1171
480
-205
-25
109
-31
-142
-330
-233
-271
-90
104
-107
-306
-545
-671
-633
-185
213
14
-7
137
103
505
885
776
902
817
251
-664
-1386
-1042
-648
-518
-50
611
976
780
238
-525
-756
-651
-709
-161
355
239
207
195
388
686
-133
-1212
-866
198
745
657
145
-190
213
430
-266
-881
-427
442
520
4
-92
499
860
465
-251
-612
-331
36
146
-19
221
821
467
89
606
684
-18
-994
-1411
-847
-702
-809
-598
-416
377
684
379
488
426
398
-95
-897
-787
-126
483
-4
-1040
-443
500
364
572
1020
1251
988
-233
-980
-683
-83
-103
-753
-603
259
870
322
-543
191
952
558
-229
-934
-301
962
877
-54
-289
100
256
-267
-1194
-1144
-514
-452
-595
-616
-44
882
1207
562
426
1273
880
-195
-451
-20
362
-464
-1423
-1565
-1211
-643
-616
-439
670
1867
1778
345
-30
989
1143
297
-533
-575
358
721
-192
-650
4
620
417
-691
-1200
-511
-551
-1351
-1130
53
1269
1723
687
44
771
916
51
-908
-497
-1
-1002
-1300
-1097
-1004
-66
325
-223
21
789
1269
1395
662
458
556
-44
-174
-752
-1251
-725
-520
-329
215
746
799
-154
-1082
-654
33
-176
-22
817
1095
552
-533
-1317
-549
818
1189
1172
1422
1410
677
-326
-990
-1468
-1333
-711
-785
-719
79
626
677
492
482
208
-276
-558
-1059
-1045
-285
153
271
1007
1698
1083
-116
-740
-683
-344
-264
-915
-1250
-611
308
791
441
590
798
266
6
-41
136
253
723
957
-26
-648
-1020
-1337
-965
-525
55
371
102
426
997
854
237
-444
-377
325
752
366
24
605
710
253
-287
-1332
-1683
-919
-557
-441
81
141
395
608
431
619
74
-243
-49
-306
-147
-61
-51
151
362
250
-448
-578
-316
12
335
267
594
913
881
689
-96
-847
-783
-134
-32
-386
-425
-408
-15
373
448
481
244
115
-80
-373
-547
-150
799
592
-193
-589
-819
-562
-479
45
819
355
-426
-1009
-989
-296
-51
285
842
1144
1315
789
190
381
471
282
-220
-1042
-768
19
63
12
-99
-231
-243
-513
-672
-484
-233
-111
-319
-482
-186
560
1490
1629
1239
967
331
-414
-987
-1301
-1221
-728
-193
114
634
779
713
590
65
132
-28
-591
-604
-504
-224
-321
-617
-529
-269
199
-25
-235
237
213
6
-57
148
208
-351
-261
142
698
1513
1150
863
727
255
578
103
-265
11
-642
-674
-610
-983
-730
-481
-441
-581
-895
-718
-66
171
421
518
537
1465
1124
-137
-218
-298
-470
-799
-1235
-574
339
456
333
101
-312
-421
-547
-571
233
1073
1631
2242
2121
1175
299
-216
-763
-1465
-1909
-1615
-691
113
907
1458
1008
92
-631
-741
-516
-560
-804
-809
-228
378
460
-17
-21
221
-824
-1067
-30
30
158
677
629
742
842
400
-83
-769
-1201
-513
102
278
800
1116
1057
1024
655
-181
-508
-420
-757
-599
8
164
222
-67
-735
-1148
-1340
-1396
-1178
-543
496
1355
1516
1427
1467
969
-41
-391
-257
-36
438
434
200
-68
-361
-268
-596
-1019
-991
-776
-311
288
821
879
807
427
-158
2
-22
-257
21
239
290
103
-18
318
-159
-1296
-1684
-1897
-1584
-505
73
546
1110
1222
971
348
-40
48
-204
-253
261
583
993
1210
1043
1101
1164
764
25
-438
-975
-1326
-983
-1098
-1622
-1722
-1091
-205
379
1058
1238
1045
1216
1095
509
-178
-522
-804
-1206
-979
-610
-417
-50
539
1087
566
-322
-570
-761
-665
-397
-395
-413
-110
646
1205
1252
1208
1278
864
296
386
113
-323
-341
-671
-988
-1180
-1174
-710
-298
6
83
-8
332
915
1190
828
351
229
189
544
831
614
243
-338
-844
-1121
-849
-723
-1372
-1442
-1083
-887
-382
179
194
-230
-199
128
252
729
1369
1332
822
488
166
187
1063
1470
900
224
-285
-609
-1304
-1509
-755
-456
-142
-180
-798
-445
87
204
478
557
687
1314
1368
950
870
-108
-1025
-1180
-1744
-1367
-550
-489
-308
-238
-3
385
0
58
956
1456
1882
1560
598
524
333
-50
-360
-980
-1427
-2361
-3008
-2337
-1919
-1804
-897
-161
329
1183
1424
1618
2166
2482
3468
3992
2821
1362
-168
-1585
-2171
-2774
-3147
-2007
-925
-1073
-1027
-881
-608
-80
429
1464
1638
1490
1904
1515
1255
1105
638
519
163
-377
-908
-1330
-1065
-706
-728
-774
-801
-667
-499
126
486
-585
-865
-63
-122
-168
114
-858
-1713
-1443
-1021
733
2039
2265
2494
1172
802
1386
1023
1499
1274
-482
-1366
-2041
-2647
-1743
-1114
-485
113
-783
-281
836
710
1148
1321
1214
1739
1202
24
-712
-1439
-1174
-756
-878
-408
-234
-680
-872
-744
-437
272
568
718
1074
750
1130
1482
1209
1390
1282
966
97
-949
-1522
-2068
-3081
-3647
-2896
-1800
447
1711
1113
1355
1217
1448
2307
2281
2480
2413
792
-1070
-1950
-2588
-2466
-2310
-2169
-434
457
20
-711
-1508
-529
776
1044
1323
1222
818
-160
-1470
-707
1075
1890
2469
2249
1530
1224
576
-279
-631
-555
-627
-1390
-2406
-1862
-169
657
730
881
1120
795
56
-1234
-2162
-3068
-4133
-2141
-105
1612
3499
2444
2281
1220
151
2092
1765
925
71
-2382
-3837
-4493
-4345
-2051
1139
2374
2622
2351
1199
759
-258
-621
1160
1548
801
366
-694
-786
-329
209
1482
1154
591
525
-1037
-1439
-685
-1056
-912
-1003
-1725
-1205
-552
165
1220
2401
2782
1999
1947
1087
-404
-1756
-2976
-5001
-7488
-4125
-704
816
4839
4888
5007
4881
2186
2863
1730
-49
-241
-3738
-6198
-5317
-4408
-1949
1597
3066
4211
3372
260
-778
-1618
-1726
-160
-589
-1626
-1887
-2789
-1943
932
3068
5088
5401
3155
1419
-278
-1802
-1737
-1579
-1445
-1082
-1057
224
1774
2000
2182
1812
449
-632
-737
-1677
-2238
-2616
-4306
-4308
-6035
-4701
1029
3788
8775
8668
3395
1991
-1020
-1371
543
-386
-844
-2428
-5526
-5606
-2747
171
4438
7015
5249
2781
-585
-2989
-2245
-2276
-2230
-1501
-2857
-2794
-1060
860
3865
5279
4738
3447
1970
382
-1219
-2235
-2715
-3258
-4769
-4595
-2014
599
3354
4611
4089
3644
2417
868
-175
-749
-1242
-1974
-3690
-6004
-6030
-7024
-3574
4143
5537
9013
8024
1388
1057
-1584
-1728
666
-1740
-3495
-3916
-3771
-1940
2762
5539
6146
4789
-281
-2203
-2948
-3228
-1134
-1579
-2384
-2194
-2290
-369
2312
4151
4773
3528
1697
118
-317
-649
-1091
-1267
-2425
-2975
-2962
-2476
-889
1164
2902
3236
2645
1491
-41
-1020
-1474
-2257
-2142
-1543
-380
356
-631
-1456
-3267
-80
3833
4109
6783
2159
-2667
-1821
-2662
416
3007
1435
-1063
-3229
-4429
-2582
1598
3034
4336
2926
-700
-656
-616
-295
514
-593
-1600
-2454
-2512
-232
1105
1643
1688
-577
-1625
-782
577
1244
685
-503
-2156
-2281
-1088
679
2176
2805
2423
1329
709
562
584
-406
-1009
-1473
-1450
-583
-825
-920
-2041
-2825
-4194
-2643
3329
4807
6369
4039
-1899
-829
192
2292
4541
1395
-2573
-5057
-4762
-3158
-238
2099
686
-747
-1389
-843
1920
3793
2761
-451
-3316
-4062
-2180
1297
3120
2241
-48
-1295
-35
2380
3431
1617
-1172
-3820
-4676
-2621
-870
274
936
410
530
1419
2697
3633
2641
977
-146
-766
-795
-148
-242
-1973
-2149
-2587
-3245
-2971
-2486
2706
4268
2809
3383
-803
-516
2267
1754
2613
507
-3537
-6086
-4502
-1310
464
2349
2130
1802
1893
1687
1155
-160
-1308
-3462
-3765
-2143
-1029
683
752
-258
268
1447
2968
3540
2670
1004
-1021
-1740
-1809
-718
1066
399
-569
97
1180
2097
1858
158
-1540
-1577
-470
-29
-173
-784
-1825
-2704
-2834
-778
765
691
-1544
-3398
1403
3657
3237
2929
-2293
-1188
3254
4218
4089
388
-3542
-6170
-4345
-1235
-150
1744
48
-1752
-333
2320
3787
2587
799
-2656
-2835
247
644
813
-258
-1932
-985
909
3305
4505
2460
-1305
-3325
-2488
-1586
-1184
-1284
-1770
-653
1694
3140
2148
863
593
227
687
1284
910
117
-1278
-3120
-2442
-306
327
-72
-1921
-3018
-4093
-1927
3022
1727
1251
958
-383
4217
6446
5401
1888
-3445
-5480
-4303
-5
418
-2029
-2506
-2322
292
2935
4427
3224
837
-456
-2762
-1428
19
-1961
-2302
-2336
-378
3592
4966
3118
-183
-1185
-729
-131
773
-502
-2196
-2198
-1125
517
1624
1005
-539
-97
1577
2591
2842
809
-2953
-4523
-3268
-1521
237
650
496
-146
-1569
-2179
-3571
-258
3657
1492
2027
833
6
4686
5333
3490
-30
-2942
-3421
-3632
-555
-811
-2794
-1605
-878
1911
3941
3295
1403
-198
212
-1276
-1591
-1238
-2632
-1218
-72
760
2030
1439
554
-408
509
1633
779
-685
-3160
-4086
-2936
-1399
-90
762
2191
3217
4338
4835
2668
110
-1776
-2704
-2230
-1332
-716
-734
-1005
-1026
-493
-372
-1606
-3879
-2434
3440
4067
2112
1521
-543
2364
5414
3357
267
-3548
-3602
-2246
-1312
-177
-3107
-3761
-1160
1124
3877
3140
706
-1109
-1375
589
985
567
-633
-1788
-1011
-578
-492
-1261
-1614
-323
1321
3497
3596
1692
353
-638
-858
-1058
-1582
-1005
94
1173
2104
1675
277
-1122
-1485
61
1539
1707
1121
-293
-1154
-711
-846
-1821
-2892
-3091
-2827
-2103
2533
4791
961
-442
-430
1443
5692
4573
429
-3023
-4010
-2763
-3125
-2115
-1437
-2042
725
3439
3651
1853
-424
309
1906
1607
563
-1376
-3316
-2793
-1537
-243
469
-694
-23
2008
3512
4270
2211
-1075
-3599
-3497
-1316
-228
787
1815
1903
2153
1678
490
160
-99
-3
-188
-1564
-1927
-1304
-382
-344
-1329
-1417
-1169
-1140
-1497
-2093
-3171
-1987
1964
1774
326
1468
2102
4868
6732
3445
10
-1334
-589
-61
-2358
-4058
-5171
-4653
66
2893
2064
1118
1079
3179
4439
2714
977
-1159
-3291
-3126
-2771
-2123
-404
749
1775
2081
1714
872
-1190
-1746
-578
-647
-1306
-1854
-2021
-443
969
1330
1008
313
1555
2323
1462
823
-189
-401
-599
-928
-376
-562
-667
-669
-1657
-2068
-1666
-2455
-1689
2417
2734
-431
-831
516
3226
5261
3705
1326
65
404
811
-1035
-3612
-4917
-3692
-885
925
529
-1132
-433
2327
3245
1664
259
558
306
-74
83
-1184
-2548
-2800
-1675
473
1336
752
287
307
900
1775
1573
757
447
44
-1241
-2934
-3294
-2247
-696
661
1631
2676
2894
2704
2461
644
-1480
-1735
-1309
-1505
-1630
-2037
-2660
-3121
-2986
74
3659
3568
1646
1223
3319
4939
3039
156
-934
-898
-741
-894
-1931
-3156
-2940
-1416
-744
-1990
-3257
-2553
164
2731
3263
2651
1964
1857
2141
1563
143
-1119
-1811
-1832
-1191
-1070
-1644
-1821
-867
692
1033
1271
1812
1529
1498
733
-582
-1152
-993
630
1680
1598
1610
1083
647
297
29
-315
-673
6
-82
-1709
-3333
-4019
-4010
-3811
-2908
-1514
557
2285
2609
2656
2652
3720
4131
1728
655
1271
965
1141
750
-1235
-2604
-2990
-2811
-2731
-3123
-2774
-1586
-541
528
1603
1227
1063
2150
1816
1332
1882
2257
2130
1198
529
-398
-1703
-1621
-769
-144
-669
-1683
-1353
-548
-93
-118
-664
-390
826
1123
283
-229
-156
210
737
1075
1108
1327
1874
1453
-118
-1808
-2859
-2934
-3059
-3444
-3230
-2106
265
2641
2463
1183
1392
2285
3445
2889
708
280
554
1016
1110
-582
-1961
-2168
-1778
-1116
-881
-1105
-672
404
460
-552
-1431
-823
1129
2052
1342
614
183
-53
39
-191
-332
126
922
1104
169
-288
-24
-145
-357
-258
-434
-786
-1031
-814
-14
-146
-335
-219
-504
88
388
304
811
1417
2069
1627
381
-370
-997
-1154
-740
-1084
-1150
-447
-590
-717
-462
-158
-268
-920
-142
1382
2304
2321
999
-41
-47
515
924
14
-781
-27
656
261
-645
-1352
-1271
-584
-263
-683
-922
-578
-195
-150
-110
143
54
-92
258
494
492
1095
1427
726
291
35
-629
-1007
-481
293
689
891
340
-390
-467
-859
-1463
-869
455
1625
2134
1112
300
-452
-1919
-1735
-862
-272
224
144
78
-416
-435
339
574
679
679
690
558
-25
-303
-915
-1531
-1283
-762
339
1456
1597
1149
906
843
86
-764
-1143
-949
340
1413
1076
102
-490
-501
-692
-1052
-955
-547
-205
-537
-723
-248
369
1275
1054
195
-197
-485
-183
-234
-41
583
449
164
-243
-200
664
1298
686
38
235
-248
-1224
-2018
-1477
-140
331
1276
1762
858
189
-279
-1112
-1672
-755
727
1170
1221
846
-75
-640
-1503
-2076
-1389
-336
833
1423
1611
1943
1778
720
-752
-1004
-839
-1003
-1010
-887
156
530
457
739
152
-119
-635
-697
217
-21
60
623
859
293
-1213
-1421
-1454
-1326
154
743
500
668
1226
628
-891
-790
-41
813
1490
1024
742
238
-298
-100
27
302
350
362
198
-403
-616
-939
-551
339
504
211
-416
-521
-528
-525
-723
-1187
-933
-1037
-538
374
678
902
403
1044
1789
871
448
153
-436
-758
-1227
-1732
-1460
-523
80
464
610
623
864
741
825
1346
1031
521
419
-122
-608
-674
-519
173
776
601
129
-477
-1094
-1287
-1353
-1184
-781
-509
40
365
205
554
1350
1182
316
1034
1800
1208
991
-14
-975
-1113
-1709
-1413
-1824
-2303
-1001
-834
-981
-171
720
1648
1952
2003
1623
170
-498
276
15
-543
95
332
667
1051
897
943
547
47
-502
-1575
-2159
-2549
-2923
-1829
-454
198
1562
2638
2846
2226
584
-271
-707
-1321
-1082
-125
551
301
171
170
-467
-310
420
36
-334
-506
-1039
-925
-870
-629
290
1203
1590
947
943
1013
169
-666
-1545
-1268
-656
-183
672
716
856
916
117
-619
-952
-1000
-289
502
93
412
611
-226
94
-261
-433
697
626
275
491
723
504
273
431
15
-332
-757
-1463
-1448
-901
-477
-828
-353
735
243
6
-225
-878
9
766
864
887
815
1261
952
592
912
518
-288
-1098
-1340
-1290
-1385
-1044
-950
-368
737
1017
1215
1259
1006
290
-1083
-1293
-841
-907
-269
467
403
398
637
1083
935
15
-172
-251
-851
-1154
-882
-285
263
983
842
789
1786
1110
-58
-474
-770
-313
-382
-338
-237
-710
-394
-1031
-1778
-797
-319
-378
189
1033
1039
531
531
188
64
279
-38
-384
-425
167
578
588
698
629
575
443
519
155
-546
-331
-369
-673
-588
-317
240
179
-93
-280
-1055
-1201
-778
-95
1023
956
267
22
-44
148
205
556
1026
671
-55
-375
-845
-1555
-1085
-198
118
500
655
558
335
66
-184
-1136
-987
652
345
-184
492
140
142
647
741
530
159
542
314
-388
92
504
203
-251
-741
-852
-681
-707
-808
-1249
-1622
-1071
-265
595
1642
2250
1771
659
297
-75
-663
-621
-790
-751
-366
40
835
1192
926
566
330
-65
-717
-941
-517
-195
-710
-836
-191
-151
31
746
958
937
645
-185
-983
-795
-102
-528
95
1707
1575
986
21
-674
-957
-1587
-1285
-1029
-460
332
507
781
805
599
-188
-411
-22
93
624
803
1065
804
52
182
-318
-493
-34
-396
-752
-1483
-1628
-936
-798
-250
-177
58
899
479
203
45
536
1588
1212
923
512
-170
-574
-1146
-827
-328
-93
255
1
-633
-1012
-941
-538
258
990
1109
1219
1297
1008
513
155
355
554
532
75
-422
52
-103
-1151
-1856
-2191
-1911
-1355
-460
451
568
583
1250
1680
1247
1197
1029
126
-336
-479
-561
-595
-189
498
149
-409
-558
-1206
-1273
-314
-389
-871
-192
-49
-571
-576
0
883
821
519
721
1140
1994
1719
583
-91
-732
-1070
-953
-64
868
305
-267
39
-279
-850
-963
-1039
-706
103
648
375
-137
64
207
-3
-10
-84
414
1084
869
516
43
-500
-734
-587
127
827
940
218
-394
-624
-1251
-1110
-104
109
-293
-195
76
129
321
545
438
242
481
488
241
324
49
-578
-1155
-1033
-204
-155
-410
-91
-59
-658
-1370
-914
650
1525
1533
1370
1229
1274
1307
701
-199
-544
-716
-768
-373
101
312
87
-433
-759
-1042
-1169
-526
-277
-562
-407
-324
-241
-44
576
1500
1680
1213
288
-422
-478
-750
-895
-588
-388
11
258
-32
-288
-620
-635
-56
209
706
1612
1137
178
29
-237
11
534
495
435
58
-244
-487
-1126
-995
-21
705
603
77
-178
-288
-89
-289
-1421
-1917
-994
367
741
803
1106
799
874
981
485
371
637
1156
1058
129
-548
-1194
-1645
-1090
-570
-881
-1011
-647
-330
-71
458
644
391
548
317
-502
-849
-613
-375
-435
-249
30
233
631
966
1289
1222
863
635
352
363
309
-320
-1152
-1522
-1223
-655
136
563
536
577
680
708
598
768
587
-139
-1298
-2377
-1853
-997
-217
370
33
687
1460
800
-407
-935
528
1827
755
-399
-237
682
1724
992
-778
-1444
-1430
-924
-587
-751
-842
-1252
-1320
-413
524
773
630
292
312
846
565
-44
-131
113
686
122
-889
-160
1193
1809
1043
-313
-452
-435
-597
-396
-538
-104
485
41
333
1448
1435
707
332
112
-368
-874
-920
-668
-402
-263
-527
-1114
-956
-159
126
344
397
-30
-325
-305
-404
-1317
-1792
-473
646
-141
-1123
-469
1499
2573
1703
827
951
1801
1599
-236
-1009
-1092
-1043
-175
54
-100
39
-41
124
308
-44
-327
-395
-120
265
-235
-879
-997
-962
-432
55
-33
155
633
1104
1464
1202
510
-157
-385
-222
35
414
398
-10
-299
-438
-666
-1156
-1484
-1152
-316
137
154
296
403
682
886
713
429
-14
168
526
-88
-876
-1248
-845
-176
-422
-569
288
996
731
36
29
1326
1983
414
-1219
-1379
-342
781
610
71
213
605
581
-6
-357
-512
-886
-799
-468
-205
184
183
590
846
-6
-318
-518
-669
-262
-316
-441
-530
-305
59
-134
-69
228
160
-176
-146
358
713
737
311
10
240
146
-101
-61
46
642
853
134
-235
-427
-746
-912
-929
-416
-31
-337
-381
169
870
1016
623
764
997
878
781
273
-402
-741
-1021
-1290
-1251
-905
-59
696
460
-31
156
1038
1297
470
-205
-393
-811
-1513
-1327
-757
-691
-593
-588
-456
187
680
566
482
833
1102
1030
907
704
400
308
338
180
-239
168
1024
801
119
-597
-707
-391
-762
-1200
-1416
-1212
-555
-41
508
1086
1006
274
-724
-1620
-1336
-155
247
-228
-632
89
1944
2608
1592
385
-69
710
440
-1282
-2144
-1814
-667
233
481
308
-51
62
707
1299
890
-91
-827
-805
-87
64
-234
-290
-41
453
629
527
545
273
-197
-415
-669
-1237
-1518
-757
56
543
1046
677
267
410
285
21
-483
-731
39
811
710
342
40
-41
356
134
-537
-224
-107
-623
-522
-188
69
152
-226
-695
-876
-543
-169
64
703
1403
1465
808
-15
-507
-717
-792
-905
-961
-559
515
1329
1102
1070
1189
807
542
-462
-1355
-1081
-1072
-707
-231
-107
525
470
-13
-10
257
343
-31
-118
-234
-154
151
-111
-173
127
429
635
769
352
-359
-459
-735
-847
-367
-120
-316
-648
-529
-101
365
674
760
733
704
765
598
574
510
133
-297
-953
-1215
-1093
-912
-548
-369
-234
266
834
815
334
-237
-389
-229
-546
-525
146
1096
1640
884
255
133
-128
-209
-385
-377
-223
-319
-185
6
-210
-445
-682
-959
-522
246
362
289
455
350
570
1193
1113
850
510
-3
-400
-922
-1070
-1181
-1173
-956
-951
-264
396
561
859
1034
1197
934
484
407
-151
-965
-1093
-710
-181
183
368
375
-23
-272
-456
-675
-550
-392
122
629
778
741
280
197
189
-198
-106
69
43
414
551
155
150
297
462
195
-887
-1056
-818
-1354
-1392
-806
-307
127
413
541
867
1280
1109
453
121
-15
-100
212
169
33
247
-160
-612
-678
-659
-142
355
567
811
560
-86
-355
-520
-900
-885
-272
290
743
1060
597
23
-312
-674
-519
-484
-657
-172
471
462
305
357
-194
-783
-996
-853
-10
358
639
1192
1066
981
309
-853
-719
-561
-621
71
454
624
624
368
131
-49
0
-510
-581
-281
-418
-44
-416
-782
-337
-363
-378
-37
867
1432
1444
1261
869
743
-360
-1098
-739
-822
-558
-677
-550
390
420
349
-9
-528
-116
78
169
133
-220
418
1083
752
516
518
108
-506
-1050
-1372
-1236
-1126
-666
-18
-25
77
50
249
822
735
979
1028
567
400
-219
-375
-212
-553
-359
-514
-861
-58
566
553
480
53
-467
-728
-593
-350
-296
289
914
737
563
626
657
301
-210
-189
-374
-833
-819
-590
-496
-306
-80
71
444
446
196
381
435
259
206
206
8
-347
-479
-138
283
396
542
343
-207
-285
-329
-675
-667
-115
475
567
524
621
234
-406
-949
-1158
-804
-653
-390
284
824
1370
1572
1106
429
-244
-1043
-1447
-1181
-956
-500
674
1142
467
443
679
93
-609
-847
-767
-828
10
1087
1095
1483
1336
409
117
-825
-1773
-923
-32
-435
-875
-1010
-567
342
315
34
390
617
399
327
540
375
49
-73
169
666
544
371
683
738
424
-372
-1064
-911
-754
-1052
-1201
-561
140
57
120
481
516
243
90
103
198
504
117
-291
-135
-234
-422
-578
-2
397
381
782
634
353
-208
-504
-591
-1299
-1011
-729
-808
164
1086
1169
1135
1101
703
199
-333
-294
-74
-315
-455
-851
-819
-94
162
38
122
325
12
-326
16
625
1249
1282
760
673
742
544
-172
-881
-793
-1040
-1401
-1129
-791
-415
-353
-574
-483
-148
210
348
80
57
193
-117
-147
199
953
1666
1089
553
625
133
-210
-485
-771
-267
-156
-626
-751
-197
252
-33
298
472
284
886
1089
618
293
215
-464
-1281
-1119
-600
-355
-566
-300
280
19
-275
-184
138
638
623
103
19
388
-69
-1024
-669
269
353
244
465
493
34
-383
-804
-1357
-1308
-510
303
722
1159
1158
911
862
298
53
403
603
480
268
210
-144
-646
-942
-942
-797
-646
-507
-401
-272
-475
-718
-577
19
644
654
53
-381
-57
261
882
1373
1133
1158
408
-900
-1107
-614
-316
-331
-205
225
668
1208
1576
1010
329
-189
-1098
-1821
-1497
-601
-703
-868
-571
-83
764
998
1188
1382
1150
658
199
-59
-729
-1123
-1414
-2027
-1854
-974
-199
826
1485
1099
924
377
-153
178
320
610
561
317
351
89
291
694
700
851
867
385
-382
-1072
-1096
-1263
-1840
-1713
-1442
-1074
-254
186
367
625
502
244
207
-75
-384
-175
454
653
403
792
1255
1172
870
393
34
-364
-849
-757
-331
-110
-118
-316
33
690
699
527
124
-668
-860
-762
-853
-239
114
-36
538
292
-302
61
32
-12
206
303
613
799
566
-77
-605
-527
-448
-899
-856
-171
-227
-173
373
250
268
501
88
-392
-437
-293
30
473
685
951
1056
900
959
676
131
-379
-1148
-1968
-2222
-1600
-788
-147
458
961
1221
1263
986
190
-90
52
-513
-968
-715
-290
-147
84
665
746
928
1347
689
3
-274
-682
-648
-801
-1073
-825
-195
698
1300
1432
793
-41
-276
-791
-1283
-1128
-843
-432
-129
-44
473
855
694
704
340
-154
75
92
-260
-349
-512
-777
-533
-173
-198
-137
227
619
651
776
1113
701
45
-76
-72
-116
-245
-164
113
-145
-366
-248
-116
292
555
500
-264
-921
-715
-1106
-868
85
-32
67
790
1072
502
33
183
232
248
-4
-257
-251
-209
-214
-717
-580
243
416
359
172
-36
27
-51
-180
-107
182
660
1004
685
172
-246
-1099
-1644
-1529
-906
22
251
418
624
75
-452
-826
-687
157
712
802
461
304
664
813
698
558
658
731
556
447
82
-120
-44
-450
-845
-1012
-829
-459
-610
-470
-142
250
943
719
-65
-562
-608
-822
-1153
-271
619
659
546
657
638
49
-55
-246
-905
-1266
-1350
-582
113
325
901
1282
1259
788
82
-171
68
269
-124
-167
528
261
-491
-25
502
199
-116
-44
314
-6
-473
-365
-446
-115
-311
-1008
-691
-383
57
325
365
963
922
396
-75
-572
-937
-1055
-774
-561
-400
117
811
1221
1485
1309
565
263
90
-261
-652
-609
-10
-260
-516
-316
-593
-807
-638
152
265
-390
-191
-17
214
570
430
294
-44
-28
164
-127
-262
-182
226
457
304
416
368
583
1168
937
328
73
-298
-1017
-1510
-1447
-958
-176
245
242
260
190
-14
-326
-243
108
262
709
1121
1052
580
134
187
-226
-885
-674
-601
-960
-858
-439
-246
-385
-84
401
275
94
-227
-232
358
409
209
423
994
1061
284
-155
148
422
77
-135
-132
-580
-947
-949
-602
-304
-484
-654
-288
343
614
961
1739
1789
655
-168
-482
-777
-553
-384
-32
610
477
180
-166
-570
-387
-541
-985
-948
-834
-686
-510
133
922
888
942
1207
774
-38
-366
-293
-304
-90
119
89
225
266
-129
-382
-553
-483
441
838
558
401
202
-281
-722
-293
-183
-307
-310
-220
808
931
849
735
-520
-448
-163
-1025
-1465
-1059
-485
-531
-323
20
7
289
486
862
1259
911
659
683
524
420
126
-505
-933
-1077
-1394
-1567
-845
316
1194
1475
708
-113
-48
-2
-102
-368
-558
-49
299
572
749
681
607
-168
-685
-552
-145
116
-394
-122
682
625
235
-38
-199
-756
-1342
-1138
-767
-517
246
816
428
171
392
349
272
356
251
331
462
195
17
63
340
315
-132
-81
9
-133
-173
-279
-349
0
425
-11
-204
14
-207
78
-141
-716
-318
23
32
-318
-692
-685
-627
-654
-409
396
761
971
1283
1052
554
64
-24
-381
-772
-726
-740
-236
176
355
482
-4
106
754
937
1111
915
273
-482
-1342
-1321
-963
-754
-409
-211
567
854
798
1241
557
85
102
-669
-1007
-1145
-1050
-226
279
349
195
-43
77
493
725
535
491
309
-211
-165
-19
-156
-15
322
116
-766
-1107
-1079
-1068
-156
694
811
841
649
138
-463
-337
-166
-738
-522
-77
-362
-386
-11
561
713
197
236
707
644
531
417
253
439
103
-707
-490
464
423
-306
-105
226
-305
-504
-394
-584
-260
349
359
-113
-166
220
53
-342
-627
-979
-875
-118
287
253
881
1280
794
405
378
-114
-857
-566
-70
-5
-116
-278
2
58
-200
-240
-95
582
1320
818
280
578
15
-829
-1107
-1331
-1416
-1022
-398
-37
830
1501
1194
753
508
420
4
-343
-280
-263
-427
-29
794
291
-420
-428
-1187
-1783
-969
46
242
257
364
496
643
731
782
507
306
82
-452
-533
-7
704
875
449
110
-149
-321
-523
-925
-835
-546
-655
-318
-44
-341
-242
-215
-192
265
732
1449
1536
1043
998
427
-500
-1140
-1399
-844
-674
-940
-726
-549
67
1013
1318
1271
1126
703
128
104
325
187
204
270
163
-260
-804
-1294
-1877
-1714
-1269
-963
-311
113
665
1481
1755
1026
146
216
103
-53
107
-262
-322
-306
-207
372
405
261
-11
-413
-354
-542
-517
289
548
417
772
661
-6
-371
-301
-236
-310
147
58
-490
8
-61
-478
-29
189
249
128
-71
164
202
-183
-322
-68
-139
-214
-121
-268
-67
165
-1
-103
50
329
509
655
795
770
469
128
9
-130
-620
-1021
-931
-864
-432
345
538
539
486
-58
-544
-520
-552
-484
-172
-121
-188
-350
-154
196
237
339
318
547
496
1
68
149
487
790
589
896
743
89
-174
-896
-1244
-704
-435
-328
-231
-219
-53
-165
-307
224
545
515
726
592
356
253
64
-223
-873
-1320
-1161
-797
-122
1073
1572
940
390
6
-166
-308
-462
-5
31
-599
-752
-410
-85
222
458
446
394
-100
-553
-137
38
-213
-189
-97
-125
-118
-1
70
287
560
615
593
576
451
-30
-369
-311
-245
-221
-69
166
-180
-626
-794
-861
-455
-175
7
106
-3
154
469
945
1202
1160
1093
1199
569
-996
-1402
-1334
-1215
-422
-88
12
-75
50
521
544
448
-104
-494
-122
261
652
724
331
-256
-764
-1014
-780
-56
-109
-322
