627
1048
2000
2249
624
-1266
-2145
-2168
-1711
-1317
-945
-18
904
1867
2441
1830
766
-125
-922
-1742
-2041
-2097
-1702
-981
-363
2168
5222
5367
3025
121
-1847
-2746
-3274
-3006
-1740
-617
-59
165
-4
-93
647
2040
3186
3031
1258
-560
-1574
-2439
-2793
-2149
-1130
-258
469
1275
1966
1944
1730
958
-250
-573
-1214
-1927
-1611
-1148
-495
229
502
786
1024
890
1021
748
-36
-314
-125
1103
1298
-776
-1979
-1961
-1765
-1122
-438
336
1114
2037
3459
3435
1420
-989
-2879
-3682
-3329
-652
2266
2390
1340
-851
-2037
64
1315
386
-764
-1265
-880
-443
-125
-23
-346
-478
53
1136
2213
2806
2293
1122
49
-1026
-1705
-2287
-2362
-1307
-133
480
802
1273
1266
979
621
-270
-988
-1510
-1678
-1199
-708
-435
54
591
1235
1960
1824
1275
108
-809
-545
-637
-552
-815
-1218
-401
277
1492
2515
1060
-623
-1296
-2002
-1979
-1052
377
1265
947
786
463
153
632
769
768
974
666
-13
-785
-1555
-1463
-929
-557
269
457
-180
-520
-689
-680
-393
38
172
-45
5
454
747
631
790
1137
1074
739
184
-531
-1147
-1054
-221
594
1426
1653
533
-636
-1151
-1664
-1961
-1695
-1147
-211
662
828
861
692
338
539
866
759
110
-652
-920
-848
-500
12
783
1167
185
-528
-119
119
-105
106
855
1045
935
251
-1011
-1608
-1854
-1656
-1291
-264
1089
980
1185
1852
1823
979
-997
-2147
-1891
-1048
113
952
1607
1549
462
-489
-895
-590
136
566
996
1105
589
-413
-1619
-2405
-2583
-1993
-745
883
1701
1758
1960
1928
1905
1249
11
-1234
-1810
-1351
-981
-490
-823
-1054
32
514
961
1650
1389
195
-569
-651
-781
-717
-999
-1233
-268
1226
1816
1613
637
-755
-1517
-1932
-1116
204
1155
1846
1429
1073
-7
-1039
-742
-1188
-860
-89
45
870
1140
1062
466
-753
-1622
-2319
-1249
241
611
1009
1099
964
664
768
1087
1073
774
259
191
-296
-741
-1271
-1984
-1534
-1286
-1110
-712
-290
637
1266
1536
799
-449
-1031
-1493
-1241
-588
-70
1416
2750
2480
1561
432
-755
-1006
-796
-578
-542
-740
-97
206
552
845
-98
-206
-529
-587
45
384
1004
661
577
-319
-1010
-470
-955
-313
-102
148
661
-388
-391
-229
99
485
288
440
144
-19
-97
-384
-580
-474
239
674
567
148
-248
-268
-179
31
166
238
296
64
209
549
354
-317
-1053
-1189
-316
692
710
1129
1304
498
96
-750
-927
-537
-957
-1057
-723
-180
224
282
116
183
79
-360
-26
341
372
203
-183
-225
-200
19
533
550
500
448
60
167
-236
-730
-187
63
106
358
410
109
-171
-823
-823
429
1018
1500
1098
-129
-449
-821
-1127
-918
-758
-878
-538
-470
-709
-516
-236
1204
2264
2360
2114
1104
133
-1402
-1834
-840
-617
-149
353
83
61
-61
-582
-747
-734
-684
-162
1052
1405
741
259
-633
-984
-1072
-1028
-267
135
974
1873
2133
1583
259
-706
-963
-812
-995
-964
-1088
-865
34
-151
143
746
606
691
949
1130
914
600
-260
-1130
-1431
-1167
-110
346
525
94
-403
174
192
-249
-597
-154
-85
-79
902
18
-544
-284
-987
-272
992
1700
2385
2275
1036
-299
-1747
-2596
-2031
-2057
-1691
-650
141
1261
1275
1218
1614
1207
527
-153
-328
-498
-1069
-1124
-977
-611
310
605
930
1686
1135
496
105
-669
-599
-601
-733
-432
-208
232
109
-387
-357
-141
454
1002
964
832
428
-728
-1617
-1773
-1516
-410
366
821
1114
435
367
187
-215
173
411
680
534
253
-391
-972
-384
-226
-12
26
-120
116
-529
-418
-7
6
470
323
330
325
160
462
245
-392
-645
-530
-691
-395
256
670
1052
674
377
-25
-371
-266
-405
268
386
160
445
88
-191
-887
-1100
-481
-184
467
703
433
65
-724
-1317
-1280
-476
-12
62
849
988
832
654
-330
-126
311
97
491
579
243
-188
-406
-162
104
-124
-294
159
163
179
69
-544
-288
-136
-642
-663
-464
-172
312
518
545
327
11
66
307
650
884
848
334
-339
-602
-847
-1073
-1021
-738
-405
-5
428
960
1247
625
140
-55
-84
400
2
-817
-885
-869
-804
-536
3
615
643
703
607
459
938
546
-10
-202
-763
-822
-855
-573
98
350
478
479
531
476
185
37
-312
-1121
-1539
-1434
-925
-149
138
513
765
857
967
749
883
520
16
131
303
551
229
-575
-1223
-1166
-720
-285
228
464
769
783
760
665
30
-153
-226
-423
-864
-1169
-888
-939
-584
73
461
906
1133
1169
624
114
-22
-587
-981
-837
-759
-375
481
601
430
493
302
213
157
344
347
-72
-465
-1093
-1106
-456
241
924
890
462
474
397
-23
-370
-602
-484
-61
464
267
-252
-60
-546
-559
57
-377
-164
-58
-431
-116
-63
-5
372
658
493
442
440
-336
-701
-755
-388
604
914
1101
1108
1040
841
-243
-919
-1347
-1604
-1443
-1430
-641
165
557
1035
784
470
617
968
864
50
-276
-456
-921
-1196
-956
-175
588
1084
1079
1155
819
-119
-365
-612
-381
-32
-570
-662
-777
-924
-708
-557
-179
115
425
952
1139
759
434
293
88
194
164
131
294
-15
-89
-15
-147
90
-89
-387
-464
-1105
-1106
-576
-259
325
177
-46
459
512
452
488
210
102
304
247
113
205
-320
-1066
-1015
-500
24
494
667
469
495
521
433
226
-537
-657
-300
-401
-240
-378
-804
-482
170
956
1576
1447
1260
1103
509
-370
-1283
-1677
-1437
-986
-789
-692
-233
178
288
22
-431
-176
804
1335
946
582
359
-47
-149
-241
-396
-796
-1285
-488
488
899
1482
1393
862
325
-492
-1135
-1369
-1657
-1903
-1086
560
1934
2451
1898
804
90
-511
-1294
-1676
-1717
-1003
-189
-56
156
77
296
1117
1404
1137
527
137
76
-137
-50
110
-189
-570
-952
-679
88
383
605
472
-39
-416
-411
-307
-484
-51
298
112
-234
-1066
-1086
-317
131
784
1499
1257
420
5
117
1048
2090
1557
153
-992
-2114
-2699
-2391
-1527
-456
324
716
662
417
326
404
881
1219
1073
697
-366
-1529
-1767
-1011
369
1053
777
389
285
305
-169
-431
-428
-563
-293
-50
156
289
447
775
616
333
-139
-659
-474
-180
-7
177
-85
-537
-681
-587
-253
75
441
836
379
-480
-600
-358
163
966
697
-206
-756
-1187
-801
-371
5
1230
1758
1665
1754
1427
559
-431
-955
-1279
-1312
-1197
-1218
-878
-911
-973
-529
-339
310
1245
1670
1876
1618
971
62
-669
-632
-624
-743
-772
-805
-432
98
809
1473
1325
334
-1012
-1786
-1545
-804
-446
-589
-647
-134
596
1195
2120
2322
1667
917
-350
-885
-682
-845
-543
67
448
438
-316
-856
-1129
-1487
-1269
-1139
-514
747
1207
1418
1196
603
332
226
476
576
217
-279
-640
-912
-804
-357
-366
-448
-558
-318
375
602
995
1328
1095
681
76
-521
-978
-816
-395
-166
252
198
-98
-35
-24
-84
-241
-410
-656
-1016
-1126
-840
-126
587
1025
1173
1405
1725
1235
474
-186
-1005
-1415
-1468
-1080
-262
312
622
658
541
724
714
470
231
-161
-447
-842
-584
206
41
-320
-378
-416
-14
481
288
-254
-676
-1015
-1006
-788
-176
849
1572
1610
1180
754
286
66
151
41
-222
-518
-1118
-1804
-2135
-1930
-706
557
1393
2055
1848
1622
1706
1508
821
-73
-754
-1438
-1743
-1449
-822
-728
-1082
-1018
-1053
-1040
-781
-239
886
1698
1900
2068
1806
1237
1070
1120
1216
807
75
-511
-836
-711
-1379
-2032
-2332
-3078
-2940
-2956
-2260
209
1900
2844
2642
1709
1887
2124
1374
-175
-683
-90
402
1243
1355
1009
690
-48
-344
-673
-1193
-2330
-3811
-4043
-3951
-2749
120
2314
3008
2064
1379
2284
3214
3144
1082
-1236
-1500
-946
-598
-141
476
1100
1563
1132
190
-559
-891
-1349
-2299
-2501
-2907
-2672
-2395
-2755
-439
2019
4056
4861
3032
2023
1193
498
-867
-2506
-2900
-2654
-765
865
2017
3057
3599
3312
1576
-47
-1281
-1638
-1883
-2322
-3000
-3524
-3728
-4333
-2478
549
3721
4619
2577
2301
1731
1782
751
-1817
-1618
-1097
12
827
1513
2605
2840
2929
1530
-224
-1836
-2851
-3343
-3596
-3312
-3179
-2794
-3390
-1859
1352
3720
5448
3920
1935
579
-152
-556
-1985
-1814
-530
1439
3173
3385
3405
3277
2172
642
-1287
-3481
-4394
-4413
-3616
-3458
-2978
-2240
-2944
-1068
1702
4171
5046
2936
1839
1459
1571
441
-1595
-2502
-1987
234
1783
2525
2001
1914
2255
1526
498
-1397
-2460
-3081
-2730
-2488
-2374
-1723
-2759
-1452
1093
3587
4844
2344
137
-1485
-1474
-1132
-1988
-2302
-1710
1283
3797
4677
4358
3072
1746
163
-866
-1995
-2678
-3342
-2923
-1732
-1336
-622
-1904
-1990
135
2224
3815
2118
249
-555
-407
-205
-1434
-1815
-1225
1227
3603
4218
2993
862
576
479
61
-927
-2411
-3398
-2763
-1268
-935
-568
-1943
-2607
-559
1950
4025
2320
-191
-1020
-733
761
893
-176
-1306
-457
2449
4334
3811
2128
798
-74
-405
-1121
-2372
-3553
-3420
-2757
-2333
-1460
-2828
-3779
-1527
2070
5279
4976
2684
621
-84
762
132
-1618
-2342
-1230
1715
4489
4489
2756
919
-406
-277
-686
-1828
-3031
-3528
-2594
-2027
-1492
-2593
-3778
-1762
1125
4267
4753
2184
555
392
1249
958
-646
-2234
-2767
-227
3568
5049
3692
1348
-370
-590
-462
-1371
-2832
-3601
-2826
-1821
-750
-1291
-3349
-2617
369
3799
4752
2464
181
-837
481
1714
1028
-489
-1894
-1304
878
2791
3044
1755
244
106
777
470
-598
-2186
-3238
-3152
-2280
-2569
-4209
-3702
-692
3675
6451
5153
1617
-998
-940
-28
262
-724
-2502
-2480
80
3080
4360
3362
1174
241
401
745
107
-2201
-3808
-3764
-2395
-2081
-3210
-3178
-815
3174
5287
4697
2119
-568
-1071
-414
126
-583
-1685
-1754
-94
2528
4055
3629
1827
593
219
92
-923
-2617
-4082
-4608
-3222
-2619
-2768
-1888
192
2999
4381
4201
2272
-178
-697
85
695
535
-456
-986
53
1861
3613
3404
1548
230
-497
-1175
-2166
-3432
-5067
-4983
-3693
-2960
-1622
148
2895
5278
5810
4467
2088
575
-457
-577
-881
-1913
-2178
-2089
-937
897
1813
2092
2013
1636
1171
327
-851
-2493
-3600
-3715
-3926
-3262
-1670
681
2978
4036
4084
2472
937
283
48
82
-649
-1067
-1089
-427
1228
2034
1879
1190
566
682
376
-554
-1873
-3311
-3975
-4722
-4656
-2937
-923
1290
3015
3789
3505
2616
2042
1554
1327
758
-255
-922
-1033
49
1353
1340
805
439
-75
-278
-497
-1473
-2216
-2572
-3153
-3106
-2146
-924
-16
588
1107
1129
1181
1574
1968
2070
1439
772
20
-260
835
1882
2403
2208
1321
195
-1116
-1843
-2613
-3169
-3189
-3745
-3836
-2929
-1223
708
2169
2949
2659
2255
1924
1660
1600
1364
1227
496
-398
-637
-592
-62
245
-48
-336
-688
-811
-907
-1111
-1021
-1420
-2193
-2828
-2573
-1164
126
1521
2239
2046
2003
1572
1478
1591
1447
1522
995
294
40
-116
-166
-460
-649
-668
-922
-1052
-1401
-1654
-1873
-2308
-2041
-1463
-355
1262
2084
1852
1362
1212
979
935
987
802
479
-181
-407
-257
89
724
810
698
451
-336
-995
-1492
-1735
-1875
-2381
-2305
-1627
-699
553
1217
1320
1320
1172
955
1061
1701
1755
974
392
-116
-380
-49
133
128
-16
-304
-537
-760
-673
-549
-474
-847
-1683
-1908
-1777
-1148
-99
727
1154
929
831
899
1012
1268
1346
1601
1354
725
763
766
500
227
-449
-1211
-1643
-1600
-993
-452
-226
-818
-2034
-2139
-1638
-1125
-180
228
2
-394
-566
116
1339
2339
2722
2726
2410
1704
1228
1055
731
439
-150
-1186
-1628
-1687
-1824
-1356
-784
-934
-1232
-1251
-1018
-455
-116
-182
-298
-123
507
1122
1723
1982
1640
909
-124
-493
-183
389
816
529
105
-459
-785
-482
-266
-267
-607
-1098
-1123
-917
-903
-503
64
44
98
224
124
228
579
1164
1691
1531
1069
773
354
475
674
88
-404
-632
-506
-239
-26
-34
-882
-1272
-1164
-1638
-1987
-1848
-1234
-765
-747
-449
-59
487
1396
2182
2611
2530
2027
1329
866
679
461
264
-37
-197
-270
-501
-766
-1018
-1106
-796
-357
-733
-1276
-1529
-1535
-656
-193
-294
-107
142
568
784
701
694
852
956
914
938
873
625
609
736
353
-59
-316
-781
-1206
-1434
-1260
-1127
-1031
-876
-920
-238
759
945
712
581
773
887
647
545
456
262
194
8
-110
226
555
593
756
817
180
-757
-1261
-1417
-1229
-826
-1227
-1753
-1483
-1046
-258
627
1028
1017
599
123
-47
221
605
665
419
295
385
729
1328
1200
570
428
473
83
-294
218
334
-491
-1033
-1622
-1971
-1592
-1151
-711
-270
-95
-499
-881
-596
-125
633
1268
1491
1759
1892
2045
1855
1417
888
-133
-680
-826
-791
-635
-856
-874
-1065
-907
-254
-599
-1187
-1499
-1636
-1503
-1310
-580
285
914
1387
1671
2004
1988
1517
977
731
963
1118
595
-165
-322
-445
-775
-806
-1049
-1397
-1342
-790
-494
-815
-689
-517
-163
536
633
839
726
209
152
210
621
552
7
336
868
1233
1222
382
-418
-990
-1319
-947
-421
40
375
366
284
-267
-1262
-2143
-2658
-2140
-1074
-577
-340
353
1316
2304
3123
2918
2287
1833
1011
244
-287
-553
-776
-1074
-931
-285
352
196
-223
-617
-754
-719
-1503
-1838
-1435
-891
-256
-248
-346
-152
596
1470
1626
1724
1496
694
484
749
781
465
-495
-1262
-1057
-87
942
1175
1080
374
-836
-1703
-2333
-2540
-2587
-2015
-1071
-461
138
574
1345
1867
2013
1848
1144
1155
1151
1303
1485
593
-274
-1093
-1104
126
1274
1630
1070
-81
-1146
-2192
-3777
-4312
-4008
-3068
-1353
-459
871
2166
3129
3911
3873
3302
1635
722
356
-138
-326
-614
-993
-1429
-684
-120
-328
-543
-503
-862
-1530
-1747
-3315
-3533
-2437
-1009
927
1394
2573
3200
3688
4106
2623
1233
208
-57
-482
-797
-684
-698
-589
-549
65
548
508
146
-121
-561
-1124
-2810
-4396
-3451
-2004
-17
623
1007
2629
3283
3615
2116
544
-476
-1515
-1733
-1897
-1006
319
1382
1897
2297
2633
2613
1843
585
-1047
-2778
-3585
-5923
-5915
-3365
-1462
635
890
2370
3787
3842
3028
890
707
819
296
-808
-719
670
1092
1121
1022
1629
1832
929
-639
-1904
-3159
-4156
-5644
-6941
-4212
-1204
1026
2030
2879
5402
5235
3893
1734
208
26
-1302
-2214
-1883
-50
1369
1500
1735
2480
2077
558
-1047
-2112
-2605
-3460
-3799
-5393
-3426
963
1790
2358
1839
3328
4181
2251
1132
-891
-887
-1652
-3489
-2810
-763
1477
1933
2423
3902
4063
2150
37
-1212
-1985
-3705
-4415
-5011
-6408
-2820
-97
1113
2977
3569
5770
4218
1824
574
-798
-809
-2604
-1857
494
1479
1547
1082
2150
2166
407
-643
-834
-1466
-2952
-4241
-3627
-5190
-5075
633
2968
3945
3512
3712
4997
554
-1404
-1066
-1024
-1615
-3244
-810
1672
2438
2164
2666
3894
2491
567
-477
-1415
-3067
-4820
-4880
-3358
-5652
-4915
2326
3655
3027
3303
4713
4933
-295
-824
171
-965
-2067
-2456
975
1644
498
1677
2522
1940
-235
-349
-156
-2596
-2891
-2806
-2452
-2982
-6115
-1017
3102
868
2251
3100
4375
1557
-1438
1011
-486
-1780
-1338
873
2708
1700
3497
4116
2232
619
-708
-1820
-3859
-3810
-2748
-4319
-3303
-3644
-4495
1582
2432
1958
4125
3692
4302
693
53
796
-2454
-2145
-1596
63
1001
1480
3615
2732
1700
1096
-185
-960
-2018
-1722
-2520
-4242
-2928
-5347
-3451
2876
962
2091
3567
3297
2150
-1527
834
-573
-2405
-513
31
1726
1602
3630
3876
1457
1792
618
-799
-1415
-1755
-2335
-4780
-3955
-3580
-7105
-1746
2505
220
3314
4630
4384
1960
971
2489
-1981
-2046
-510
-1447
246
2053
3220
2034
1581
1809
-506
-1411
-1316
-2662
-2924
-3008
-1463
-3026
-5153
2100
1642
-665
4453
3459
1899
441
1022
-286
-3871
-736
-1049
-1563
1303
2744
3063
2000
3411
2180
-242
1160
-1274
-3077
-2583
-2947
-2771
-7290
-3753
2179
-1951
2558
5758
2588
2673
1734
1469
-2116
-2063
-122
-3324
-190
2636
1357
2803
3717
2971
1090
1486
379
-3404
-2908
-4418
-4557
-5623
-6486
1398
-788
-463
6199
2487
3591
4051
2085
515
-1811
267
-2508
-1648
2010
387
2119
3067
2242
873
598
671
-2551
-1686
-2984
-4884
-4551
-7793
-1844
-101
-1737
6075
4460
3985
5696
2524
1398
-1429
-272
-2259
-3088
1135
-415
1485
2302
1380
2317
1154
1321
-992
-1373
-2356
-4353
-4192
-8019
-3372
-637
-2743
4312
3796
3389
6190
3544
2497
-212
202
-1646
-3284
332
-2104
206
2476
671
3050
2302
1249
324
-272
-2258
-3720
-3086
-7192
-2761
-650
-3882
3191
2357
1352
5121
3092
2428
828
742
-1104
-2522
78
-1644
-625
1196
1291
2372
2357
2042
612
892
-1919
-2884
-3091
-7971
-2466
-2142
-4580
3013
1049
2089
5748
2807
2913
1492
1041
-898
-979
287
-2858
622
1213
-56
2721
1089
505
843
660
-1381
-1535
-3292
-7502
-1819
-3598
-4459
3363
47
2213
6093
3356
3806
3016
1623
-838
-449
-840
-2666
-182
-1360
-609
1001
-208
430
-43
438
-996
-75
-786
-5062
174
-2377
-4428
2518
-1112
965
4670
1357
2536
2886
1525
-192
1023
-150
-1616
1752
-689
67
1918
-92
686
-193
-584
-2513
-2161
-3420
-6105
56
-2975
-2752
3990
-1096
2016
4280
402
3290
2959
1371
868
1340
63
-851
868
-1653
-464
533
-589
947
711
537
-1190
-816
-4163
-5419
-528
-5796
-1976
2405
-2486
3435
2841
792
4654
2959
2041
2068
1739
140
1533
1298
-1328
1197
-670
-750
327
-1575
-1423
-3072
-2471
-5463
-3381
415
-4714
1724
1500
-1837
5441
1256
1396
4484
1066
1908
2089
326
-830
795
-858
-874
1552
-543
1571
830
-638
-788
-2187
-2251
-5051
-738
-2816
-5164
2170
-2525
805
4842
-489
4192
3330
619
2288
1017
364
923
1418
-517
788
509
-1263
449
-1634
-1426
-1615
-2499
-2483
-3587
286
-2223
-1758
2390
-1812
2055
2274
-645
3416
1360
1319
2656
675
811
1019
255
151
1117
353
-61
158
-1141
-1937
-1906
-4344
-4216
-337
-3629
-1654
2038
-2094
2976
3385
315
4663
2204
1266
2560
204
155
752
-317
-809
106
-440
282
695
-89
-325
-1496
-1833
-4279
-2496
-1750
-4541
630
-1294
-1540
3679
-494
2418
4347
916
3977
2997
993
2166
738
-496
260
-621
-790
-188
-1751
-1342
-1904
-2415
-2903
-3304
-45
-2277
-730
2116
-1357
2955
2382
62
3339
418
544
1443
-229
556
450
204
-15
210
571
550
1083
217
-268
224
-2899
-2515
-1423
-5432
-1246
-665
-3249
1993
-409
136
3724
847
2494
3416
2195
3091
2480
983
1416
887
-572
-468
-1658
-2186
-2374
-2438
-3860
-3888
-944
-3713
-864
1291
-2346
3210
1754
399
4789
844
1943
3154
287
1358
1039
-131
299
441
-416
123
-202
-1238
-960
-1483
-2906
-3298
-1037
-3285
-2645
703
-3048
1126
2871
-64
4527
2523
1751
3784
913
1389
1204
-538
-550
-379
-428
-617
310
-439
-798
131
-3087
-1793
94
-4004
-181
2
-3234
1959
-55
-636
2807
34
830
2066
1275
1997
1998
842
487
1286
31
-127
605
-534
-545
-1028
-3407
-3065
-1616
-3885
-2418
-511
-2603
494
1435
850
3976
3127
2978
3531
1979
1816
1224
169
-966
-905
-825
-1384
-117
-1237
-1632
-1547
-4011
-1151
-1508
-3273
871
-1149
-480
2817
602
2283
2826
1521
2374
2117
1243
832
1533
180
-855
-365
-1655
-1365
-668
-1615
-1085
-1216
-2652
-670
-727
-2163
788
-141
-937
1407
246
307
1327
1228
1815
2650
2610
1265
1045
349
-568
275
-499
-682
32
-1109
-1325
-2798
-2747
-1291
-3803
-1833
-140
-2019
615
1044
837
2761
2836
2390
2339
2840
1735
1705
1955
-27
238
226
-1268
-1018
-1353
-2662
-2477
-3437
-3558
-1551
-2610
-1307
532
-939
1264
2458
2026
3257
2854
2349
1808
1522
1263
787
1205
61
-652
-603
-1396
-1387
-1726
-1753
-2638
-3040
-872
-1990
-2343
-176
-1156
-473
1190
948
1773
2817
2817
1914
2136
2473
1173
1067
908
-490
-479
-89
-828
-946
-933
-1487
-1883
-2172
-1355
-1624
-2138
-830
-1516
-1733
86
1001
1697
2595
3399
2888
2262
1818
74
-367
134
-132
-77
143
400
171
-535
-1017
-2824
-3266
-1536
-2211
-1872
-94
-458
-396
413
1240
1605
1954
2474
1851
1585
1686
1283
786
571
421
123
-120
-688
-1155
-1436
-1661
-2653
-2773
-1662
-2321
-1599
-532
-1262
-954
-529
1165
2687
2863
3594
2866
1965
1763
929
387
482
693
420
-55
-211
-434
-1208
-1881
-2809
-3026
-1821
-2040
-1944
-864
-707
-287
27
754
1533
1981
2778
2635
2061
1535
1345
1429
1167
804
-62
-882
-1156
-1177
-1267
-1496
-2200
-2515
-2016
-2732
-2427
-1002
-588
366
754
1254
1817
1715
2747
3009
2760
2754
1963
1175
166
-623
-1124
-1918
-1982
-1382
-1179
-915
-887
-1616
-1801
-1764
-1707
-1529
-1473
-671
361
1587
2507
2684
2947
2670
2454
2241
1494
881
-79
-874
-1237
-1510
-1385
-1159
-1109
-1186
-1164
-1388
-1281
-672
-947
-1084
-900
-1199
-930
-144
863
1710
2365
3131
3432
3383
2752
1733
937
152
-628
-1537
-2235
-2567
-2824
-2887
-2562
-2110
-1661
-774
-292
-200
154
324
804
1338
1712
2011
2058
2264
2033
1588
1135
600
635
366
-359
-551
-614
-1421
-2123
-2042
-2084
-2207
-2079
-1419
-620
-217
555
1049
942
1184
1500
1350
843
628
706
708
646
319
156
380
621
771
587
192
-433
-1181
-1589
-1779
-1691
-1567
-1201
-386
-165
-367
-386
-172
174
399
615
743
1083
1546
1649
1621
1366
869
483
238
226
446
97
-691
-1090
-1654
-2005
-1377
-924
-1010
-858
-776
-872
-574
0
371
478
721
882
964
1377
1609
1451
1005
521
183
34
80
-244
-699
-991
-1043
-818
-739
-582
-507
-432
-141
-135
-105
132
319
424
358
168
-57
-207
-219
-116
133
506
737
825
1025
961
453
-75
-491
-873
-999
-638
-248
53
432
565
483
115
-379
-506
-480
-525
-670
-697
-306
-10
-105
-83
39
145
515
937
1135
1104
849
464
84
-205
-375
-446
-404
-254
-188
-311
-451
-448
-576
-715
-453
-367
-571
-455
-120
176
522
709
733
949
889
593
517
423
187
-230
-568
-762
-811
-547
-160
124
236
539
939
944
673
296
-340
-1161
-1554
-1519
-1341
-610
249
737
1254
1554
1658
1596
921
72
-499
-953
-1420
-1492
-1467
-1392
-373
342
203
345
295
-51
16
783
1568
620
-954
-1063
-431
678
1076
31
-576
-345
678
1405
479
-618
-910
-1077
-608
811
1661
1562
201
-1529
-1127
143
753
579
-725
-1347
-762
-483
-801
-1411
-1091
737
2658
2591
785
-117
-689
-581
518
-247
-1448
-1537
-656
653
735
-31
-265
895
1913
2091
1343
-506
-1101
-383
528
648
-649
-1893
-2288
-1646
-502
-30
246
438
-485
-1455
-703
1874
3177
1860
764
-35
-163
231
-2
-245
-776
-727
-572
-338
-266
-1258
-989
70
1639
3315
2292
-29
-1799
-2905
-1674
1115
1332
-1257
-2993
-2139
506
2859
2426
690
429
269
570
1164
148
-809
-984
-1336
-1566
-419
453
-210
239
921
836
841
40
-632
-460
187
1002
396
-819
-521
460
-4
-2640
-4226
-1799
2299
4233
2581
197
-233
359
630
-716
-2050
-1416
-241
685
794
1082
1729
709
-820
-1561
-761
1128
1431
-162
-1347
-1010
-583
50
-222
-1489
-315
1096
493
-1190
-2485
-554
2752
3556
1711
-619
-1328
357
2660
2570
502
-1218
-1833
-1159
-378
-1121
-1571
-916
-692
-50
331
-631
-356
1411
1427
166
-106
-345
-491
-325
-721
-573
-90
-69
304
547
116
-239
390
1601
1494
372
-438
-921
-691
-194
-87
79
578
818
476
316
75
-337
-307
-653
-810
-17
22
-453
-279
-147
329
1033
593
-215
-517
-917
-659
185
-371
-1085
-184
980
1525
1508
1523
1338
219
-676
-949
-692
-445
-1064
-1317
-827
-142
-122
-1771
-2792
-530
2393
2656
1363
56
-102
801
1382
1237
445
254
-171
-385
439
-229
-1199
-1764
-2186
-1711
-1234
-257
1364
2650
2198
825
-108
-971
-878
-317
492
1066
564
-30
-545
-456
-519
-1135
-1238
-431
920
819
211
204
375
1361
1253
-323
-1655
-1938
-666
1124
2022
709
-1291
-1367
-673
232
950
370
251
1135
1258
274
-495
-80
305
110
-104
-633
-1111
-999
-705
-835
-975
-749
-369
214
731
931
144
-822
-719
-238
987
2045
1911
1311
187
-613
-980
-742
22
277
815
788
-179
-912
-1361
-1142
-266
827
1042
761
-254
-2232
-1541
429
833
939
790
796
661
-255
-1438
-1624
-20
1216
1120
569
-187
-395
256
169
-914
-1221
-1223
-867
26
-62
169
1368
1333
243
18
652
1508
1384
-672
-2227
-1519
-69
729
1097
1218
783
-41
-1014
-1258
-450
345
232
-525
-550
-83
-108
-49
-261
-919
-1013
-926
-431
738
1549
1728
1220
517
-93
-303
85
114
23
186
345
322
-132
-742
-1279
-1647
-1210
-148
360
752
1290
1167
338
-452
-236
552
797
88
-120
-40
-1245
-1604
-360
1245
1324
-721
-1077
97
584
909
73
-1035
-1262
-1590
-766
1183
2217
1969
704
-719
-1179
-751
-267
74
-1151
-3568
-2131
2445
5306
5543
2752
-911
-2511
-2488
-1564
-734
-337
-172
-590
-1092
-1273
-595
1041
2251
2139
977
-310
-984
-926
-658
-769
-576
74
-268
-761
317
1381
1524
1259
495
-199
-735
-1046
-981
-507
96
148
140
-37
-360
-176
42
-197
-428
36
894
1736
822
-2116
-3209
-997
2125
3336
2565
1486
-202
-2192
-2396
-1048
-331
-70
-27
-238
118
432
1155
1872
2010
2483
1129
-2453
-5065
-4397
-1309
505
403
296
1141
1714
374
-606
-101
334
637
1070
1543
1442
699
-21
-117
295
261
-479
-1669
-2116
-1517
-784
-374
-695
-725
37
1657
3086
1901
118
-736
-1683
-1773
-1579
-1559
-426
1466
2295
1442
537
182
262
423
78
150
10
-449
-317
51
624
233
-369
-102
-374
-905
-1010
-619
-245
-117
-189
-388
-48
-109
-76
899
1535
1622
1173
359
-474
-1255
-1506
-786
459
956
758
881
1273
1154
555
-625
-2585
-3260
-2382
-2158
-1765
-571
-369
-451
659
2013
3140
4271
4545
3472
2013
732
-584
-1522
-1968
-1512
-860
-1984
-2933
-2845
-3253
-3414
-3624
-3146
-1027
1605
3828
4852
4943
4488
3962
3228
2266
1567
1093
620
-1033
-2608
-4160
-5228
-3672
-3686
-4933
-3906
-2594
-412
2475
3170
2626
2715
3338
4177
4427
3430
1864
961
-9
-1337
-1802
-1529
-1386
-2821
-3061
-2103
-3586
-3648
-2604
-2772
-1566
379
2162
3773
4801
4957
4678
4320
3061
1861
1146
-162
-736
-1357
-3388
-4999
-5912
-4907
-3701
-3509
-1548
-94
459
1130
1818
2864
3617
4400
4212
3500
2486
1309
1267
900
-65
-42
-717
-3042
-4805
-5736
-3822
-2395
-3309
-1403
-714
-468
1305
1562
2413
3396
3870
3956
3387
2185
1652
1819
622
-720
-1087
-1370
-2275
-3181
-5108
-4155
-1813
-3517
-2330
-1457
-1409
2177
2625
2335
4077
5167
4764
3461
1137
-626
481
578
-298
-130
-366
-934
-1493
-3756
-4613
-3249
-4234
-2175
369
-308
1041
1124
802
2029
2065
1556
2289
2809
2665
3250
2419
1233
519
-1091
-2919
-3466
-4974
-5532
-2260
-2672
-1672
731
-921
1282
2385
1722
3167
2318
1338
2356
2523
1612
1798
725
-313
-8
-346
-855
-1018
-2014
-4096
-3337
-4257
-4504
-1183
-1668
478
2491
1407
3914
4136
2456
3330
2941
1553
1573
436
-324
-77
-997
-1734
-1936
-2912
-4024
-1570
-1827
-2937
-349
-2457
-1615
776
-441
2343
3668
3578
5565
4754
2434
1321
-1153
-2480
-1510
-1032
-78
-118
-1289
-2570
-1115
-1361
-4303
-3099
-4614
-3442
867
652
3960
5367
3762
5168
4336
2854
3010
926
-507
-326
-1435
-1821
-2554
-3584
-5280
-4717
-3120
-4108
-986
-545
-483
2556
901
2603
3674
2238
4452
4061
2394
3276
2706
1573
916
-2088
-3026
-3019
-3833
-4125
-4089
-3011
-3803
-1139
183
-825
2122
745
1299
2966
1394
3467
3398
1677
2128
1023
798
2094
888
-378
-2213
-4099
-4763
-5027
-2849
-2769
-1136
-440
-2395
1063
1729
2982
5095
2502
3084
3292
1828
2412
1561
294
483
-1007
-1226
-697
-1554
-2398
-4527
-3769
-3808
-2600
-281
-2237
347
817
432
3378
2357
3286
3886
2212
2650
2540
1714
1753
-194
-1914
-2052
-3030
-3098
-4275
-2965
-2421
-3316
-1191
-2603
208
2726
1453
3826
2103
1694
3396
2186
2280
1864
1075
1658
883
-132
-594
-2439
-2939
-4095
-3666
-3002
-4187
-1037
-1350
-470
2410
888
3130
2826
1572
2975
1601
1790
2126
819
1090
670
-442
-446
-1987
-1922
-2244
-2829
-1202
-3128
-2054
-1921
-3201
-4
-779
1225
3764
2854
4668
3978
3091
3483
1805
1123
687
-1287
-1617
-2345
-3105
-3058
-4181
-2471
-3155
-3375
-1164
-2166
1123
2228
1213
2795
1033
2502
4062
2472
2738
1632
1108
2297
1188
194
-1266
-3560
-3854
-5356
-4832
-3651
-3411
-159
62
1492
3058
1621
3563
3295
3033
3264
665
486
180
-326
775
384
-135
-134
-1279
-1373
-2522
-3820
-2431
-3135
-2118
-1284
-2175
424
697
2390
4208
2303
3264
2472
1547
2218
468
409
319
-729
-164
-499
-616
-848
-3169
-2725
-2072
-3002
-1281
-1702
-1605
12
-379
1697
1935
1831
3405
2495
3350
3171
1850
1560
-691
-1881
-1897
-2052
-1714
-1700
-2161
-1461
-1209
-2262
-1250
-757
118
1312
682
1740
1651
1774
2358
1035
1405
1035
715
1084
399
329
-515
-979
-1063
-1851
-2470
-2921
-2340
-1913
-1400
-324
187
660
715
1078
1676
1591
1898
1941
1768
1671
678
73
-47
-533
-304
359
213
-628
-1377
-1924
-2322
-2243
-2013
-1691
-1059
-186
924
1472
1485
1717
1789
2016
2247
1613
773
-61
-562
-740
-1418
-1534
-1305
-1592
-1198
-247
205
184
200
442
593
522
339
-42
-41
572
665
485
187
-718
-992
-701
-644
-503
-208
456
837
443
181
89
-139
-75
62
-68
271
767
617
367
190
172
-3
-610
-858
-874
-974
-884
-459
48
573
1028
815
595
666
533
212
-544
-1035
-694
-209
211
520
457
107
-425
-808
-790
-537
-5
608
1166
1428
799
-254
-802
-753
-633
-292
320
494
523
356
-190
-362
-105
411
614
198
-240
-375
-45
11
-398
-542
-683
-926
-785
-443
-346
-94
373
917
1245
788
380
252
-71
-569
-802
-405
-84
360
775
553
347
312
446
625
304
-237
-430
-671
-1082
-1142
-739
-25
380
345
372
545
465
199
323
580
633
122
-582
-687
-1016
-1426
-1165
-531
204
584
823
1077
1274
1324
740
173
-452
-1223
-1500
-1622
-1055
-87
813
1324
834
834
764
-102
-545
-792
-501
204
491
284
8
284
429
134
-135
-325
-317
-136
188
228
-354
-836
-968
-969
-577
-243
-292
9
584
875
904
577
97
-41
-31
-80
-82
-97
-170
-87
447
997
1200
1197
768
123
-230
-375
-757
-1038
-904
-871
-525
-141
-138
303
570
330
129
-223
-566
-636
-598
-442
-31
344
591
603
193
-153
-127
78
-11
-151
118
349
705
1096
860
480
228
-238
-407
-206
-408
-759
-713
-650
-745
-807
-817
-337
335
552
709
892
958
664
-4
-768
-1133
-690
-483
-249
595
980
929
902
716
468
540
95
-736
-988
-1307
-1295
-852
-237
711
1266
1301
853
392
360
371
39
-418
-757
-1021
-579
-196
-410
-416
-474
-402
-178
129
645
736
518
109
-373
-739
-1021
-663
-142
184
486
609
967
1040
1028
1109
426
-322
-974
-1244
-894
-457
338
893
937
916
786
162
-895
-1151
-794
-801
-702
-341
128
758
960
577
114
-230
-542
-793
-689
-440
-405
-543
-252
778
1222
654
263
162
76
185
-43
-535
-410
59
293
292
412
598
472
239
221
404
262
-143
-465
-826
-1050
-1241
-1244
-675
-59
289
814
1240
1116
894
551
-76
-699
-1117
-1209
-1070
-551
211
718
1121
1074
404
-138
-646
-658
-53
88
17
-238
-448
-120
170
372
593
963
994
552
366
86
58
348
189
-196
-830
-1181
-1071
-1069
-582
84
582
955
735
369
-125
-357
-275
-570
-582
-436
-219
164
168
165
472
916
1094
960
214
-1037
-1494
-1462
-1149
-296
135
541
996
1015
891
300
102
178
-380
-642
-858
-1012
-590
110
820
1037
908
681
555
287
167
235
-518
-1033
-1264
-1343
-581
-78
483
793
335
326
516
577
377
-60
-216
-430
-486
-194
-201
-194
8
138
490
442
37
-42
-273
-362
-414
-534
-249
23
463
954
1181
1061
460
-138
-717
-1134
-1210
-1510
-1993
-1483
-13
1143
1496
1098
1099
1585
1333
885
542
-235
-808
-902
-1168
-1276
-891
-146
602
693
404
157
170
494
510
115
-275
-452
-483
-844
-843
-623
-577
107
390
1417
1848
758
951
16
-553
-859
-1890
-1052
-809
185
1118
843
893
171
-24
-280
-404
-683
-1112
-408
170
909
1025
560
620
248
-233
-194
-817
-911
-582
-530
288
-765
283
2163
458
1069
640
-532
215
-952
-691
-65
-830
-400
145
307
167
-278
-226
-303
-362
104
409
911
586
-399
-153
74
-325
-266
-190
-448
228
798
319
403
30
-80
644
153
103
-201
-881
-394
-368
205
299
-655
-495
449
906
277
70
-722
-1162
-301
-277
-46
113
501
687
386
-29
-673
219
470
146
252
63
424
222
-174
-206
-207
-210
11
347
239
250
149
-114
-316
-546
-839
-773
-331
-35
368
504
429
67
-25
385
154
127
145
128
571
261
-288
-552
-802
-510
-193
-99
134
357
436
262
348
734
552
-178
-675
-941
-776
-94
141
143
-220
-463
-78
275
766
713
937
841
0
-39
-374
-317
-538
-1228
-844
-638
-462
-286
-151
453
1143
1062
671
474
49
374
-63
-708
-287
-452
77
508
273
203
-566
-603
-298
-314
-61
-542
-548
-297
-152
667
785
1306
1241
489
170
-1155
-1182
-712
-251
608
448
565
236
106
-246
-752
-149
-401
-461
57
300
183
109
478
618
923
747
165
133
79
-549
-773
-1002
-1643
-975
-773
-725
298
573
1083
1174
558
344
-100
-186
146
-110
-310
-61
119
480
163
-428
-186
-375
-448
192
422
466
93
-528
-160
-209
-224
485
239
661
1078
778
666
106
111
-526
-1173
-1159
-1611
-808
-199
-308
184
194
265
815
850
494
153
186
435
250
-112
-614
-291
-225
-1009
-236
91
265
564
-260
22
-184
-283
-134
-404
869
1170
849
279
75
796
-92
-12
-494
-1430
-596
-1298
-835
303
94
700
653
451
605
542
492
-242
-608
-644
-1151
-314
707
124
326
438
-360
68
75
-755
-82
405
-386
14
391
225
164
-345
109
43
385
886
-1
351
18
14
198
-779
-666
-983
-445
92
240
845
350
832
677
-362
-797
-1178
-713
-410
-278
-31
24
428
801
413
551
896
23
-278
-497
-955
-511
-210
153
754
634
728
967
212
46
213
21
-112
-656
-683
-635
-1378
-1565
-1021
-551
840
1406
846
1106
416
-138
-574
-887
-344
-173
352
77
-1
317
224
346
425
1046
1171
1375
718
-213
-379
-1549
-1457
-1400
-1540
-251
413
537
771
932
301
213
138
-483
308
480
42
-236
-596
-499
-739
-306
-63
-287
115
-260
-583
-226
196
448
705
701
-328
-380
57
133
1118
982
168
270
-171
-665
-480
-119
672
1043
638
122
-517
-702
-865
-1099
-1061
-210
1145
687
731
706
-897
-22
403
-541
-14
-182
-331
-595
-998
-39
-256
-416
389
-100
352
789
419
1107
446
-207
41
-666
-606
-137
-216
-65
392
291
-275
-25
162
-327
-155
481
799
1390
1179
233
-361
-1246
-1002
-735
-642
489
330
268
228
-368
45
218
54
-557
-465
-50
-884
-975
-617
-433
-133
617
1510
1662
1540
875
637
-137
-961
-169
-662
-942
-770
-1394
-594
239
339
-54
279
873
-524
-368
378
-233
594
618
114
204
-279
-72
124
983
1334
518
1126
661
-224
-293
-836
-974
-1582
-1676
-1486
-1708
-966
-217
613
1027
700
426
262
870
920
411
994
1313
843
837
1127
637
-235
-392
-630
-1180
-1312
-1053
-394
-572
-1237
-1139
-1286
-560
460
-240
-86
694
427
943
1495
1192
672
-181
-541
-185
1093
1886
826
371
128
-1159
-1828
-1476
-983
-850
-350
-163
-971
-849
-22
-48
-113
591
1593
2210
2107
1647
388
-899
-702
-561
-464
362
754
826
786
355
-792
-1880
-2199
-2434
-2071
-1339
-534
757
745
-160
563
1097
199
700
2067
2282
2225
1684
318
-891
-1550
-1690
-1254
-197
700
1107
971
128
-725
-1619
-1925
-1805
-1522
391
1390
553
112
-581
-603
398
1370
2333
2295
1491
609
-102
-553
-1164
-1160
-940
-1302
-1858
-1626
-446
-300
-100
-11
-369
1550
1367
-1063
-1034
-952
-697
401
1499
2979
2815
1521
898
450
586
905
752
445
-581
-2050
-2990
-2510
-2148
-2370
-1183
-428
1749
3737
650
-992
-765
-1951
-871
1555
3087
3091
1729
418
-292
-434
-257
307
123
-1058
-1647
-1798
-1860
-1910
-1942
-2183
-1619
2600
4720
1378
473
993
-538
-1117
-85
1048
205
-589
359
782
1215
2533
2705
797
-819
-1064
-1790
-2494
-1812
-1494
-2108
-2914
-1235
2984
2471
-462
-536
-1077
-1047
655
2199
2784
1865
442
-322
-155
421
1399
1806
678
20
322
-844
-2364
-2863
-3844
-3766
-3543
-1590
4035
4111
486
850
482
-268
820
1711
2733
2004
-130
-724
-829
-467
1027
1668
775
-486
-796
-494
-1124
-1812
-2608
-3319
-2842
-2628
475
4288
2318
565
677
-717
-975
57
1724
2490
522
-1192
-215
833
1513
3240
3064
1069
-757
-1910
-1768
-2168
-2960
-3484
-3598
-2900
-1834
1871
4609
2306
808
850
180
426
726
1685
2338
376
-907
-163
246
665
1426
527
-1193
-1489
-747
-97
-454
-1399
-2640
-3326
-3267
-3006
276
3011
1097
-74
580
1447
2542
2735
3465
3387
413
-1951
-1912
-1434
-461
1127
1105
217
-234
-328
119
-753
-1679
-1954
-2880
-3188
-2923
281
3876
2184
-73
-182
-127
585
1519
2654
3396
1360
-1525
-1909
-1019
31
1073
1187
617
45
-264
73
-150
-1663
-2699
-3354
-3038
-1812
287
4452
4544
433
-945
-1011
-1254
-1002
97
2100
1761
-793
-1528
-277
626
1059
1649
1556
777
339
271
315
-122
-1581
-3232
-3412
-2990
-2361
1320
4151
2235
-128
-1230
-1237
-277
564
1707
2701
1771
-632
-1086
567
1738
2482
2392
756
-865
-1817
-2216
-1967
-2150
-2739
-2811
-2353
-2108
-893
3056
4929
2027
-424
-857
-705
230
1234
2087
2086
551
-695
-1317
-660
1428
1940
877
-424
-1131
-835
-229
417
136
-1276
-2660
-2423
-2202
-1276
3459
4936
1162
-1235
-2190
-2300
-1407
-181
1386
2373
1287
-593
-169
1298
2366
2751
1333
-760
-2157
-2225
-1504
-882
-575
-1132
-1439
-1202
-2000
-1184
3081
4313
338
-2548
-2927
-2080
386
2868
4466
4184
1798
144
-663
-705
573
777
-267
-1419
-1908
-947
-10
-321
-973
-1315
-2068
-2294
-2346
-1992
2261
5359
2461
-689
-1597
-1446
61
1419
1948
2309
806
-1818
-1707
42
1135
1859
1368
-31
-692
-472
185
785
261
-977
-1834
-2642
-3368
-3742
-999
4147
4174
121
-2408
-2699
-598
1872
3369
4067
2850
321
-1386
-1467
-311
1065
967
-343
-1218
-1183
-600
315
797
-144
-1447
-2249
-2425
-3054
-3108
1606
5821
3596
-285
-2662
-2400
782
2865
2674
1926
206
-2204
-2591
-556
1380
1605
258
-841
-893
-305
903
1948
1507
-463
-1275
-1063
-1245
-2145
-4494
-2219
4076
3882
-1572
-4592
-2926
1480
4773
4644
2879
1441
-585
-1744
-535
988
1432
502
-1267
-2170
-1492
-277
591
819
-563
-2000
-1571
-1314
-1856
-3409
-2384
4959
8327
2346
-4084
-5254
-1858
1947
3116
2531
2090
1052
-684
-577
1156
2570
1774
-1263
-3503
-2879
-797
787
1308
533
-752
-1983
-1717
-614
-994
-2069
-2645
1527
7761
5786
-2115
-6841
-5154
117
3422
2864
1684
1386
-110
-1329
198
2493
2675
392
-2194
-2385
-780
326
990
1113
-150
-2191
-2526
-1627
-1782
-3018
-4520
231
9111
8390
-478
-6451
-5660
-66
4626
4214
2595
2745
309
-3265
-3672
-1592
1336
1913
-280
-1223
51
1242
1795
1735
279
-1603
-1937
-1354
-753
-186
-928
-2208
-3623
-2224
4306
6293
119
-4938
-4237
97
3848
3856
2104
1978
1390
-650
-1288
-325
604
-107
-2197
-2877
-1057
556
1057
1556
1538
798
-425
-833
-1129
-2007
-3403
-5245
-150
9165
8064
-2025
-8633
-6467
727
5511
3782
595
1681
2138
-1040
-3520
-1827
2885
4554
1862
-1238
-2493
-2059
-1324
-485
-10
156
234
-351
-610
218
725
-682
-2436
-3596
-1853
5022
7816
1708
-4344
-5264
-2416
1815
4002
3263
2243
701
-2335
-3599
-2148
26
1220
-121
-1561
-648
340
588
1437
2143
1544
708
430
305
-153
-2073
-3963
-4610
-3023
4158
10361
5886
-3888
-8204
-5189
436
3418
1626
-40
1751
1542
-1643
-3008
-1844
606
2232
922
-1224
-1394
-344
785
1900
2779
3017
2139
248
-1403
-1345
-1389
-2716
-4275
-5760
-1213
8564
9291
132
-6632
-6711
-2010
2848
2512
-27
1057
3129
1874
-1403
-2894
-951
1672
2061
390
-907
-758
-950
-977
69
1318
2105
1588
90
-970
-542
-1048
-2767
-3871
-4585
1218
10145
7879
-2539
-8877
-7378
-818
4286
3445
775
1432
3049
2190
-725
-2778
-1379
1857
2225
-413
-2105
-2007
-749
485
792
1618
1986
111
-1994
-2308
-692
392
-900
-3057
-5461
-2355
7729
10791
2448
-5966
-7558
-2876
3573
4584
897
182
1697
1148
-1331
-3355
-2254
1307
3936
2758
-479
-2315
-2402
-1150
266
1485
2460
1575
-606
-2297
-2082
-748
-972
-2433
-4576
-2369
7581
12282
4254
-6031
-9504
-5398
1642
3993
490
-815
1718
2306
287
-2090
-2694
-171
2632
2153
-273
-2151
-2427
-510
1940
3220
3509
2735
557
-1358
-1507
-377
-395
-2526
-4832
-7004
-3125
7697
11167
3466
-5182
-7829
-3773
3143
4919
813
-462
1110
1458
83
-2813
-3523
-622
2519
2505
-15
-1981
-2057
-592
772
1715
2495
1757
-99
-1378
-1468
-163
261
-1021
-3266
-4864
1414
10662
8991
-1062
-9512
-10459
-3278
4044
4145
1362
1606
2693
2534
254
-3253
-3441
496
3487
2043
-1062
-3060
-2848
-276
1380
1970
2858
1916
-267
-1845
-1670
64
-11
-1723
-4411
-5043
2594
10053
6605
-2519
-8941
-8105
-464
5608
4295
1110
771
1351
1710
-409
-4252
-3640
754
3374
2722
-79
-2133
-1579
-175
783
1851
2229
1158
-734
-2888
-2896
-1732
-1852
-2253
-3791
-487
8848
10887
4221
-4030
-8659
-4635
1871
2520
456
-41
623
2633
1774
-3513
-4430
-581
2419
3536
1129
-1540
-1230
-457
449
1608
2161
1947
720
-1398
-2542
-1999
-2464
-2758
-3436
-4250
2314
9199
6538
-317
-6864
-7605
-884
3929
3230
1679
1250
1739
2353
-516
-4423
-3308
347
3370
3720
355
-1755
-1634
-994
292
871
1659
2122
746
-1038
-2009
-2084
-1964
-1746
-3298
-3054
3858
8408
5438
-1215
-7979
-7439
-815
2891
2704
1224
370
2285
4183
1707
-2313
-3119
-585
2732
3034
98
-2195
-2541
-1631
-285
597
1246
1457
521
-1206
-2580
-3025
-2169
-1727
-2514
866
7094
8529
4858
-2229
-7606
-5581
-477
2567
2660
924
422
1543
1187
-2330
-5452
-4445
-349
3592
4345
2428
709
371
768
680
203
-119
-314
-841
-1603
-2204
-2692
-2822
-3316
-1889
2959
6236
5810
1849
-3652
-4853
-2188
290
1332
731
506
2016
3246
1856
-1531
-3745
-2821
122
1747
1034
-70
-422
416
1314
1548
1596
1309
969
45
-1344
-2844
-3868
-3753
-3461
-944
3512
5631
4103
-383
-4056
-3795
-1272
1137
2118
1532
1282
2399
2418
24
-2946
-4096
-2327
534
1832
1170
36
-98
679
1267
1477
1202
741
300
-532
-1424
-2603
-3124
-3598
-3541
830
5654
6490
3469
-2424
-5639
-4323
-1840
525
1657
1551
2583
4500
4360
1485
-2318
-4278
-2778
151
1457
607
-586
-591
-102
445
524
-254
-19
382
145
-486
-2140
-3127
-3889
-2292
2671
5578
5445
1486
-3780
-4352
-2345
-133
1294
747
781
2469
4050
3353
-174
-3574
-3915
-1319
1662
2327
848
-311
-227
107
174
-417
-1118
-1162
-696
-92
-1084
-2619
-3275
-2915
1025
5773
7146
5005
-3
-3775
-4234
-3000
-1093
-178
-194
911
3133
4114
2152
-1479
-3827
-3301
-982
655
1019
1347
1706
1731
1789
1297
-74
-1082
-1255
-968
-1656
-3186
-4443
-5676
-2926
3347
7066
6823
2294
-2113
-2628
-1376
580
393
-1052
-608
1136
4031
4323
567
-2855
-4074
-2466
-84
607
729
509
860
1890
1832
748
-976
-1855
-1127
-511
-1019
-2442
-3811
-3815
-1166
2953
5637
5459
2064
-1524
-2226
-1390
-318
-147
-825
-523
901
2911
2710
179
-1529
-2460
-1620
-343
-306
47
139
1108
2611
2482
1557
97
-1246
-1384
-1673
-2515
-3596
-5237
-3587
1503
6088
8029
4187
-891
-3068
-3343
-1250
-675
-1514
-1725
-713
3398
5739
3823
41
-3439
-3388
-1540
-134
634
189
501
1627
2347
1697
-349
-1500
-1811
-1216
-666
-1332
-2404
-3515
-1606
2563
5707
6250
2725
-1094
-2912
-2916
-1414
-1437
-2248
-1966
-83
3240
4297
2330
-522
-2589
-2095
-600
463
609
188
645
1561
2574
1989
-38
-1751
-2590
-2214
-2012
-2542
-4459
-4080
809
6094
9515
7402
2031
-1937
-3920
-2880
-2559
-3732
-4462
-3418
1237
5239
5525
2676
-1355
-2865
-1758
320
1450
953
567
830
2281
3121
1843
-230
-2448
-2564
-2053
-2629
-3768
-5699
-4264
173
4796
7296
4660
1001
-1217
-1475
-214
-955
-2439
-3190
-1967
2141
5521
5940
2981
-996
-2097
-1283
-257
-605
-2134
-2278
-963
1512
2616
1551
-184
-1829
-1476
-977
-1376
-3542
-5597
-2948
1836
6677
7410
3049
-724
-2653
-1457
231
-164
-1410
-2742
-862
2863
5339
4847
813
-2407
-3189
-2018
-444
-889
-1486
-1211
524
3065
3273
1856
-169
-1588
-1706
-1791
-2301
-4705
-5674
-2606
2097
6771
7406
4533
1122
-1587
-1459
-1061
-2077
-3707
-4690
-2546
1795
5447
5662
2593
-546
-2028
-1688
-917
-1244
-2036
-1870
389
3350
4553
3642
918
-865
-928
-1249
-2304
-5236
-6493
-3707
943
5342
5325
2638
156
-1015
379
786
-278
-2247
-3689
-1909
1120
3931
4095
1384
-837
-1837
-1040
-86
-561
-953
-667
724
2349
2942
2172
270
-802
-1292
-1766
-2524
-4706
-5577
-3596
402
4578
5632
3726
1040
-159
273
784
413
-1268
-2995
-3272
-980
1897
2979
2167
46
-697
43
791
665
-658
-1467
-1219
96
1830
2304
1331
267
-428
-1150
-2616
-4829
-5133
-3046
389
3621
4512
3661
1543
103
228
-73
-598
-1527
-2242
-930
1432
3319
3389
1171
-983
-1862
-1615
-529
-254
-548
-697
-356
1096
2147
1748
293
-1195
-1821
-1454
-1021
-2247
-3596
-3004
-677
2579
4462
4099
2416
963
789
602
-478
-2616
-4494
-4318
-2368
847
3336
3313
2376
1793
1483
1610
1186
-347
-1846
-2349
-1620
-310
673
708
243
-590
-1382
-1695
-2873
-3185
-1811
132
2567
3624
3341
1869
479
624
633
452
-733
-2284
-2585
-2217
-914
432
828
586
603
1289
1888
2149
1325
-447
-1159
-625
93
379
-261
-938
-1288
-1349
-1391
-2162
-2295
-1489
227
2607
3539
2842
1377
490
513
533
411
-578
-1651
-1456
-929
-422
145
-82
-655
-1008
-893
-176
426
740
525
701
1477
1792
1921
1250
175
-400
-1083
-2117
-3043
-3113
-2121
-403
1040
1784
1710
1214
1205
1124
862
156
-841
-1144
-906
-166
506
612
392
87
-266
-439
17
5
-490
-323
-227
112
965
991
712
519
-11
-499
-1121
-1523
-1488
-972
46
465
133
-493
-728
-137
608
955
557
89
250
341
-48
-207
214
647
892
926
758
711
632
303
8
-132
158
690
627
198
-540
-1500
-2424
-3504
-3632
-2636
-1309
355
1919
2757
2526
1846
1577
1773
1623
492
-642
-1266
-1521
-1346
-1050
-532
-129
-70
66
256
803
1194
978
829
371
28
203
-133
-672
-1020
-1308
-1312
-1334
-1568
-1165
-61
710
1139
883
449
977
1525
1834
1619
554
-280
-460
-396
-611
-590
-474
-764
-800
-770
-613
-198
341
877
705
553
1032
1409
1345
684
-203
-923
-1641
-2132
-2220
-2006
-1461
-816
-473
-236
-13
391
1626
2707
2566
1514
589
741
767
313
-40
-715
-965
-746
-742
-609
-234
16
290
521
197
167
450
214
-242
-1039
-1824
-1819
-1136
-556
-386
-266
-297
-21
560
1137
2017
2594
2799
2222
918
74
-766
-1014
-807
-1441
-1857
-1805
-1327
-168
768
1024
988
959
507
-29
-128
-251
-617
-1106
-1358
-1313
-1035
-527
-338
-590
-486
252
977
1620
2095
1870
1280
688
199
-80
-39
365
239
-247
-235
-419
-741
-677
-626
-497
-27
306
446
857
781
-200
-1128
-1385
-1230
-1158
-1138
-1079
-651
-2
547
1456
1977
1923
1766
1026
611
549
79
78
-490
-1718
-1423
-713
-488
116
191
-218
23
226
2
-130
-534
-971
-1389
-1671
-979
-354
189
1005
901
1014
1845
2189
2455
2096
707
-193
-414
-490
-735
-1041
-742
-438
-389
-329
-931
-2057
-2479
-1090
1491
2361
777
-610
-1053
-1094
-648
-432
-230
480
775
533
672
908
1156
1412
649
-247
-335
-4
985
2002
1373
-1309
-2991
-730
2640
2682
313
-1685
-3168
-3589
-2461
-563
798
331
-250
150
455
860
233
-1193
-803
423
759
870
1257
1559
1265
956
1189
995
409
437
422
-210
-1043
-1799
-2173
-2122
-1555
-1163
-1282
-582
795
1422
1131
943
747
51
-320
-318
74
238
-149
453
756
-112
22
659
753
803
451
-77
-872
-2269
-2291
18
2610
3627
2802
684
-1381
-2749
-3479
-2470
-554
562
1221
1487
807
-1229
-2537
-696
1835
2453
2236
1761
227
-1580
-2193
-2024
-2055
-1584
203
2276
3462
3326
1761
-323
-1960
-2722
-2407
-1599
-416
678
727
827
853
-186
-1091
-1335
-380
1410
1720
493
-909
-1467
-682
708
1624
1455
878
610
602
629
448
321
-312
-1208
-1467
-1493
-473
1102
1588
873
-803
-1793
-1826
-1779
-1145
-146
312
-145
-677
-697
30
1174
1498
1692
2605
3050
1420
-1339
-2829
-2704
-1164
702
1634
1670
1118
1104
970
-252
-814
-898
-1771
-1839
-634
324
1115
1483
600
-598
-1607
-2160
-1495
-587
-155
-65
-660
-792
291
1154
1516
1639
732
548
2411
3145
1671
-101
-1600
-2302
-1781
-1175
-1002
-357
39
-221
-254
347
1439
899
-663
-1195
-1891
-2210
-1143
268
884
509
30
495
1543
1625
1952
2687
1946
828
-265
-1274
-1511
-1594
-1254
-523
-379
-294
481
852
471
32
-860
-1839
-2077
-1652
-946
-267
698
1538
1789
1950
1676
687
-256
-559
-453
100
508
-157
-158
637
584
-144
-909
-985
-810
-581
-225
608
1500
996
454
-151
-1131
-2026
-2318
-1135
-501
422
856
-322
297
586
-213
469
793
259
340
456
1074
2106
1532
1021
1246
852
432
-397
-1786
-2302
-2055
-2257
-550
1993
1142
-1091
-1877
-453
607
-145
-388
-1038
-2055
-2371
-1345
1497
3234
2907
2516
2064
812
-183
-725
-1007
-593
-521
16
560
-372
-388
-125
-620
-393
-20
612
564
-587
-863
-944
-685
345
-196
-1248
-966
-144
1584
2540
1642
1012
238
-567
-730
-597
306
487
-356
-374
466
1482
1986
1260
84
-619
-2033
-3263
-2414
-1292
-604
46
235
-48
-600
139
1178
692
-304
-945
-526
39
480
1197
1338
1529
1288
790
1134
555
-1299
-1176
963
1399
705
94
-622
-750
-1204
-1646
-1673
-1166
-44
752
1397
971
44
-109
-758
-1141
-671
-421
-231
-283
-51
1064
1341
663
222
-201
-431
-402
7
931
1210
679
243
-359
-939
-373
351
-64
-1091
-1775
-888
18
-428
-280
288
719
910
896
895
-171
-589
-40
100
673
910
745
524
-227
-705
-386
260
322
103
407
134
-1064
-964
-61
-239
-429
-499
-229
438
-36
-338
90
-374
-619
-239
-559
-831
-608
-213
468
775
1011
1957
2326
1766
1358
374
-661
-1190
-1699
-541
123
-1064
-730
-199
-417
-77
-194
-49
-226
-1166
-836
-968
-1762
-1233
-262
1076
2296
2906
3389
2631
1017
679
458
-836
-836
-426
-1210
-1447
-1284
-1183
-784
-609
-217
621
169
-533
65
-2
-160
49
1
534
694
720
276
-1350
-902
1007
576
-662
-946
-563
444
461
341
1209
994
373
379
139
-58
-371
-484
47
-96
-641
-1009
-1634
-1119
159
793
1567
1369
640
1346
1008
-548
-1418
-1890
-956
236
111
204
310
-346
-317
93
-835
-985
461
1138
1232
837
493
942
859
419
-50
-393
-597
-950
-121
51
-1377
-1133
-717
-1713
-1534
-590
-698
-644
529
1484
2099
2151
1403
1078
700
-184
-1206
-1022
541
1274
1533
988
27
144
-1029
-2072
-852
216
664
720
692
296
-1331
-3133
-4172
-2997
-1164
-160
1413
1581
2280
3545
1929
1065
625
-93
17
-717
-611
-372
-324
-65
-241
361
556
824
1049
919
1326
400
-633
-845
-1007
-1165
-2129
-2450
-2479
-3224
-1861
512
1070
1180
1670
2460
1880
540
907
1482
2374
1927
-113
-382
-574
-1539
-2634
-2673
-1041
-45
318
1359
2510
1533
-210
313
969
-283
-757
92
-859
-2055
-2460
-2239
-363
-269
-899
423
2143
3404
2578
1392
919
-349
-1905
-3259
-1971
88
-161
272
1421
1574
571
-163
250
-375
-886
-32
797
1424
1453
1587
1112
-1333
-2203
-2895
-4477
-1541
610
94
1855
2691
2822
1238
-1394
-1518
-2301
-2609
-1377
631
2590
1940
1348
1793
1479
350
-596
-313
-27
11
236
261
346
259
-54
244
-784
-2088
-1826
-4329
-3345
1042
-457
-65
1341
2130
4139
1228
1809
2358
-1702
-1633
-2307
-2471
-1713
-1226
2183
2514
1854
2479
1444
74
-986
-405
-25
-632
574
1258
30
-559
-1368
-1879
-3594
-5665
-1072
1065
-1047
1796
3573
3925
2477
810
1962
-1445
-2963
-1082
-1142
381
920
1652
1795
-344
-92
-399
-1865
-1397
-778
-432
305
1335
2051
1513
1279
464
-1041
-2369
-4830
-1928
240
-3020
313
2858
1545
1656
1818
3545
1066
-512
828
-2090
-2863
-1425
-571
-244
-352
1496
1323
-371
435
603
-814
-480
896
725
563
1944
2169
-102
-1612
-3513
-4683
-1505
-1000
-878
2184
2510
3381
2383
303
-112
-2914
-2643
-1951
-2337
394
1267
1531
2199
2101
1921
739
796
798
-329
455
493
-578
-318
-771
-863
-2112
-3197
-3424
-4722
616
2415
-424
3500
2697
969
1193
211
1236
-903
453
1797
-853
111
-869
-2212
-1527
-1140
8
158
902
2094
1709
1622
1378
185
-719
-856
-512
-1474
-852
-985
-3771
-115
355
-3164
100
321
427
2308
2694
3617
916
741
387
-2222
-818
-1258
-1709
-379
536
1603
1539
1918
542
-1739
-1205
-878
-907
49
824
939
-115
50
-1525
-4352
225
852
-2376
1547
1293
388
1921
1430
1392
-962
-158
-311
-2541
376
892
347
861
272
-37
-642
173
485
388
1588
1264
825
589
-50
-347
-2945
-3515
-4218
-5404
1218
1605
200
5597
2870
1181
2020
468
5
-1600
-57
-1804
-3590
-140
-664
-690
1321
1802
1588
1834
1942
-135
-662
-172
-1055
-180
290
-608
-290
-662
-468
-2142
-2620
1715
-1541
-2061
2960
-413
-513
1437
811
532
-165
1273
-694
-30
2953
327
498
1230
-538
-638
-115
-25
-752
-82
769
51
950
651
-359
-135
-1764
-2629
-4896
-2925
2081
-838
2731
5643
465
1559
466
-1678
-1786
-1713
-607
-2551
-136
1270
-419
3069
3595
971
362
-290
-1491
-1016
1006
1032
1145
1780
-486
-1678
-1686
-2285
-2473
-4004
-685
1205
-1695
2312
1707
-807
2922
1956
865
928
1262
777
-475
1860
-846
-3376
-1284
-1917
-1087
377
318
557
1048
1332
400
1031
919
-914
154
34
-513
-775
-2618
-254
-913
-2836
571
-471
-240
2522
2052
2135
1724
1310
-811
-2089
-1127
-2343
-1145
686
625
2058
2634
1622
748
205
-558
-971
-171
-262
-195
207
-1342
-1472
-2911
-3450
-134
-2092
-1049
2473
291
2005
3204
1932
2056
1940
1131
-1740
-889
-610
-2452
-514
-798
-990
766
629
531
681
1075
1149
1387
1751
293
72
-745
-2580
-2064
-4292
-3346
-451
-2319
1251
2936
1161
3116
2498
1942
1105
-7
-1386
-2661
-488
-1321
-1704
273
18
843
1560
1019
1179
1167
582
670
1014
350
-156
446
-742
-1638
-2237
-4467
-1110
-689
-2463
1941
85
-535
2326
1564
2623
2150
1551
434
-706
-941
-3051
-1471
-49
-775
404
760
736
1330
1163
740
1110
1076
-456
-723
-286
-1744
-1110
-2145
-3025
588
-1719
-838
2224
-862
1856
2362
596
2082
1314
940
-435
-130
-207
-1550
73
-758
-906
124
-1116
-299
443
-38
607
853
624
203
936
281
-1270
-484
-2736
-1293
-12
-3485
1271
1569
-601
3000
1085
980
2014
743
112
-642
-302
-2174
-1871
-520
-1837
300
1666
1811
3413
1820
458
302
-189
-153
-316
-460
-2484
-1921
-2845
-4537
210
-1417
-742
3208
-202
2394
3366
1115
2175
475
-19
-255
-576
-930
-1490
159
-661
-726
646
-984
-76
1060
116
1216
1247
909
986
1171
337
-1549
-1869
-4298
-2321
-825
-3904
901
1198
-562
3546
1573
863
2505
1080
691
1191
1322
151
-362
-1223
-2494
-937
-1324
-1967
155
-18
430
1435
1458
2058
1553
1099
-288
-225
-2057
-3941
-163
-2495
-1534
1977
-2062
1668
2909
-602
1457
635
110
509
-489
-993
-339
885
-637
61
827
-470
1512
466
-761
770
-668
-79
770
549
684
86
-163
-2918
-1721
-1647
-3484
1787
-187
-1657
2234
92
1842
2933
504
1439
1152
-22
36
131
-837
-1047
-976
-1929
-733
-286
-676
1442
2084
1290
982
1479
950
-725
-923
-3825
-2645
-579
-4249
-56
1174
-647
3628
1745
1729
3208
581
757
465
-943
-1378
-437
-1105
-1573
270
-755
-4
1008
-728
786
1348
528
459
-300
-334
-1608
-1606
-1506
-1598
67
-1478
323
2063
-149
1742
980
-162
1024
-295
154
1719
1583
208
379
-1
-1621
-442
-802
-1331
-159
-563
398
1358
823
635
978
1295
195
-367
-1952
-2639
-1101
-2932
-1414
411
-1371
1249
985
-53
2344
1459
844
1883
1721
237
277
65
-1640
-833
-1379
-1719
-127
-105
810
1788
1957
1875
1257
-176
-1295
-2375
-3484
-1309
-2551
-3222
895
-115
922
2454
720
2317
1678
911
1240
203
406
138
-52
-673
-832
94
-419
262
356
-689
623
278
-917
-461
-271
-359
-666
-529
-1663
-673
964
-1283
211
589
-1536
392
201
238
1952
1340
1251
1386
686
389
624
-112
-983
-406
-1205
-1011
-9
-1114
417
668
-435
1127
1055
69
-298
318
-1597
-1774
-684
-4516
-1332
363
-2030
1932
1550
1914
4143
2714
2861
1349
-491
-613
-1357
-2042
-2166
-1522
-914
310
1326
727
1176
1279
-56
-24
200
-1106
-2276
-1593
-2735
-2097
886
-1070
1161
2995
47
2883
2521
105
883
-71
-240
-77
-302
-714
-398
-708
-1418
-166
-540
145
1070
114
755
578
38
177
151
-786
-975
-915
-2618
-695
-877
-1250
2106
-254
807
2278
-163
1536
450
384
858
-483
187
-647
201
-44
-445
931
190
312
-249
-504
50
98
-354
-526
288
-1099
-756
-1293
-1336
856
-1234
1179
1913
-577
1723
-311
-196
972
-1106
370
378
211
460
175
606
-259
-55
-737
-659
709
-110
349
973
549
122
172
-207
-1029
-605
-2225
-1543
-464
-1576
1593
736
-164
2029
-448
55
272
-1288
-46
226
592
638
1412
1817
926
1097
-436
-1252
-448
-867
-1323
-881
-405
-152
825
248
-295
-612
-1582
-152
-1106
-631
1487
-656
1004
1401
-869
620
404
190
554
451
643
788
1418
370
111
250
-628
-373
102
-484
-878
572
198
-153
38
-1508
-1354
-1939
-959
-525
-1659
1035
269
518
2636
545
762
760
-223
-591
-389
401
-547
558
468
-346
1069
571
765
955
969
317
-1100
-384
-1316
-1306
-1086
-2392
-1784
-1514
95
485
256
2022
1008
1082
1733
798
1082
530
-116
-51
25
-184
-626
-303
-238
-244
-69
-423
-543
-386
180
683
343
8
-533
-472
-627
-1542
-578
-499
-529
1030
578
592
1070
294
83
-441
-768
-259
585
1465
1444
1070
672
169
-117
-272
-650
-886
7
317
94
-56
-1196
-1151
-1641
-2436
-1529
-1318
220
1539
1171
1449
1178
976
958
729
16
-683
-56
158
347
737
642
1081
846
428
79
-883
-1078
-1678
-1862
-1346
-1312
-791
-545
425
606
448
1519
814
794
1062
141
-232
-348
-363
-988
-108
928
208
458
955
939
714
469
-11
-476
-342
-859
-758
-581
-1230
-874
-1274
-843
-10
-1160
210
956
3
1213
1158
614
591
498
194
-744
-79
478
173
300
581
849
616
457
163
52
-119
-458
-213
-757
-1329
-1947
-2775
-1679
-528
-379
412
1107
1219
1199
1201
1057
558
472
436
33
140
545
625
375
610
832
606
762
425
-143
-221
-286
-1426
-2554
-2303
-3051
-2361
-979
-1515
132
1303
937
1079
1309
1873
880
660
1111
795
1340
1373
1294
509
-65
326
-372
-544
-946
-1683
-1595
-1568
-1030
-1117
-1349
-1220
-1007
494
724
548
1722
1825
1307
674
585
486
-428
-425
-515
-629
-95
297
706
638
600
960
1081
564
12
26
-469
-926
-978
-1269
-2042
-2953
-2131
-1353
-1298
45
1022
1514
1698
1494
1582
1252
1006
706
817
1110
488
483
624
286
-34
-370
-423
-899
-1130
-993
-1415
-1239
-956
-1108
-869
-736
-367
-102
-402
47
931
1333
1151
1189
1743
1660
948
-12
-506
-540
-542
-88
-133
-115
100
-149
243
-134
-950
-595
-415
-393
-325
-680
-794
-314
83
307
610
732
807
587
474
491
-124
-227
60
82
622
770
524
823
552
-253
-823
-1382
-1860
-1858
-958
-72
165
248
16
-524
-868
-748
-390
56
482
1002
1386
1405
1432
1006
704
297
-525
-59
384
211
448
297
173
151
-18
129
-45
-476
-680
-961
-1082
-860
-789
-1235
-1465
-929
-562
-498
-181
492
872
368
187
489
477
819
1304
1421
1669
1425
863
1120
866
-300
-919
-1204
-1255
-895
-731
-580
-338
-230
-458
-1014
-822
-613
-992
-515
-90
-157
128
265
512
940
1074
917
913
1349
1175
629
757
664
207
-10
-355
-538
-86
-239
-1006
-764
-599
-935
-1212
-1621
-1128
-932
-1092
-516
-435
-94
516
871
1471
1610
1402
1163
1026
1034
870
432
-18
283
603
437
566
454
-320
-1053
-1000
-1005
-1708
-1858
-2121
-2494
-1714
-1286
-769
811
1225
938
1427
1383
1142
1437
1408
1303
1064
706
751
611
341
154
43
94
-269
-619
-635
-880
-1001
-954
-1193
-1416
-1426
-1174
-576
-262
-171
50
296
819
655
36
123
120
246
416
266
363
195
216
988
1919
2241
1678
1463
1452
477
-676
-1083
-1438
-2316
-2836
-2886
-2423
-1553
-1411
-639
901
1337
1457
1727
1730
1295
616
283
141
154
29
-159
1
-93
-168
254
526
733
994
747
204
-252
-528
-830
-1287
-1797
-2348
-2152
-1292
-731
-144
576
899
1154
1314
1005
909
973
1033
1121
462
-129
131
372
215
32
230
416
118
-206
-215
-127
-492
-1007
-852
-940
-1548
-1720
-1422
-960
-781
-509
227
857
1129
1076
899
1080
1404
980
714
1030
815
556
37
-717
-182
376
-257
-225
288
-36
-300
-434
-750
-820
-1083
-1564
-1451
-905
-503
-282
-109
191
374
368
391
525
724
848
887
940
1161
786
364
883
1236
1236
541
-491
-695
-824
-1191
-1642
-1509
-1187
-1572
-1372
-890
-527
144
218
161
478
848
1221
1080
817
721
242
-200
-247
-219
-22
275
318
729
1294
1062
835
797
419
-259
-872
-804
-821
-1095
-1020
-1001
-987
-811
-729
-910
-682
-102
22
406
573
129
169
353
668
991
855
930
1137
1267
1333
1380
1365
548
-717
-1651
-1864
-1637
-1641
-1385
-1089
-981
-1013
-1295
-832
-44
654
1176
932
1093
1338
605
-143
-359
21
902
1363
1302
1544
1332
527
143
-219
-466
-488
-773
-815
-371
-319
-698
-987
-1297
-1117
-1089
-1206
-454
-209
-226
-149
-588
-224
363
306
590
1179
1651
1868
1342
699
855
672
84
-114
-520
-471
-257
-372
173
418
415
523
159
17
-520
-1490
-1942
-1902
-1613
-1374
-889
-446
70
733
716
870
1231
1049
789
347
455
1364
1292
596
527
683
628
175
-132
-200
-348
-392
-862
-1497
-1590
-1514
-1583
-1547
-1127
-616
12
710
1035
1272
1260
976
759
571
646
579
549
551
9
-90
352
428
-4
-257
-240
-617
-917
-870
-460
115
238
97
261
185
-554
-585
-545
-989
-1064
-1414
-1221
-705
-535
306
1046
1374
1750
2122
2284
1910
1505
804
-185
-567
-995
-1457
-1190
-691
-99
418
404
276
210
-259
-1029
-1688
-1579
-869
-1090
-1381
-667
-50
287
263
567
1534
1838
1483
941
457
394
415
-125
-364
408
918
904
679
670
1079
708
-475
-1281
-1533
-1821
-2069
-2521
-2475
-1269
-718
-362
352
412
699
1207
1229
1312
1475
1137
1056
853
102
350
542
312
539
435
304
-35
-450
-418
-561
-540
-510
-817
-930
-1271
-1609
-1327
-1171
-968
-350
89
373
638
705
580
675
834
784
1233
1869
1898
1347
719
508
273
178
160
-357
-616
-954
-1589
-1699
-1816
-1844
-1363
-1057
-598
220
203
-208
-221
-191
216
464
469
960
1563
2168
2249
1575
955
767
459
-349
-644
-633
-1033
-1106
-852
-369
172
-37
-679
-1007
-848
-560
-776
-932
-500
-467
-636
-310
-231
-214
24
151
744
1754
2392
2287
1769
1372
996
646
86
-738
-919
-538
-381
-668
-1057
-930
-744
-869
-978
-1000
-931
-1094
-919
-385
-311
-134
344
829
1104
1533
2129
1795
1081
570
24
-191
-175
-156
-188
-407
-322
290
702
766
442
-231
-972
-1815
-1979
-1502
-1557
-1803
-1125
-51
518
694
694
1218
1922
1920
1441
812
597
314
-524
-948
-609
-210
53
691
1320
1599
1302
22
-1191
-1674
-1684
-1171
-1064
-1750
-2323
-2530
-1441
470
1272
1669
2320
2793
2503
1449
433
-181
5
-139
-722
-657
-658
-611
-442
-281
106
268
233
23
0
245
99
-216
-930
-1814
-2240
-2360
-825
1281
1753
1391
874
1226
1204
132
-124
-47
369
88
-510
514
1205
699
-82
251
1121
775
-57
-1189
-1328
-630
-719
-716
-979
-1700
-2560
-2306
-217
827
833
1360
2205
2162
151
-920
-283
140
348
358
1238
1786
939
395
303
440
-324
-519
415
-493
-1458
-1387
-1098
-1297
-2066
-1957
-1689
140
1757
1162
1527
1442
709
-104
-802
180
387
211
476
936
1692
750
385
526
-443
-747
-1148
-949
-788
-1263
-470
446
658
-479
-1655
-1635
-810
960
1143
618
613
372
423
-162
56
557
222
580
915
1392
1449
1016
691
-483
-1168
-1290
-1226
-1032
-1280
-860
-750
-898
-644
-458
25
-118
391
914
210
227
217
450
792
1171
1746
654
7
-316
-1033
-357
54
331
480
-20
-28
-41
379
659
142
-137
-323
-669
-1214
-1601
-2069
-1361
104
-329
-92
609
563
801
242
995
1609
679
658
601
864
801
501
836
410
253
-31
-623
-718
-933
-1270
-1467
-1439
-1833
-2074
-2474
-2104
-209
12
599
2036
1802
1977
2330
2658
2505
1095
418
-425
-1013
-85
-6
-596
-391
86
-113
-914
-905
-536
-993
-1181
-453
108
68
-613
-1119
-174
178
-294
156
-129
-366
429
679
675
382
377
1192
1798
2334
2345
1390
216
-760
-1114
-931
-895
-1112
-1429
-1957
-2056
-1387
-445
-144
-1029
-708
518
1
-201
608
965
1152
1245
1516
1531
1089
802
336
279
622
207
-325
-659
-860
-255
388
298
-144
-993
-1989
-2175
-1523
-856
-502
94
589
169
215
621
67
-230
-62
375
804
499
901
1570
1478
1478
1179
681
247
-261
-195
210
-73
-920
-1332
-1282
-1135
-1319
-1661
-1522
-1098
-788
-937
-697
-11
437
1078
1491
1641
1689
1800
1898
1453
888
170
-230
-77
8
64
24
38
26
-412
-1141
-1855
-2365
-1957
-903
-600
-459
265
748
479
158
135
55
380
536
289
491
380
171
492
826
1083
738
-9
-454
-541
-267
-44
220
37
-686
-984
-936
-195
610
497
-61
-834
-1079
-580
-216
-176
-31
286
822
1244
862
512
474
312
414
384
-103
-381
-30
315
273
-252
-1058
-904
-361
-474
-540
-781
-1052
-422
350
693
876
841
861
849
488
187
166
46
-114
-107
-160
-212
-277
-157
308
440
98
-201
-349
-513
-665
-825
-578
-121
-376
-479
-194
104
999
1455
679
-641
-1384
-833
47
615
739
515
952
1454
965
386
96
-409
-730
-802
-1018
-1038
-691
-126
385
529
559
401
-110
-250
53
-123
-665
-992
-1048
-873
-599
72
813
1187
1616
1499
494
-292
-228
108
309
563
663
201
-600
-935
-907
-906
-793
-593
-102
430
634
631
602
641
408
50
-24
-30
41
82
-287
-554
-415
-84
10
-534
-908
-1023
-888
-130
404
455
239
353
849
762
543
564
413
179
-285
-1001
-1140
-584
149
925
976
844
1095
620
385
445
-264
-882
-1565
-2116
-1970
-1346
-278
576
1015
1157
1186
955
367
270
334
-160
-808
-832
-524
-436
-60
278
346
462
256
-345
-772
-321
644
1207
1272
958
529
12
-727
-955
-905
-1022
-599
-414
-735
-572
-93
782
1557
1656
1617
978
-70
-818
-1564
-1626
-931
-126
499
248
-136
-146
-294
-171
-107
-464
-318
418
789
915
1059
931
754
531
307
-86
-763
-1223
-1350
-911
-233
33
154
287
315
433
641
587
536
415
-364
-1220
-1381
-1004
-568
-53
389
377
463
526
-58
-500
-105
656
1232
1085
107
-388
-301
-594
-497
-57
21
-100
-270
-265
-406
-259
284
518
889
747
313
562
145
-613
-466
-303
-646
-651
-272
-279
-145
146
-77
-322
-468
-482
90
1087
1604
1155
504
290
366
-107
-1203
-1534
-1064
-851
-634
57
849
1323
1121
504
-90
-448
-254
118
592
837
533
13
-1077
-1559
-941
-580
-194
344
892
1267
575
-159
158
359
59
-117
-125
-111
-291
-588
-775
-652
-587
-697
-222
215
-39
-312
-196
528
1508
1845
1428
844
326
-230
-754
-1319
-1823
-1613
-827
-134
314
654
1152
1575
1607
1074
163
-530
-912
-876
-658
-520
-585
-557
304
701
118
24
181
98
63
-228
-459
-296
-296
-108
228
249
280
244
462
735
342
-182
-483
-824
-774
-274
-99
233
598
219
-39
-16
171
441
159
50
463
734
566
-234
-823
-642
-321
-276
-765
-850
-107
631
986
435
-306
-749
-1202
-848
95
590
860
1426
1350
577
-71
-921
-980
-39
450
515
275
-351
-804
-828
-429
347
887
448
-333
-331
-242
-355
104
304
112
125
-139
-275
69
470
701
481
75
-410
-959
-985
-554
56
352
119
-99
-231
-22
354
430
525
633
715
618
29
-459
-251
50
-11
-321
-857
-1179
-951
-33
803
890
743
108
-279
16
-15
-13
-100
-195
-113
-537
-506
89
374
521
447
494
504
111
-2
-129
-316
-455
-971
-875
-152
331
614
640
703
365
-585
-1231
-1304
-382
747
959
686
115
153
475
92
10
-161
-400
-170
-57
336
651
644
516
230
224
335
168
-630
-1129
-1181
-1395
-872
-460
-439
-144
32
88
-77
226
700
615
615
811
944
536
128
203
384
595
140
-578
-805
-746
-708
-1050
-1122
-794
-14
1153
1166
433
-9
82
784
866
193
-512
-744
-355
110
311
50
-17
25
-197
-27
168
177
233
143
-25
25
-26
-426
-486
-339
-268
-222
-281
-219
-125
164
362
174
204
243
239
532
550
-144
-868
-777
-170
238
139
-291
-404
-158
-23
126
468
951
1506
1191
-96
-950
-1069
-930
-812
-559
80
744
583
-253
-301
-49
-54
312
629
735
548
449
295
-463
-826
-854
-983
-872
-556
26
765
1195
940
249
-167
-11
234
164
16
-309
-602
-315
17
362
800
531
-17
-491
-1138
-1391
-1040
-480
55
810
1303
913
623
670
488
322
33
-242
-93
80
-203
-960
-1369
-895
-215
206
593
792
475
-35
-614
-984
-617
221
923
908
480
475
748
711
287
-358
-865
-909
-1077
-1459
-1427
-1085
-506
195
510
824
1436
1453
955
479
-47
-238
59
514
715
723
585
211
-147
-668
-712
-297
-854
-1616
-1473
-831
13
625
764
386
89
640
1196
1299
1187
779
-53
-1249
-1721
-1525
-1438
-1093
-311
399
561
828
1144
935
438
-270
-347
144
459
474
-208
-801
-766
-557
-305
-162
-73
141
549
970
1374
1035
-276
-835
-774
-1047
-904
-143
672
1171
1171
718
271
-40
27
252
-242
-900
-1224
-1097
-694
-751
-664
8
582
600
319
129
-225
-800
-1014
-648
226
1252
1664
1775
1567
686
182
27
-348
-504
-307
-257
-667
-965
-979
-988
-691
-118
387
746
883
863
471
-180
-228
-157
-489
-404
-106
-81
14
-36
-87
131
201
282
186
-102
-175
-397
-401
268
852
790
619
518
199
-102
-200
-334
-797
-699
-174
-279
-357
-157
239
402
517
952
99
-1210
-1075
-348
-56
-81
93
195
-195
-390
-93
-312
-660
-134
540
841
504
420
922
320
-121
117
-364
-319
199
506
816
655
580
596
139
-244
-500
-840
-836
-346
119
74
-49
69
-217
-431
-153
93
405
244
-180
-521
-1220
-1055
-376
-430
-394
-103
223
339
138
-36
-354
-128
782
1402
1569
1281
861
488
29
-266
-411
-281
-17
-333
-643
-358
-523
-681
-166
-31
25
305
382
552
684
416
-81
-454
-566
-511
-598
-599
-120
36
-449
-548
-170
31
289
704
734
371
402
703
510
36
-454
-616
-681
-399
276
86
68
-754
-2850
-2047
1376
3804
3473
1433
224
-423
-1065
-815
-320
-749
-1281
-804
180
824
1148
1230
189
-1328
-1384
-824
-306
752
967
146
-2341
-5210
-2775
2709
5491
5152
1905
-1576
-2507
-1711
-754
-396
-397
-360
154
1699
2772
1650
177
-1042
-1991
-1223
-287
-201
-444
-493
241
850
385
-334
-369
-491
-31
809
1006
1062
66
-647
-355
-207
123
67
-452
-991
-650
-185
-619
-264
925
1653
1169
433
71
-510
-1070
-1751
-1414
-48
796
1304
1726
1415
-113
-718
61
79
-301
-1067
-1687
-1193
-407
1150
2565
2343
1991
1516
-171
-2163
-3428
-3358
-2396
-1487
-937
-1290
-257
4057
6817
5025
1490
-1697
-3384
-3414
-2943
-1990
-508
656
1503
1932
2025
2126
1217
135
-384
-997
-797
-127
441
641
-153
-1150
-1382
-961
-622
-380
-202
448
1403
1272
401
-673
-1390
-1814
-2153
-1282
103
1040
1802
2183
1946
938
-411
-538
311
397
266
818
1406
1116
-36
-1457
-2585
-2463
-1352
-421
224
719
1005
1166
297
-1295
-1574
-915
-147
589
575
138
134
545
502
-136
-318
692
1507
1042
814
828
-95
-979
-856
-705
-926
-704
-476
-457
272
1104
1222
896
-235
-1433
-1996
-2287
-1850
-1064
-188
666
1452
2793
3068
1063
96
1943
3145
2917
2445
1335
-334
-2968
-4978
-5168
-4443
-3093
-1847
-634
139
42
233
761
1379
2157
2471
2307
1569
191
-717
-1164
-476
1387
1956
1699
1366
637
18
-806
-960
-551
-470
16
10
-821
-1571
-1925
-1269
-960
-1409
-1580
-2034
-1862
-195
2138
3075
2333
2293
2475
2529
2530
1392
-87
-1437
-2057
-1777
-1451
-637
542
932
170
-954
-1792
-2147
-1788
-1111
-794
-610
-213
2
505
1257
1520
1335
382
-237
181
798
1396
1330
1541
2214
1516
115
-908
-1285
-800
-262
-370
-530
-491
-823
-1012
-738
-656
-1088
-1656
-2432
-2989
-2086
-859
307
2060
3057
2887
2506
2177
1029
670
1988
1715
28
-1009
-871
169
710
1290
1739
630
-1952
-3941
-2909
-2013
-3159
-2859
-1821
-1898
-1672
-215
1918
3718
4462
3364
1288
603
1438
1879
1339
417
-706
-1439
-1443
-1222
-946
-293
638
1136
816
-203
-1247
-2105
-2603
-2581
-2443
-1506
-394
269
952
1231
1836
2008
2118
2982
2180
1356
1211
342
-213
-1357
-1965
-1409
-1209
-434
373
343
-153
-584
-454
-492
-725
-662
-1065
-1957
-2436
-2547
-1359
906
2595
4056
4011
2425
1340
451
131
826
1824
1257
-1100
-2367
-2190
-1075
325
675
739
541
11
-576
-1785
-2593
-2614
-2897
-2869
-2349
-1664
57
1717
2338
2780
2313
973
601
1598
2612
3101
3070
1762
81
-920
-1471
-1283
-1094
-1342
-1435
-1598
-1484
-1061
-516
268
673
117
-1554
-2617
-2695
-2497
-920
1073
2642
3406
3216
2736
1903
2427
3170
2219
619
-1491
-2541
-2512
-2465
-1928
-1529
-1092
-974
-1467
-1511
-616
653
1033
993
692
-60
-585
-758
29
1158
1970
1940
747
295
176
15
602
660
564
306
-640
-1194
-1255
-750
-245
-46
137
-65
-157
-41
81
-108
-332
-1060
-2786
-3262
-2568
-925
1413
2871
3759
3147
2298
2136
1495
1575
1533
704
-1183
-3375
-3499
-3352
-2672
-478
1068
1918
2202
2004
1309
422
-395
-1041
-1209
-2490
-3441
-3540
-3079
-549
1469
2465
2716
2470
2681
1665
1154
1800
1769
1076
-431
-1445
-1543
-1639
-1416
-1074
-607
-263
-352
-505
-766
-144
379
97
-306
-1536
-1861
-1140
152
1597
2245
3089
2218
677
101
-601
-247
66
-464
-1361
-1391
20
601
1248
2344
2463
1493
-1203
-3516
-3929
-2957
-1108
-433
-79
311
608
1209
485
230
704
1431
1670
181
-67
288
855
1381
696
186
-899
-1133
-1169
-1509
-115
535
574
315
-559
-326
-69
-26
-490
-947
-278
-911
-2127
-2888
-2521
88
1458
2383
3364
2958
2925
1754
761
400
-950
-1164
-1273
-1554
-876
220
1245
1019
392
55
-644
-974
-1241
-1179
-439
-146
107
-538
-1302
-978
-726
487
1338
1625
1781
539
-193
-659
-509
349
257
246
191
260
401
132
324
225
-156
-304
-620
-414
221
977
1174
355
-248
-1584
-2913
-3025
-2907
-1297
934
2487
2929
2088
1491
947
678
565
439
405
-326
-964
-1364
-1010
59
418
463
144
-597
-870
-661
-300
-146
-56
27
-748
-1589
-1850
-1537
-14
1124
1661
1696
894
684
417
754
1527
1803
2500
1797
416
-260
-1014
-1103
-968
-1127
-1381
-1704
-1664
-1505
-1909
-1850
-766
68
108
-460
-290
200
475
1445
1895
2058
1922
1052
-1
-676
255
1073
1027
928
233
-330
-264
143
320
92
-73
-130
-581
-1535
-2247
-2102
-1606
-1400
-1069
-1123
-1009
-504
-92
1826
3387
3491
2877
510
-1380
-1222
-251
982
1788
1517
845
-216
-1519
-2017
-2061
-807
1158
1501
962
775
438
-255
-708
-1527
-1563
-1006
-1864
-2318
-1690
-4
1575
1974
2102
1155
785
1211
901
597
413
100
-947
-1673
-1423
-534
558
750
749
421
14
84
-523
-1132
-610
150
208
-515
-1715
-1929
-1474
-509
1679
2797
2548
1590
352
-583
-1181
-358
403
847
911
-358
-1172
-1202
-93
1042
1098
1039
499
164
-453
-1576
-1598
-676
377
514
-953
-2502
-2171
-1025
-363
28
925
2424
2372
1276
501
435
1750
2369
1224
-800
-2052
-1772
-1545
-1341
-358
1140
1837
1187
-332
-1389
-396
697
432
-391
-403
-23
-1085
-2291
-2924
-1647
716
1308
1736
1932
1799
1100
-557
-739
358
1867
2440
1137
-610
-1984
-2343
-1979
-1436
-772
-541
-497
-261
138
1279
2280
2547
2092
-1
-1761
-2802
-3266
-1678
-117
1126
2017
1557
1084
986
1163
1068
979
723
-274
-723
-1022
-802
-67
88
117
-747
-1383
-1106
-892
-506
-202
574
719
287
-290
-1930
-2026
-962
-49
1380
2636
2754
1102
-200
-1004
-997
934
1676
995
286
-349
-274
142
193
-98
-349
-959
-1622
-1378
17
1048
508
-161
-754
-1133
-1318
-1773
-1569
-784
1408
3245
2834
2275
618
-1220
-1551
-1166
653
2087
2331
1590
-364
-1540
-1707
-1154
-537
-244
-86
-451
-499
-696
-826
-118
625
1001
797
190
-1075
-2057
-1847
-1132
32
996
1531
1600
1344
1082
228
61
707
484
182
51
-779
-1321
-774
114
864
1018
343
8
404
591
240
195
293
-482
-1186
-1780
-1777
-929
-1107
-832
-6
704
1170
-148
-252
922
1111
1435
1300
464
-667
-1180
-1064
-890
293
912
535
301
203
440
244
288
676
622
569
-463
-2168
-3344
-3195
-1590
-19
1403
2460
2921
2614
1000
-257
-91
666
519
-536
-1059
-1138
-899
-861
-1018
-178
639
711
435
-176
-413
-309
-227
27
429
692
767
196
-1609
-2537
-1886
-771
965
1609
1694
2276
1817
1145
496
-94
-240
-829
-1503
-1843
-1324
-439
-63
309
456
610
823
1069
1284
788
457
79
-1055
-1998
-2076
-1957
-2280
-2104
-1200
671
2564
2710
2114
1363
980
749
392
936
1160
612
-715
-1829
-935
21
128
-22
-419
-748
-720
-66
112
83
602
850
434
-746
-1846
-2623
-2904
-2458
-1422
641
1851
2070
1931
860
1209
2386
2779
2515
1277
442
-890
-2672
-2671
-1896
-954
30
298
373
697
995
1037
674
77
-170
-368
-1069
-2172
-2932
-2525
-1450
-531
-127
325
1125
1521
1779
2134
2497
2804
2018
313
-628
-875
-1231
-1350
-1103
-462
20
-39
17
203
327
176
-332
-919
-1321
-1451
-1351
-1029
-583
357
1071
704
305
262
462
1358
2310
2497
2218
1099
-394
-957
-1030
-891
-865
-1220
-1374
-1066
-641
-420
-68
34
11
21
-428
-802
-1046
-747
240
817
806
735
632
52
-364
168
1063
1641
1530
702
174
457
387
-254
-482
-386
-634
-1008
-1233
-1441
-1217
-192
1070
1321
653
-93
-749
-873
-703
-568
-373
-109
172
-61
-297
287
809
649
578
860
1394
1631
1197
1002
729
37
-689
-1361
-1576
-1552
-1329
-905
-402
46
239
202
-138
-270
-668
-1180
-874
-419
-30
59
444
1536
2242
2503
1771
528
187
-352
-1134
-815
-173
253
452
-52
-291
-292
-797
-1209
-1366
-1085
-410
-25
-97
-170
-83
356
1072
974
369
-51
-43
545
489
6
281
756
528
-157
-439
-106
203
-134
-529
-524
-403
-193
-88
-122
57
237
-22
128
558
341
211
-36
-550
-709
-916
-1058
-1045
-1360
-1367
-504
498
1661
2721
2668
2200
1556
171
-881
-1129
-973
-58
162
-494
-42
240
45
261
18
-283
-588
-897
-760
-901
-1113
-598
-35
280
599
410
141
-109
-351
-24
453
1021
1039
629
589
-37
-573
-236
0
219
270
-255
-306
-176
-995
-1273
-596
-344
-93
398
1136
1934
1645
1251
1086
-16
-901
-1436
-2053
-1905
-1436
-575
325
394
441
270
130
498
329
296
597
513
487
212
26
498
696
285
69
229
-76
-789
-799
-258
-254
-384
-423
-712
-436
-190
-107
654
817
489
353
-68
-233
-607
-1181
-640
-92
-184
-187
-216
496
1579
1880
1805
1532
1117
205
-893
-1320
-1713
-1868
-1372
-970
-556
73
178
154
637
442
-167
-278
-291
61
163
104
784
788
596
1242
748
-123
51
-204
-571
-595
-539
-167
43
203
5
-419
-388
-316
-339
-557
-550
-186
167
544
599
623
1034
1315
757
-62
-502
-838
-520
-73
-251
-43
386
387
347
-92
-708
-871
-906
-564
-409
-502
47
307
155
203
100
8
402
467
30
391
873
893
652
-141
-550
-320
98
158
-18
483
368
-290
44
-43
-624
-591
-959
-1308
-465
491
550
304
306
549
559
-105
-538
-308
-62
106
254
393
242
123
200
-622
-1285
-680
-552
-942
-621
-57
393
926
1472
1709
1630
1417
543
-737
-1148
-1084
-1304
-923
-368
-449
36
1010
1260
802
291
20
-358
-686
-775
-469
557
993
669
522
-298
-872
-922
-1592
-1160
-271
-392
100
1001
1302
993
289
-64
-204
-252
-264
-881
-659
731
1202
1067
1007
801
351
-349
-584
-692
-883
-614
-167
250
209
-621
-1019
-530
-670
-1046
-355
412
810
1420
1817
1701
1201
449
107
119
-97
-256
-499
-933
-1336
-1639
-1468
-1237
-897
-156
134
308
915
1219
980
935
1138
1022
890
730
165
-676
-1146
-1265
-1443
-942
-660
-692
178
321
-64
361
449
199
392
887
1327
1037
564
295
-601
-1094
-1018
-920
-361
-78
98
143
55
295
209
12
-279
-264
25
-383
-357
520
1063
846
318
102
239
107
-473
-593
-234
-344
-738
-471
6
48
113
-113
-417
81
912
932
363
426
408
129
337
5
-783
-1061
-740
-709
-1575
-1545
-397
402
1169
1513
1242
1357
1131
35
-349
0
-611
-1066
-406
-99
284
613
229
411
446
260
710
234
-406
-376
-1026
-1373
-1163
-1190
-921
-688
-585
-265
191
905
1143
1049
1776
2037
1328
807
165
-299
-586
-1079
-1076
-637
-386
-461
-262
-239
-535
-284
-174
-152
162
438
731
932
903
414
-132
-378
-572
-706
-691
-577
-334
112
332
671
977
668
609
192
-535
-419
-405
-455
-158
-322
-407
-61
-199
-239
73
-189
-274
26
291
823
1070
901
842
580
16
-85
-253
-788
-697
-561
-373
63
-219
-343
73
-170
-573
-363
-377
-377
140
293
517
1020
835
455
330
-17
-219
72
140
-162
-299
-242
-151
-198
-496
-637
-540
-523
-206
353
424
69
3
206
39
-3
227
183
193
90
33
347
256
-1
-2
2
150
405
565
349
188
527
499
-36
-469
-883
-1125
-683
-311
-650
-689
-243
-23
-333
-572
-124
125
325
848
897
905
944
654
417
31
-267
-298
-362
-296
-283
-179
-60
-60
-38
-271
85
467
13
-42
-89
-381
-367
-170
101
105
574
1095
769
631
218
-645
-1162
-1636
-1578
-1108
-597
197
552
555
486
137
162
441
423
504
696
882
1037
1097
1075
445
-142
-58
-258
-1016
-2075
-2995
-3343
-2652
-645
1316
1692
1096
1280
1950
2002
1654
894
-183
-722
-550
-518
-791
-659
36
628
664
541
628
692
256
-280
-452
-519
-440
-734
-1429
-1714
-1958
-1960
-736
549
383
114
1049
2111
2458
2141
1153
-97
-988
-1150
-604
-295
-479
18
835
761
316
365
527
178
-220
-419
-579
-245
165
-145
-951
-1734
-2090
-1805
-525
950
697
-278
331
1825
2634
2411
1631
909
219
-312
-573
-1159
-1807
-1698
-1018
-309
43
-82
-422
-160
694
1004
966
940
787
337
-442
-1272
-2651
-2958
-993
902
1263
704
1114
2131
1949
1190
488
-197
-847
-1004
-993
-1451
-1125
-96
208
-98
-206
-20
53
218
612
632
468
729
795
526
222
-536
-1555
-2509
-2463
-642
913
473
-27
1186
2324
2056
1365
605
173
242
113
-350
-1539
-2328
-1535
-945
-892
-505
255
968
1202
1654
1624
1355
1539
805
200
-148
-1132
-2093
-3198
-2821
-801
78
-766
-1204
617
2231
1877
1165
254
-173
21
-237
-781
-1190
-126
1594
1326
380
954
1926
1457
466
137
-495
-901
-785
-1064
-713
30
23
-822
-2301
-2519
-957
508
854
96
-280
768
1463
615
-480
-307
711
734
-10
-295
-13
734
885
203
-56
242
275
-18
-152
-327
-66
583
355
-87
-266
-539
-1037
-2557
-2899
-176
1838
921
-315
693
2609
2080
431
132
112
-206
-890
-1309
-734
-90
443
30
-937
-348
284
-79
-238
-57
327
625
885
825
326
187
114
-665
-1767
-2486
-2370
-632
1793
2613
1468
585
1515
1406
-721
-1866
-1377
-588
-674
-824
48
1116
1427
949
508
274
169
-272
-979
-674
-29
43
300
968
986
373
-83
-1195
-3052
-4236
-2925
779
2716
1327
876
2828
3385
1020
-1110
-723
64
-654
-1591
-1287
-55
557
531
441
224
394
53
-659
58
1009
794
337
795
1457
450
-951
-1641
-2578
-3070
-3411
-2957
-439
1724
2183
1871
2005
2185
654
-860
-532
536
915
261
185
768
787
421
-199
-593
-569
-443
-213
165
588
275
-163
33
-465
-1192
-1341
-1889
-2194
-2448
-2070
1254
4100
3229
1482
1708
2300
180
-1911
-1360
-416
-373
-952
-931
-275
-110
-345
-425
25
917
1560
1245
891
710
-8
-480
-482
-340
-450
-622
-951
-1816
-2551
-2730
-178
3762
3653
1174
943
1756
324
-2247
-2378
-761
-139
-328
-182
373
741
520
338
559
821
717
165
-85
202
155
-328
-196
120
-172
-169
-84
-789
-1692
-2287
-2628
-1162
2138
3053
953
116
938
12
-2009
-1798
-68
1069
1250
914
749
427
-92
-399
-495
102
451
-250
-283
346
100
-255
414
962
686
542
309
-424
-1331
-2309
-2615
-774
2429
3119
754
-912
-555
-529
-1687
-1620
458
2029
1475
623
273
-462
-674
-974
-1258
469
1542
317
-68
442
91
-689
-372
620
420
301
5
-844
-1989
-3788
-433
4639
1991
-1830
119
2665
491
-2518
-1524
903
2197
1422
-346
61
718
-1073
-2196
-1218
-473
121
746
558
257
28
-695
-993
-157
642
886
879
897
362
-407
162
273
-366
-226
-6
225
165
-220
-884
-1454
-1620
-1758
-1605
-864
1079
2018
1114
1083
1663
1556
1351
1239
762
295
-393
-1029
-1729
-1207
38
-417
-85
-731
-1065
-3791
-8199
3723
15140
3867
-6860
-2736
994
-3161
-5659
-3208
3017
9601
6635
-134
165
1230
-3309
-6811
-4396
433
3357
1820
-803
-173
393
-1814
-2543
-63
2025
2838
2852
1321
-657
-1789
-2017
-1296
-545
-2
907
1134
145
-785
-548
133
320
515
711
119
-642
-770
-884
-520
705
1016
320
194
239
-66
-434
-110
875
1047
960
856
405
-493
-1228
-1390
-2271
-2377
-3683
-2560
6456
9287
1041
-4145
-2264
-1011
-2798
-3125
-819
3834
6482
2524
-1682
-1520
-1245
-2472
-2342
591
4188
3841
-166
-2602
-2456
-2122
-1547
366
2248
2186
1248
1116
611
-229
-351
255
638
-393
-1556
-2832
-3665
-5208
-4159
5745
10445
2782
-1891
-110
-302
-3040
-3917
-2153
2938
6205
1691
-2584
-1623
-1035
-2349
-1973
807
3716
4464
1543
-1874
-2495
-2304
-1600
181
1554
2115
1301
283
-637
-1844
-1214
-215
610
1544
981
513
-103
-1230
-914
-119
-68
-398
-768
-884
-823
-588
-162
631
1236
1060
832
644
732
149
-471
59
-44
216
191
-503
-1018
-1389
-2808
-6255
153
11395
6955
-2876
-3555
-569
-493
-3086
-3462
1763
7301
3805
-3105
-3092
-624
-1007
-1497
393
3574
4864
1343
-3603
-4109
-2230
-1244
77
1740
2467
1605
-826
-3475
-3780
-1682
44
1610
3006
3088
2331
-135
-2064
-1388
-853
-288
962
1597
1578
515
-966
-1284
-543
50
545
1526
1050
-314
-461
-1139
-1433
-117
713
1007
548
-727
-986
-801
-1141
-1081
-608
-93
204
352
790
1115
908
580
601
12
-870
-594
-487
-950
-721
-15
913
1290
1439
2194
1500
283
-173
-544
-260
-718
-907
-791
-1135
-3032
-5730
1129
9240
3301
-4740
-4477
-1251
-308
-1225
-528
4064
7370
2165
-4048
-3259
-1190
-1734
-1480
1037
4093
4449
2
-3076
-1202
447
628
810
1164
1307
-289
-2788
-3488
-1849
298
1202
1786
3007
2698
-51
-2498
-2624
-1288
473
1348
822
38
-1292
-2042
-2143
-1977
1200
3274
946
-144
405
-355
-550
339
1113
2095
1752
-102
-926
-1467
-1913
-1084
-162
259
144
12
446
542
182
375
880
494
-85
-109
-26
-125
-524
-406
-166
-386
-399
-186
138
470
405
-404
-460
287
112
-280
-724
-551
9
-1073
-1492
92
1017
1254
1762
1837
1494
654
-17
495
518
-252
-504
-1190
-1682
-788
-237
-279
-257
-156
-62
-551
-361
668
607
-798
-1498
-2001
-2804
1414
6077
2859
-1169
-1125
-118
244
-1104
-1372
1234
1988
-788
-2345
-499
1182
681
724
1985
1823
146
-1574
-2521
-1625
-410
81
1489
2097
1013
309
-183
-759
-946
-1226
-958
-554
-3049
-3082
3187
4791
43
-1724
-52
1306
312
-1404
114
2950
2278
-1049
-2452
-970
-139
-807
-711
277
888
-222
-1796
-1582
-591
372
1413
2144
2303
1602
683
258
266
99
-609
-601
-375
-1400
-2012
-1185
-138
370
656
1028
1053
139
-953
-1139
-1025
-514
242
345
157
17
-211
78
1050
1203
1318
1049
201
137
-409
-727
-1333
-1065
-3664
-6893
4468
12058
472
-6647
-3201
312
1067
-201
1053
6300
6086
-3301
-7219
-2221
288
-451
-279
1223
3081
1078
-4483
-4206
1338
2928
1750
1142
505
-195
-2142
-3536
-1241
2297
3410
2237
959
-91
-1448
-2233
-1475
862
2346
1392
-370
-1453
-1641
-1550
-1038
370
1770
1752
570
-910
-1958
-1301
-145
682
1784
2143
1592
275
-1235
-1722
-1298
-426
238
144
-338
-1041
-1481
-756
61
518
1237
1203
754
916
800
247
358
700
870
757
-562
-1610
-1483
-1232
-952
-436
479
1029
935
249
-547
-493
-122
244
-126
76
1153
-843
-2910
-926
1091
1587
1705
1044
876
811
-755
-1832
-723
512
212
-388
-513
-494
-375
-404
-472
11
643
739
287
-469
10
984
782
646
606
397
-95
-583
-587
-364
-310
-1186
-1365
-2133
-1677
3382
3996
-812
-1968
-461
-3
-401
-410
1179
3274
1718
-2312
-2809
-1117
-470
289
1187
1417
1265
339
-1656
-2014
-167
1304
2574
2578
660
-673
-1295
-1682
-1307
-489
-10
-153
-505
-675
-845
-603
282
728
1048
871
254
359
177
98
233
-59
350
945
592
66
-77
252
201
-540
-668
-1124
-1031
-596
-312
520
-573
-897
-3821
-4479
6822
8268
-3241
-5435
-1088
1882
2302
-225
856
5911
3236
-4955
-4875
-429
937
1393
769
751
1979
-1008
-5128
-2781
1712
2580
1804
51
-1475
-1346
-2157
-1808
1352
3634
3211
731
-973
-1453
-1752
-1733
-930
1280
2171
985
-375
-1094
-530
42
-16
497
1605
1356
-325
-1440
-1737
-1308
-518
259
1052
1113
468
-198
-140
680
894
588
479
-17
-809
-1560
-1742
-1238
-468
682
1008
293
64
388
340
-174
-213
-69
-118
289
451
-104
-636
-564
251
957
1310
1572
1220
555
-135
-585
-513
-393
-532
-1199
-1522
-1239
-900
-534
-48
1228
1590
712
219
-513
-676
-371
-338
-22
-214
-442
-16
542
948
785
117
-476
-752
-941
-635
169
443
346
426
820
1124
792
639
860
886
617
-166
-1036
-1522
-1507
-1120
-669
-18
531
563
445
557
435
-224
-958
-1555
-1627
-613
877
1363
1132
816
-288
-901
-227
475
895
937
760
369
-394
-627
-345
-398
-515
-382
-162
344
722
256
-401
-543
-513
-317
20
4
-5
210
198
-4
-326
-319
195
36
-646
-349
542
816
839
899
514
148
-44
-264
-192
-209
-499
-629
-365
-17
2
-210
-257
31
20
88
556
617
691
508
-132
-295
-450
-771
-722
-807
-1092
-782
-135
440
1148
1394
1078
601
135
178
40
-566
-813
-545
145
362
181
337
346
223
-198
-690
-723
-557
-301
-257
-180
52
334
782
838
662
683
720
489
26
-435
-866
-1124
-1189
-676
48
96
112
474
398
-75
-544
-984
699
2677
481
-1759
-1330
-740
-354
-386
377
1667
1557
273
-536
-164
-233
-277
359
827
828
-6
-658
-553
-489
-652
-306
-78
-279
-1162
-3005
-136
4647
2673
-620
-1439
-1340
12
-536
-1098
1715
3437
1665
-249
-846
-642
146
422
607
879
17
-1214
-1731
-1338
-424
614
944
-199
-1559
-1972
-1493
-1158
-1239
-714
1291
3719
2993
235
-768
-643
-576
-665
-108
1473
1832
296
-717
-402
194
157
-37
993
1663
520
-907
-1179
-661
-333
-163
-127
-281
-2354
-3321
1293
3616
804
-781
-1367
-836
61
-630
424
2353
1863
267
-1253
-1557
-509
309
1057
1536
913
-183
-1117
-1445
-683
283
661
590
108
-476
-1047
-1117
-230
1039
1705
1198
-159
-1516
-1556
-704
-129
777
1982
2383
1419
-10
-495
-290
-156
142
209
-419
-1481
-2094
-1885
-1803
-1108
-2008
-2733
2485
5131
2324
957
-605
-720
67
-697
874
2289
1276
293
-1072
-1872
-1218
-565
216
853
802
858
542
298
586
308
147
-478
-1718
-1746
-1573
-1617
-1224
-692
152
642
472
529
847
968
1153
1137
1047
1472
1122
-3
-492
-295
-215
-788
-928
-206
126
-449
-776
-357
-130
-95
-574
-1079
-989
-595
998
1911
1411
952
-369
-1298
-1436
-1081
661
1698
1385
915
422
-355
-1076
-421
692
853
123
-621
-350
-658
-1668
-1641
-823
153
-92
-954
-1125
-459
1919
2875
1359
723
461
6
-244
-215
708
1134
442
-35
-158
-296
-714
-996
-65
695
127
-711
-1020
-392
-60
-208
300
646
235
-631
-1070
-688
139
943
912
476
-132
-817
-1116
-1278
-602
464
765
710
429
178
-94
-434
-157
466
855
821
683
830
698
232
-88
-475
-580
-719
-1148
-453
192
150
325
-374
-546
178
35
-79
118
505
895
473
-182
-359
-436
-799
-788
-155
339
77
-612
-561
156
644
493
177
508
547
-25
-275
-119
594
922
106
-450
-217
-263
-694
-809
-688
-337
-197
-284
97
258
488
722
268
104
161
111
4
190
787
601
-208
-884
-883
-341
-325
-85
712
1036
729
191
-36
-19
-83
-550
-776
-80
20
-446
-427
-158
40
-113
-195
-331
42
730
469
580
991
695
28
-552
-314
228
94
-515
-450
10
-327
-900
-793
-216
17
-46
-70
111
289
-98
-109
560
748
636
617
238
-27
-1
-408
-642
-314
96
345
143
144
358
-80
-608
-615
167
843
550
558
410
-197
-272
-653
-1118
-820
-165
-56
-529
-280
529
462
-97
143
542
785
726
179
597
633
-417
-780
-805
-446
-193
-620
-493
-290
-514
-98
550
801
840
630
597
425
-76
-416
-878
-1291
-1054
-302
37
39
411
796
726
387
348
529
566
272
301
817
355
-510
-755
-856
-845
-904
-1019
-826
-441
25
677
1059
985
774
284
-91
120
291
-52
-499
-559
-67
267
13
52
267
352
524
252
-193
-329
-542
-719
-358
163
87
-279
-342
-336
-393
-368
-416
-252
205
325
300
537
1087
1263
-272
-2081
-1467
1434
3899
3080
302
-1361
-1978
-2325
-2029
-996
-588
-891
-65
1409
2016
1702
947
231
-375
-861
-796
-191
678
1467
906
-416
-2004
-5220
-5962
-633
5592
7518
4806
110
-2684
-2412
-1189
-397
371
557
7
77
705
461
-1066
-1919
-1096
-111
527
779
765
583
88
289
960
917
-571
-2538
-2538
-1494
-535
981
1593
1139
716
336
548
754
472
537
426
-254
-946
-1104
-521
137
192
-230
-260
-1
-200
-456
-453
-144
777
1401
969
188
-1241
-2395
-1574
296
1850
1733
918
707
-208
-1487
-1918
-669
1124
1164
-52
-1132
-1518
-1123
-223
1015
2733
3311
1522
-1596
-4257
-3442
-108
2298
3275
3034
1411
-1813
-3961
-2043
1768
3241
1988
612
-467
-1778
-2475
-1558
-324
-276
-311
-97
436
658
-80
-392
-461
-15
732
322
40
199
271
457
725
1013
521
-236
-703
-965
-959
-753
-17
784
1659
1690
231
-1330
-2665
-2531
-361
2521
4151
2396
-1166
-3676
-4144
-2660
-440
1698
3388
3494
1595
-788
-1733
-983
473
1669
1481
502
-241
-1147
-1662
-1756
-745
1211
1543
801
41
-526
-1178
-2350
-2359
-1672
-624
1061
1500
1023
882
1342
2068
2310
1636
-55
-1270
-812
247
461
-396
-1238
-1023
-126
515
530
-7
-1011
-2071
-2120
-1555
-784
493
863
770
1595
2330
1932
248
-1819
-2708
-1605
493
1872
1866
1104
465
-220
-408
298
835
807
431
162
-344
-1269
-1390
-1036
-1395
-1832
-930
750
1341
699
-81
-371
-335
-7
208
196
584
469
149
453
605
628
263
-244
-157
274
782
770
162
-495
-1093
-1263
-882
-1025
-1503
-1205
-418
685
1773
2252
1904
836
-554
-1663
-1570
-898
-95
835
957
906
841
480
355
-45
-648
-1142
-1133
-206
638
1215
1418
951
135
-887
-1000
-771
-693
-133
-169
-374
-545
-641
-272
-504
-828
-655
271
1477
1834
1554
833
285
-277
-902
-706
-56
687
764
-194
-934
-792
-296
-125
56
448
308
-285
-1016
-813
640
1303
1318
932
-259
-1291
-2139
-1989
-788
760
1684
740
207
475
129
368
1098
1806
1749
35
-1499
-1788
-1386
-614
-489
-740
-207
396
333
457
596
31
-283
-45
60
-245
-436
-445
-304
700
1794
2349
1308
-1008
-2377
-2879
-1598
657
1995
2672
1428
-830
-2087
-2055
-651
689
989
912
552
-172
-617
-650
-512
-423
-514
-278
353
771
777
739
460
-331
-228
1294
1992
1264
394
-411
-608
-753
-1438
-1507
-1078
-481
-506
-1284
-1060
-144
567
665
-115
-652
-206
612
907
1127
1307
822
400
289
232
-113
-296
365
750
690
475
160
-88
-991
-1605
-1487
-1300
-499
51
373
1006
489
-479
-832
-784
476
2205
2242
745
-593
-1705
-2293
-1743
-850
302
728
522
1059
1039
663
649
350
-140
-601
-514
-358
-359
-226
-192
59
476
887
914
576
174
-394
-662
-679
-453
-70
32
-84
-705
-740
-87
-293
76
946
872
805
286
-753
-1153
-558
722
1279
885
282
-226
-219
50
-282
-1085
-1452
-971
250
1273
1434
798
-225
-743
-652
-337
156
883
1146
512
-116
-176
84
103
-193
-979
-1962
-1833
-686
701
1279
807
582
383
-3
-239
-707
-788
-214
345
420
267
742
1233
935
303
-343
-487
-227
-476
-661
-433
-526
-154
660
959
855
105
-387
8
37
-279
-550
-1120
-1394
-705
388
1062
1018
783
554
-145
-628
-354
-31
89
403
717
378
-470
-1102
-1218
-919
-412
-87
63
415
926
1134
855
384
-178
-658
-790
-436
193
772
1311
1450
1017
276
-326
-503
-519
-783
-1175
-1034
-792
-673
-402
-337
-257
22
428
667
644
611
628
368
-567
-937
-172
434
508
544
560
134
-517
-613
-353
-171
552
914
293
-190
-782
-909
-348
12
332
430
635
709
24
-468
-313
-65
212
379
-3
-220
41
121
175
227
21
-10
-155
-621
-712
-650
-264
41
-91
-55
-176
590
1356
935
499
-447
-700
-290
-782
-779
-382
-264
81
444
644
637
515
453
213
-321
-923
-955
-416
57
677
646
310
913
984
280
-294
-733
-1278
-1684
-1206
-538
13
761
1253
1205
653
-73
-175
213
311
616
406
-369
-461
-699
-911
-751
-254
667
978
750
376
166
160
-168
-363
-400
-807
-1094
-692
59
459
361
457
666
370
-28
-57
99
-253
-434
31
-365
-729
-85
193
244
546
754
690
588
557
70
-409
-499
-352
78
-54
-518
-525
-522
-628
-729
-838
-313
836
986
725
1147
651
-36
225
246
-290
-751
-590
-546
-630
-66
418
283
104
354
169
-102
29
-355
-234
464
730
591
15
-408
-565
-643
-779
-800
-362
-227
-211
417
994
1162
1276
920
424
346
27
-139
60
100
-266
-1029
-1204
-893
-915
-807
-219
65
-250
-262
251
835
1207
1043
479
321
467
63
-674
-823
-410
-282
-239
-27
174
220
102
316
286
-13
-26
42
-193
-526
-69
138
146
500
149
-399
-867
-756
-81
405
777
508
305
549
376
258
372
-45
-774
-1118
-1062
-543
193
234
102
699
808
591
622
-150
-808
-698
-382
-195
-344
-337
40
276
-123
-227
338
846
677
23
72
-283
-853
-104
135
-448
34
860
722
370
-74
-647
-902
-1141
-987
-480
-349
-22
1069
1746
1701
1305
676
648
543
408
235
-718
-1279
-1462
-1461
-1235
-1055
-624
-390
-256
157
259
318
946
1079
850
766
585
690
200
-173
-110
-495
-280
1
-207
-676
-1026
-691
-469
-306
211
466
214
408
860
498
236
174
49
352
463
370
-46
-829
-1082
-1142
-1137
-275
738
1003
841
146
-488
-465
-408
-137
3
97
464
288
231
505
342
-109
176
1126
1025
379
-47
-860
-1679
-1603
-743
-739
-852
81
346
178
351
156
86
506
828
998
1032
708
397
177
110
238
193
358
215
-527
-1075
-1503
-1423
-937
-699
-637
-562
-366
-511
-366
494
1050
1374
1222
608
307
-6
8
398
366
96
196
443
200
211
312
-174
-146
248
50
-518
-818
-931
-950
-504
-20
-7
-378
-284
191
289
476
547
358
339
202
-176
-437
-314
7
57
-46
44
-147
-279
31
293
601
567
242
76
-67
-94
-178
-162
56
100
91
-54
-526
-488
265
328
-45
234
172
-446
-794
-632
-152
-227
-86
669
821
803
589
-37
-367
-287
-269
-705
-674
-168
-214
-58
770
843
378
326
-23
-204
-170
-207
25
157
327
382
474
335
-29
-130
-523
-636
-777
-898
-389
-154
196
689
815
648
545
578
-21
-504
-673
-1191
-949
-166
-113
-226
239
740
749
534
309
310
410
396
296
-313
-930
-1094
-942
-512
-176
162
223
174
409
367
550
862
597
550
589
309
290
-112
-958
-1070
-623
-497
-527
-216
-7
82
140
200
384
93
-50
333
461
117
-295
-298
-322
-283
62
152
-51
-137
-108
-103
-52
-282
-404
-105
60
451
912
659
451
814
577
73
160
-237
-892
-898
-771
-856
-866
-481
-8
134
298
572
392
19
80
249
302
437
534
437
220
-3
-347
-481
-171
-89
-97
-41
-78
12
-75
-14
260
374
425
-92
-649
-410
-162
-257
-167
-21
-79
38
519
593
124
-85
6
304
66
-126
625
209
-623
-567
-759
-402
316
203
-551
-991
-495
395
872
826
824
878
859
476
-421
-1242
-1345
-694
-365
-306
-234
-304
-183
157
794
969
989
1087
687
639
352
-304
-553
-763
-905
-719
-295
-358
-364
-104
-473
-407
159
258
500
808
586
413
282
-304
-460
-157
-408
-535
-20
424
492
95
-233
67
486
603
562
488
446
230
-374
-457
-629
-1127
-759
-1146
-1082
-9
-157
59
216
67
527
752
998
784
446
104
-379
-270
-164
-53
-204
-519
-82
466
680
744
554
352
241
-77
-368
-518
-692
-748
-789
-914
-755
-372
-433
-302
599
1102
996
1050
955
212
-295
-235
-418
-447
-263
-115
416
776
555
-40
-460
-306
-76
104
183
62
-46
-132
-227
-279
-48
215
124
60
273
565
535
-223
-1019
-961
-819
-958
-726
-283
254
634
426
365
732
736
679
903
628
-151
-607
-468
-120
90
-178
-413
-160
-376
-412
-107
-495
-402
192
592
1010
921
575
336
-61
-291
-327
-615
-716
-577
-346
97
-157
-326
260
291
69
107
74
-101
-108
-81
-318
-29
601
910
1058
1125
886
181
-588
-1120
-1195
-1112
-1269
-1082
-394
176
476
796
817
461
301
421
341
14
-80
-129
-164
-45
173
218
-84
35
179
-19
-137
-285
-209
-97
22
-26
-276
-156
-168
-40
155
-138
-36
260
266
-40
-579
-737
-719
-568
-13
600
836
871
948
1004
1172
735
130
180
-169
-860
-1075
-560
-127
-320
-212
74
86
-80
-411
-775
-1062
-1156
-820
-268
85
595
1164
1239
896
726
792
401
-175
-552
-810
-787
-547
-10
631
721
536
455
208
-130
-482
-387
-24
-261
-634
-583
-198
106
148
238
636
802
512
573
469
-162
-739
-757
-612
-931
-578
17
-23
-58
81
286
252
372
541
272
11
63
362
332
-97
-94
212
153
93
-178
-552
-568
-890
-873
-513
-393
165
693
796
806
920
1128
955
372
-124
-245
-346
-855
-1241
-1247
-1195
-904
-490
165
822
925
1151
1160
344
-344
-531
-862
-926
-269
276
438
328
537
875
804
987
714
116
-335
-843
-663
-676
-1002
-446
203
264
430
269
-369
-533
-781
-757
-295
-416
-182
476
794
832
483
144
-43
-329
-316
-26
88
207
364
418
290
87
339
780
641
158
11
-124
-313
-219
-401
-683
-482
-80
-35
-179
-84
-287
-753
-742
-88
512
516
172
-170
33
-2
-157
568
757
422
326
190
234
71
-272
-454
-729
-957
-602
0
76
-179
-278
-132
-63
100
807
1359
1095
750
696
387
-40
-366
-590
-738
-792
-727
-618
-364
-257
71
676
745
550
556
743
687
112
-751
-1400
-1520
-1113
-266
328
518
435
197
158
-114
-456
-324
-60
-159
-609
-656
-309
-82
805
1797
1745
1563
1462
1181
654
-88
-905
-1800
-2099
-2223
-1860
-620
109
370
601
767
598
487
902
824
465
394
-33
-616
-520
-206
-19
191
28
40
106
-167
-223
-222
-289
-628
-852
-387
172
545
849
1086
976
625
136
-644
-722
-377
-627
-845
-737
-423
39
494
644
578
744
854
609
129
-43
-190
-527
-452
-366
-181
-112
-434
-638
-791
-759
-750
-608
-310
178
1099
1306
1271
1458
1176
1068
744
132
-100
-678
-988
-347
-10
-408
-1149
-1840
-1804
-1069
-441
165
821
917
1025
1052
839
970
688
66
-151
-37
-273
-809
-587
-331
-388
-216
-328
-351
-156
286
1073
828
354
508
142
186
497
166
-27
-250
-685
-1165
-1273
-779
-407
-573
-820
-539
-93
451
1507
2410
2292
1629
1059
384
-169
-806
-1648
-2214
-2345
-1925
-1215
-137
886
1255
1322
1160
953
576
24
-100
-28
-76
74
109
-291
-312
141
296
158
-56
-585
-1188
-1220
-781
-332
-211
-128
145
405
605
643
948
1156
1103
1142
415
-180
-195
-568
-593
-564
-764
-750
-815
-522
-179
-78
447
922
1139
980
436
272
-117
-943
-1606
-1916
-1356
-474
238
857
1382
1774
1252
577
370
-95
-448
-567
-476
-337
-252
58
315
559
634
506
129
-724
-1280
-1132
-912
-909
-429
283
378
317
670
1027
960
835
431
-99
-295
-508
-27
716
677
208
-452
-585
-479
-711
-523
-322
-550
-559
-283
-151
-264
-124
169
21
-130
276
640
364
211
380
346
226
-228
-397
140
349
361
513
486
590
876
794
467
262
-139
-793
-1195
-1243
-1275
-1205
-817
-434
-348
-347
-75
426
578
592
835
832
1026
1064
645
732
518
-70
-433
-793
-1023
-1193
-1091
-825
-563
-493
-507
-242
93
849
1550
1612
1376
1011
515
-312
-885
-918
-713
-358
-181
-183
-70
68
-71
-203
-158
-105
-36
-121
6
578
783
415
-87
-306
30
9
-484
-515
-527
-777
-700
-406
-229
287
796
833
1072
1186
1201
1300
1107
566
-465
-1066
-1267
-1446
-920
-308
-278
-641
-855
-782
-768
-526
-65
137
248
757
1352
1358
913
861
1076
703
253
-238
-1020
-1158
-1189
-1436
-1128
-676
-83
482
661
966
1119
850
457
418
456
23
66
400
332
327
149
-400
-976
-1375
-1432
-967
-513
-239
320
530
403
349
45
-117
19
224
752
840
66
-286
-236
-67
185
-123
-299
-349
-450
-335
-501
-311
197
131
188
768
975
872
1006
1176
1059
282
-542
-853
-1002
-1248
-1599
-1425
-899
-464
30
621
825
386
463
450
-179
-384
-514
-131
358
265
323
255
544
997
961
931
441
-362
-798
-811
-734
-669
-386
-288
57
521
459
279
-226
-431
-311
-706
-913
-827
-491
13
432
951
1017
902
968
995
980
385
-224
-504
-840
-701
-686
-852
-182
472
286
53
101
-187
-468
-173
36
-170
-115
-55
-432
-126
319
-18
304
599
-32
-36
161
-13
329
447
428
691
-166
-1265
-1127
-719
-520
-64
546
843
985
1050
466
-307
-391
-227
-421
-727
-511
-39
244
768
841
406
-36
-762
-772
-382
-338
-457
-493
283
1048
1421
1075
-106
-690
-787
-551
-277
-368
-185
334
826
705
449
588
428
-88
-574
-1049
-1284
-1242
-1207
-632
77
363
612
722
983
976
678
481
236
599
689
120
-364
-1076
-1238
-669
-123
406
536
197
-161
-446
-635
-500
-249
-523
-453
277
243
82
340
448
848
1161
873
23
-793
-783
-420
-139
-68
225
907
1233
1239
521
-615
-924
-782
-731
-785
-641
-614
-918
-426
515
968
890
519
257
-19
-147
-377
-483
-86
-190
-237
-113
-272
41
65
102
556
474
806
1106
379
-250
-792
-1056
-476
233
549
431
309
56
-312
-335
-420
-361
-178
-201
-203
-90
78
155
477
384
18
154
-185
-45
317
-438
-642
-502
-226
554
397
199
129
-357
88
485
354
571
680
763
672
-141
-1131
-1260
-782
-486
-516
-416
273
558
498
473
35
