727
1633
1154
879
1369
1402
834
482
-119
-1251
-2471
-2756
-1951
-1244
-794
354
1773
2361
1770
1006
993
574
-64
-740
-1035
-333
-188
-423
-448
163
333
22
523
132
-171
-293
-98
982
791
1047
1032
-345
-573
-383
-480
-502
-547
-558
-634
-788
-771
-238
-15
-235
316
716
441
172
-744
-1239
-841
-658
-130
770
1427
2086
2086
511
-861
-1190
-1287
-958
-447
581
1372
960
300
-93
-37
-592
-1697
-1248
93
1143
1491
808
738
597
-277
-13
424
233
-337
-917
-216
611
298
-171
-453
-639
-1143
-2008
-1820
-1110
-325
599
891
1214
907
23
-343
-161
267
616
1577
1796
988
687
267
-669
-1367
-1101
-338
209
63
257
852
-45
-765
-486
-671
-532
271
505
193
6
160
-27
-1226
-1483
-1014
-698
486
1249
1505
1412
842
516
-2
-391
-741
-1014
-580
-722
-1052
7
729
654
377
127
704
807
870
277
-1213
-1163
-655
6
468
177
321
880
1229
1136
800
-136
-265
-195
-989
-1023
-1495
-1968
-1083
379
1044
709
744
479
-43
-386
-618
-291
-315
-920
-951
-449
-192
265
394
387
1259
1743
1400
783
110
-581
-606
-67
46
157
-32
334
1149
541
16
-162
-836
-1363
-1580
-550
494
-229
-307
399
10
-529
-1043
-582
843
1228
983
383
367
737
442
63
-964
-1026
280
303
-623
-510
-230
-1127
-1637
-1441
-187
1209
1210
1535
1376
608
-29
-1090
-1142
-306
369
833
877
585
879
1532
1020
-187
-793
-868
-865
-1016
-1107
-324
452
127
-149
214
422
-12
-506
-925
-1092
-488
67
-23
62
671
384
-465
-171
936
1750
1342
377
395
617
-452
-1440
-1234
-860
-617
-391
97
341
275
786
1082
696
423
533
195
-780
-1352
-810
527
813
17
-223
-471
-752
-470
-177
-131
-333
-516
-641
114
1148
840
685
474
-261
-209
-32
-152
-166
-314
-487
273
607
498
1198
592
-545
-567
-200
-428
-1068
-1017
-1244
-1125
-38
1058
1740
1681
1863
1734
473
-523
-902
-1619
-1853
-735
-165
-482
-429
-318
-330
-44
653
1084
1158
1872
1950
772
197
-600
-1546
-1897
-2334
-1512
-218
390
593
137
-197
-86
808
1524
994
30
-436
-160
-190
175
875
929
896
559
339
-406
-1307
-1338
-1763
-2082
-1435
71
948
735
814
468
-22
419
740
-324
-1447
-1029
-373
196
1192
1694
1693
1374
462
-278
-732
-809
-493
-904
-1042
31
944
924
920
989
592
620
422
-479
-1442
-1682
-972
-822
-971
-445
302
-31
-205
544
103
177
502
-173
294
726
188
400
720
-13
-253
-29
120
296
-589
-760
705
1267
411
-128
-1071
-1940
-658
-28
-533
-287
573
1545
1137
306
301
370
-554
-1379
-673
-44
686
1119
287
-85
-606
-1561
-1216
-572
-85
328
-438
-69
1034
15
-677
-1
335
889
1687
1443
1123
889
435
640
103
-807
-1283
-1370
-1115
-1321
-932
-701
-265
798
581
206
237
498
606
469
433
-307
-431
400
426
-295
-258
286
72
-178
-309
-368
-328
-743
-430
492
778
823
491
35
-324
-864
-603
-77
-196
-293
91
628
727
451
-317
-647
-410
-672
-817
-471
789
1553
1097
814
395
506
64
-1069
-577
344
494
-376
-1060
-896
-1143
-915
-331
342
969
791
960
783
275
621
196
-570
-546
-897
-956
79
386
36
248
-66
-301
166
-78
-672
-499
557
1272
1232
1099
356
59
356
-701
-1252
-437
-304
-50
58
-608
-644
-435
-320
-265
-233
201
552
841
599
-791
-1497
-1157
-960
239
1662
2390
2917
1478
-150
-73
-617
-1598
-1912
-1797
-1047
12
831
976
534
410
-142
-605
-35
-95
144
916
1255
1663
1182
189
-635
-1462
-1245
-483
-637
-489
293
672
53
-1736
-1524
-286
-402
43
117
-19
148
150
46
-595
-161
855
918
573
565
734
820
1286
1425
995
156
-814
-1075
-579
-37
92
476
598
305
-1
-576
-685
-736
-959
-809
-812
-899
-445
-608
-1470
-959
33
943
1818
1424
822
271
-106
253
-14
-846
-1083
-648
-141
-65
171
859
1414
1189
71
-398
-372
-451
77
295
1229
1946
577
543
991
-539
-890
43
22
-392
-892
-733
-638
-1482
-1636
-1850
-1514
-573
-310
384
887
1732
2225
1679
1226
-340
-1450
-1002
-463
-397
-656
-202
353
74
218
687
117
-268
28
598
1088
753
623
525
504
250
-411
125
544
207
-327
-494
-164
-729
-1471
-1587
-1043
-769
-1029
-218
565
807
918
200
313
913
136
-160
299
237
442
530
-4
-417
-675
-835
-1332
-1776
-862
144
854
1748
2228
2576
1605
-18
-832
-829
-68
-370
-865
-930
-618
669
677
-53
-37
-261
-961
-799
-4
102
395
444
593
1283
641
-207
-570
-1461
-1586
-1136
-692
396
425
251
690
194
151
-166
-1060
-1087
-408
1049
1864
1638
1049
530
155
-784
-1483
-1176
-360
239
1068
1675
751
-783
-1319
-368
303
-35
-322
127
980
818
590
-254
-1561
-717
-3
326
1275
902
221
-267
-757
-603
-318
2
-103
-781
-1110
-881
-669
-625
-407
-119
509
1085
687
272
299
177
39
-293
-366
484
916
551
353
716
1228
301
-737
-357
-13
-273
-1131
-1330
-756
113
1404
1149
310
178
-241
-578
-888
-828
-514
-1129
-1127
268
829
1081
1679
1543
1010
127
-77
360
227
-175
-777
-1188
-1677
-1746
-807
49
387
392
769
963
679
709
670
375
-347
-1320
-1265
-328
-355
-451
670
1642
1877
1229
483
-163
-1313
-2111
-1953
-657
-102
-412
649
1426
845
207
-87
274
128
-1004
-855
-158
-355
-463
-205
1092
1971
1364
953
236
-714
-999
-1184
-1251
-924
-749
-220
773
1089
1064
736
423
-136
-425
519
608
399
130
-217
69
-428
-293
436
1007
970
-392
-640
-331
-441
-476
-1209
-939
80
-435
-52
843
-623
-1159
-211
9
4
-358
-779
-1161
-328
1247
1080
887
1002
438
-65
-799
-131
1170
105
-895
-189
884
1262
407
58
344
404
584
-234
-1288
-631
138
-6
-162
-761
-919
-225
252
517
162
345
853
213
-241
-569
-1044
-933
-59
565
410
789
574
-196
-215
-97
324
422
364
263
-373
-389
-420
-626
-299
-568
-566
325
499
335
175
332
825
375
-50
-467
-620
-111
-427
-267
200
285
334
-130
529
1173
84
-791
-937
-891
-815
-785
-334
-80
54
1111
1033
-96
466
821
22
-282
-329
-68
169
102
515
963
1040
1020
269
-794
-1130
-1604
-1667
-706
-153
-40
-156
143
744
779
847
462
101
6
-24
283
104
712
712
-471
-261
-421
-928
-1029
-976
-125
180
197
291
209
305
318
298
-328
-610
602
1130
498
696
933
384
-84
-484
-665
-737
-1019
-1123
-433
266
90
-150
-285
-399
-719
-494
-29
-708
-675
-155
148
1034
1307
1380
1633
1152
739
641
296
-36
-757
-1089
-1146
-1475
-719
-413
-231
182
-19
491
360
195
311
-34
270
368
273
186
133
-71
-213
197
58
101
323
-10
125
492
479
194
-739
-1469
-1065
-737
-585
-597
-656
283
749
365
795
956
55
31
442
192
350
80
-960
-1140
-727
-548
6
1097
2168
2644
1591
440
623
-527
-2108
-1179
-205
-201
-635
-1369
-1153
-782
-697
-609
-154
123
167
1324
1715
1788
2231
990
-431
-1122
-1710
-1865
-1457
-1488
-1411
46
675
617
606
-35
248
787
1119
1025
183
363
42
-840
-864
-1279
-934
188
1154
2040
1726
1220
783
-449
-1356
-1567
-1033
-548
-325
766
1142
345
183
1124
1979
901
-694
-1141
-1138
-1095
-1444
-1370
-1364
-2058
-1628
-934
-338
1058
2035
2740
2640
1272
377
-283
-564
-8
115
820
1868
1187
372
-108
-1216
-1916
-2052
-1501
-783
-862
-698
55
565
739
133
-914
19
1452
1159
1291
1501
919
136
-755
-854
-253
265
56
-203
-504
-1404
-1580
-1667
-1978
-1452
-857
76
1932
2691
2032
1870
1090
-399
-757
-1143
-1767
-1085
492
1950
2544
1467
302
395
-75
-911
-1236
-1422
-784
-332
-161
379
47
-317
-55
159
178
165
510
730
291
-507
-419
-566
-1824
-1477
138
1003
1458
1809
1127
591
1025
236
-860
-1606
-2048
-1253
-392
325
455
166
607
365
-1028
-859
1026
1889
1737
1309
362
-503
-236
-18
-702
-1166
-1467
-642
-379
-1488
-1363
-1032
253
1781
1306
1118
1172
-154
-1821
-1987
-1320
-967
-207
692
1548
2120
2021
1810
1071
272
197
41
196
-231
-1169
-617
-447
-589
-290
-273
300
497
443
92
-476
-615
-1262
-1064
153
378
-144
-149
-597
-1176
-1193
-848
1074
1590
1187
1702
709
98
-45
-363
-464
-579
-289
-50
373
-114
-56
913
748
104
-1322
-1852
-1203
-706
154
834
1644
1680
503
453
1279
812
43
311
88
-525
-594
-843
-787
-151
-323
-1018
-788
125
520
-184
-1351
-1540
-1084
-1435
-690
664
-299
-480
578
241
902
2745
2773
1460
932
1376
2120
1519
29
-88
-501
-1304
-1845
-2709
-1702
-465
-1105
-1409
-1240
-1135
-217
1015
1107
261
305
1141
979
692
625
173
530
675
105
-89
-85
-46
-154
-596
-388
950
443
-861
-174
305
60
-997
-2033
-2391
-2386
-1194
-39
1036
742
251
2458
4325
4253
1554
-1634
-1479
535
1946
1620
446
-897
-1226
-723
-1132
-1164
-2200
-3877
-3793
-2276
316
1273
778
470
237
858
1355
1122
433
251
979
1999
2478
1404
-205
-1542
-1303
105
590
289
-116
445
330
-308
-359
-1998
-2999
-2301
-1828
-894
312
1288
826
-1576
-1204
3027
4986
2937
150
-287
2039
2837
184
-2092
-1949
-945
-278
-752
-1583
-1395
-814
-422
-638
-1235
-2163
-3016
-1592
1008
1982
1322
759
2201
3921
3159
1328
51
-160
631
494
-482
-552
-304
-465
-416
-140
-58
-192
-183
-157
-998
-2933
-4309
-2449
908
1347
-1219
-3334
-1344
3260
3879
-310
-1791
1841
5333
4699
763
-474
1175
1077
120
-946
-2165
-2553
-2062
-1647
-1734
-2426
-2737
-255
2285
1917
559
671
2282
1906
-465
-1446
-286
1328
1085
64
349
883
1067
470
-779
-966
-1084
-764
125
-642
-1125
-1420
-1732
-792
-629
390
330
-2457
-1591
1311
2393
1933
911
2546
4432
3615
510
-1679
376
1131
-1256
-2708
-2840
-1928
-1662
-2201
-1730
-1064
-429
997
1178
-274
-164
1349
2111
1675
771
681
814
-330
-1294
-838
-202
1386
2371
1346
1240
895
337
-179
-2223
-2886
-2365
-1885
-2228
-3265
-1125
1676
428
-2552
-1226
3516
3934
324
-325
3427
5375
2949
208
-529
134
-570
-2891
-3635
-1503
739
19
-1891
-1759
126
733
-493
-2168
-1942
471
778
-583
-684
1283
2996
2456
2830
2986
2261
1520
-446
-1057
-764
-636
-251
-618
-926
-1662
-2740
-3057
-3169
-2840
-2037
-192
1436
-789
-1806
2545
5416
3859
338
-130
3290
3407
1109
680
2060
2850
-264
-3146
-2997
-2185
-2445
-4938
-4905
-1137
291
-415
-384
177
792
238
-487
251
1120
2011
2539
2462
3367
4004
2822
706
-529
-611
-1387
-2114
-1765
-1614
-1422
-685
-84
-355
-1223
-2262
-1929
435
-994
-3613
-896
1672
2151
660
1161
5466
4250
1455
535
76
1393
-1014
-2791
-1831
-1507
184
-677
-1715
310
-242
-2266
-2491
-1568
-550
-1574
-1738
1208
2595
2902
4236
4713
3690
1322
-1109
-1926
-977
-541
-1188
-845
-158
12
83
561
797
-1295
-3720
-3655
-1375
233
-2914
-4311
-37
1950
1214
-65
1713
5135
3123
1874
2742
3428
3529
-463
-2054
-818
-783
-1629
-3663
-2050
-261
-2515
-2863
-853
314
-1073
-2067
349
1434
1036
1550
2554
3596
2045
662
778
300
-77
-1550
-979
1295
683
-570
-933
53
-149
-2295
-2253
-2779
-2192
-820
-4324
-3120
2130
2388
923
21
3942
6060
2121
2390
2923
1941
1356
-794
-254
225
-1410
-2765
-3175
-2408
-3568
-4478
-3087
-841
711
-1250
-240
2857
1199
989
2670
4265
4250
1701
2229
2068
150
-325
-206
762
-842
-2188
-2181
-2692
-1503
-2934
-4177
-3707
-3303
982
768
-1734
1239
1608
534
250
1240
3687
2320
2449
4332
3513
2114
361
894
678
-1675
-2375
-3665
-3610
-3452
-4180
-1669
882
1871
397
-999
668
-395
-1707
197
1949
1953
1252
3313
4245
2243
1167
429
670
-589
-2550
-2006
-1421
-606
-2148
-3223
-2323
-3215
-734
-1409
-3922
420
2330
2229
1718
2827
5809
2264
1186
2836
1436
1890
850
-175
-45
-1258
-2383
-3648
-3291
-2929
-3316
-2586
-955
560
-1342
-1731
1107
1179
1070
1516
2276
2554
1268
2042
1302
-62
790
799
1619
1524
1069
562
-1584
-1201
-1447
-3193
-3950
-3700
-936
-1046
-2043
203
203
-749
-437
1553
3803
3170
3687
4508
3456
2533
608
-20
-658
-3127
-3908
-3652
-2238
-1309
-1929
-1280
-288
-354
-1714
-1139
439
-323
348
2300
3774
3011
1479
2985
1985
-271
114
332
905
118
-947
-696
-879
-1634
-3861
-4128
-3796
-3013
400
-1164
-1449
2687
2032
839
1497
2792
2693
1476
2776
2256
1537
1260
-179
240
-876
-1988
-1526
-1308
-740
-1635
-1641
-1300
-2229
-3021
-3325
-143
1327
-598
989
3393
3498
2187
2155
3163
1852
970
762
-26
-853
-1830
-1943
-1932
-1375
-1470
-2376
-2144
-1598
1008
888
-2733
-694
1085
-838
-320
954
2438
2096
1306
3439
3360
2669
2573
918
-41
-1234
-2302
-3132
-3302
-3237
-4094
-2118
-375
-759
-781
-618
1720
2642
1066
1139
1694
1120
116
1190
2555
2240
2115
1723
1340
317
-66
-75
-1905
-1833
-1855
-3013
-3665
-3290
-495
-2585
-4274
-307
-620
-1056
1465
3586
4432
2991
3446
4292
3543
2227
128
-656
-1842
-3004
-2087
-1130
-1218
-2383
-2201
-1369
-2104
-2096
-1612
-489
549
-315
357
3434
5052
2812
1240
2000
734
117
1040
1503
1405
19
-249
-404
-1736
-2329
-2987
-3949
-3398
-64
-210
-3624
-848
1100
-434
566
1034
2603
3321
2901
3936
2677
1428
124
-828
224
-566
-2425
-2477
-1303
-1376
-1791
-1933
-2252
-1814
-1872
-914
1161
1383
1337
2678
3047
1584
600
1081
1232
1042
2504
2586
663
203
-511
-2139
-2837
-3127
-3443
-2155
-1474
-1613
135
-2040
-3329
1136
1082
-34
1155
1394
3103
2918
1977
2635
2395
1618
17
326
1325
-616
-1534
-844
-1565
-3033
-3391
-3107
-3053
-2995
-2068
1144
3184
2011
2045
3158
2575
1317
1115
1563
1363
1099
760
-34
-300
-450
-1335
-1446
-842
-2039
-2087
-993
-2433
-1232
-506
-4595
-2945
1014
-1165
-1531
814
2988
5512
4748
4094
4289
2619
1447
-202
101
438
-2503
-3170
-2099
-1189
-1028
-2566
-2224
-664
-2161
-3164
-194
1121
393
1059
1731
1741
1757
2490
2110
401
-490
-705
-27
887
377
-565
69
1054
172
-1736
-2815
-3401
-2353
-399
-2404
-2802
1333
1451
132
1362
1647
2288
2284
641
2051
3308
1727
1662
995
-620
-1457
-3034
-2270
-318
-595
-830
-1481
-1402
-397
-1940
-2175
-892
-1277
-442
1269
2707
3413
2798
2159
1184
93
-707
-947
-402
153
584
764
1024
480
-713
-1387
-3243
-3888
-1051
127
-1544
-226
2650
1259
-159
276
-354
746
2011
697
154
1321
1242
233
-24
-264
-373
-739
-670
261
723
599
-290
-1039
-1474
-1834
-2024
-1664
-494
-186
-442
182
1671
1801
782
1062
1425
1377
977
-248
-1374
-627
626
415
757
1208
1155
263
-619
-483
-1810
-2534
-2733
-2585
-337
722
1196
1168
390
934
1395
1045
543
1082
604
-1439
-981
421
90
-831
-1155
-979
-212
964
1189
785
8
-362
-353
-1283
-1586
-804
1
523
900
1401
1673
1050
20
-28
-193
-616
-376
-478
-280
701
1336
1546
1349
243
-454
-511
-1287
-1986
-2582
-2888
-1596
379
644
172
1374
1477
192
73
-240
-222
434
461
147
-342
280
897
102
212
1244
1423
-188
-1566
-709
-257
-538
-172
-47
-488
-759
-82
578
704
1194
1501
1214
137
-830
-105
-315
-1110
63
841
883
741
305
-834
-1620
-600
-962
-798
770
-103
-2220
-3262
-1635
-94
190
1157
1236
1759
2716
1664
-148
-513
356
758
316
-148
560
1112
948
1132
281
-1153
-1884
-1619
-1420
-1763
-557
337
-51
163
-156
155
1188
182
-535
-118
-238
473
913
838
1267
731
591
755
-579
-1394
-699
-113
5
274
-200
-900
-828
-1370
-1021
570
210
-634
-203
385
486
-955
-1978
-351
1473
1396
617
956
2565
3590
1802
-839
-1475
-1543
-1322
-195
-161
-906
-657
-451
36
-39
-1777
-1673
-94
890
1127
1136
1686
746
-400
-835
-1368
-185
806
228
214
739
712
314
316
961
203
-975
583
1196
-221
-707
-1147
-1843
-1678
-579
-356
-67
927
384
-74
441
344
-940
-1586
-948
-490
992
1359
439
1583
1842
593
-381
-1573
-1678
-970
-411
754
1264
705
687
212
-500
-395
30
1233
1167
0
-75
-391
-480
-550
-665
-145
-526
-447
340
672
228
-859
-137
847
841
1239
812
169
127
-28
-648
-1364
-1917
-2046
-894
-150
-57
-31
-553
-161
493
798
1333
2028
2193
583
-853
-938
-1110
-920
219
484
-71
688
920
-96
-349
-136
-489
-1220
-646
-78
-51
1361
1582
254
-79
314
-25
-1041
-710
-126
-498
-586
-217
459
38
-568
746
1344
728
586
-36
-324
-439
-987
-437
-100
-532
-602
-74
1044
1466
1192
729
-582
-1711
-1115
-314
-687
-572
-42
-337
-79
475
-153
71
759
171
434
1372
1515
1132
641
62
-765
-1315
-1633
-1500
-899
-538
-274
409
933
906
1053
398
-623
-986
-1382
-800
218
384
688
1426
1449
949
881
715
526
199
-14
542
183
-556
-591
-1264
-1415
-1174
-1538
-736
150
313
425
496
1092
597
-251
-207
-562
-869
-1422
-1252
-280
-77
431
584
585
663
139
714
467
-327
563
336
-61
274
-211
-75
195
340
888
717
26
-953
-1374
-461
374
462
352
543
772
529
-191
-1077
-1114
-495
310
621
-478
-371
889
581
248
300
-183
-551
-525
47
-65
-843
-822
-1015
-860
-148
-508
-124
823
764
855
995
1178
1335
1138
873
203
-84
-139
-1073
-1640
-1506
-1776
-1741
-1032
41
1331
1888
2232
1848
185
157
614
-565
-845
-314
-826
-1620
-1543
-755
-141
-10
590
1539
1727
1485
501
-508
-1036
-1678
-728
477
736
859
532
979
387
-992
-762
-1367
-1317
271
462
117
-783
-1358
-679
-847
-329
908
1380
2051
1562
852
915
-534
-1278
-80
6
-443
-318
446
1403
338
-630
-249
-570
-405
108
-361
-717
-348
-144
80
340
-119
-819
-1296
-702
62
321
1208
1341
830
857
579
213
474
835
304
-771
-566
231
-336
-790
-751
-805
-722
-770
247
1182
1180
1037
150
-260
-673
-1734
-1482
-895
-1125
-557
855
1297
490
246
791
547
251
433
662
973
731
845
882
224
56
-1143
-2601
-2070
-1175
-1321
-1787
-758
1012
1208
1067
1572
1448
862
609
309
-73
-336
-516
271
1776
2019
465
-656
-290
-580
-1197
-1341
-1933
-2003
-1740
-901
252
219
865
1750
831
-340
150
723
-263
-405
467
417
352
1384
1718
539
-262
-480
-75
-185
-859
-690
-584
-14
39
-650
-582
-392
104
395
60
-367
-283
-118
-785
-1036
-804
-672
-74
909
1868
2193
1963
1379
575
811
517
-1282
-1834
-1559
-1021
-197
-66
5
13
394
816
883
986
-5
-988
-1245
-1746
-1157
-325
-636
-301
515
1059
1166
674
662
897
698
237
-127
-237
-105
-182
-326
-406
-715
-289
-182
-418
-550
-533
672
1072
1135
757
-90
319
192
-52
-637
-1497
-1218
-457
543
1021
741
-153
-641
-707
-814
-230
311
648
585
578
846
517
343
804
560
-750
-594
117
-628
-991
-984
-1220
-532
633
697
492
397
688
1536
-73
-2035
-1880
-1828
-1157
-341
555
2485
3184
2446
1153
383
467
-903
-2539
-2621
-1989
-606
648
996
830
256
2
441
665
76
-297
-94
-539
-984
-286
345
-8
34
806
642
753
1491
918
60
-655
-1276
-1591
-905
470
-52
-355
324
534
812
-171
-1513
-1760
-622
783
746
1011
1669
981
72
245
-13
-817
-977
-881
-552
-62
810
794
-352
-321
-5
-90
681
1052
-120
-357
649
501
-710
-1527
-558
-139
-1134
-594
105
176
361
446
741
638
683
684
46
-694
-1023
-247
178
128
322
-127
65
697
208
-37
480
320
-146
-316
-567
-479
-299
53
285
-33
34
171
354
16
-849
-1083
-1077
-125
891
778
491
95
-130
-63
99
24
244
555
-145
-244
318
597
683
236
-301
-950
-1209
-1020
-918
-293
532
1004
930
551
-14
-615
-452
-59
699
1526
909
99
-27
-39
-145
-396
-560
-739
-211
109
-220
214
66
-563
-1062
-1025
149
21
-352
771
1379
1119
1011
761
-627
-1850
-1683
-1027
-616
-321
213
17
-15
1016
1379
1301
761
-22
81
-20
-45
255
-356
-640
-94
-490
-721
69
174
61
382
786
631
341
569
-107
-818
-704
-234
199
214
383
131
351
817
447
117
-362
-555
-880
-1589
-2205
-2243
-1096
310
1382
323
-1462
-451
1086
2170
3221
2286
855
410
346
770
308
-820
-1656
-1808
-590
102
114
389
236
-735
-1673
-1229
-732
-615
-655
-764
780
2204
2096
1680
421
-1037
-1595
-1299
111
1416
1607
1029
462
568
393
95
-464
-1620
-1667
-1032
-563
-936
-2523
-3098
-1055
1855
1777
-504
-1111
730
3375
4961
5165
2927
-529
-2173
-1603
-42
-450
-2409
-3846
-3281
-235
1596
1401
615
-301
-1508
-1824
1033
2808
919
-980
-630
1133
1578
1126
444
-1321
-1834
-589
276
1277
1709
17
-746
524
1443
1204
-851
-3208
-4815
-6303
-4944
-164
4008
3885
1097
1344
5078
7866
6648
2665
-1055
-3560
-4161
-2555
-1019
-1946
-4027
-5359
-4059
-427
1178
692
151
277
1368
3430
5930
5160
876
-3129
-3810
-1594
-591
-1467
-1574
-324
560
1787
4112
4489
1545
-1284
-776
579
590
-601
-3000
-4772
-5696
-5745
-2809
1924
3772
1366
-569
2784
8057
8935
5189
215
-2496
-3960
-3924
-1214
-1528
-4491
-6249
-5167
-289
2658
2073
823
643
2505
3567
4974
6044
1988
-3392
-4861
-3097
-1386
-2250
-3460
-2041
638
3176
5225
5070
3077
737
-754
87
891
-705
-3581
-5940
-6199
-5581
-3508
1508
4240
1197
-2590
67
6883
9786
7869
2320
-2943
-3181
-1528
-1065
-2160
-4825
-7501
-6676
-1145
3842
4586
1933
-534
1002
3808
4947
4620
1002
-3527
-4774
-3142
-353
276
-1415
-2004
-461
2276
4083
4754
3810
834
-1014
-691
364
-150
-3107
-5741
-5978
-4690
-3691
-1662
1837
3936
2978
92
719
5322
8002
5906
291
-1657
156
-1158
-2803
-3366
-5283
-6992
-5838
-763
3675
4523
3205
1473
2453
4823
4147
512
-2314
-3416
-4009
-2067
1033
1357
-401
-2327
-1292
2690
4050
1963
-497
-1222
-568
-831
-666
-820
-2583
-3209
-2904
-2349
-2849
-2472
1955
4720
3128
668
1520
6133
8030
4904
173
-2047
-2007
-2484
-3275
-5031
-5599
-4637
-3688
-111
3526
4666
3596
1598
2706
4414
3151
597
-1489
-3342
-4771
-3269
-883
-894
-1854
-1835
98
3092
5146
4606
2121
390
-432
-1202
-858
-1467
-4050
-4496
-3283
-2075
-1829
-2521
117
4014
4984
1565
-1833
2335
7439
6978
2741
-1795
-2315
-2332
-3093
-2823
-2663
-2647
-3664
-2036
2650
4935
3706
447
-661
794
1556
938
-1261
-3032
-3861
-3327
-38
2054
1086
-847
-1338
1322
3999
4394
2540
596
496
-682
-1193
-843
-2558
-3827
-4743
-3679
-1491
-2883
-2644
1733
6252
7018
1690
-1506
2218
6525
6907
2503
-1372
-2057
-3155
-4140
-4253
-3723
-3976
-4949
-2186
3304
5591
3132
408
-146
202
1555
1619
-765
-2857
-3535
-1842
1350
3008
1624
-966
-738
1907
4150
3611
871
-423
-221
728
150
-2235
-3486
-4218
-3864
-2167
-779
-1440
-3090
-858
4714
6988
2283
-2650
-5
5893
6861
2408
-1939
-2878
-2410
-2724
-3111
-3130
-3510
-3820
-2021
2319
5926
4411
-59
-826
882
2034
1686
-164
-1426
-2817
-2078
539
1311
202
-2183
-1486
1924
3689
3920
2006
-567
-1136
-621
-263
-365
-1081
-2030
-2376
-1130
310
-291
-2879
-4618
-1333
4414
6313
1790
-3900
-1994
4114
6603
3271
-2343
-3536
-1702
-291
-303
-2060
-3443
-4445
-3140
2201
6213
4656
555
-901
620
2107
1178
-2340
-4366
-3708
-2250
1093
3726
2745
279
-555
1891
4171
3419
645
-1632
-900
573
616
-624
-3005
-4659
-4373
-2692
-671
-444
-2957
-3349
1480
6789
6470
-503
-4808
35
7181
8680
2820
-3382
-3519
-1343
-749
-1495
-2844
-4837
-5499
-1696
3276
5386
3594
-1095
-2331
918
3149
1998
-1327
-2970
-1587
719
2251
1907
-449
-2602
-1820
1268
3951
3023
-227
-891
121
428
-6
-1333
-2494
-2977
-2272
-282
400
-1039
-3332
-3711
735
5863
5901
315
-4352
229
8153
8404
1601
-4822
-5378
-1962
305
-636
-2829
-3255
-2318
-464
2553
3457
445
-3049
-2804
2016
5983
3943
-972
-3482
-2882
-1087
513
597
-729
-1346
134
2810
3564
1705
-1185
-2229
508
2256
677
-1336
-2188
-1970
-1607
-39
590
-1185
-2280
-3565
-2766
1976
4527
1817
-3149
-2926
4611
10669
8853
1287
-3651
-2462
-374
-207
-3137
-6241
-6003
-5035
-1578
3060
3447
650
-1968
1074
6395
5668
1507
-2601
-4256
-2553
-387
151
-1176
-1498
-247
2366
5247
4804
1794
-1112
-1417
-5
-32
-1868
-3603
-2809
-1142
462
1734
1331
296
-1683
-3488
-3276
-1177
2151
3724
1218
-2097
-552
4703
7275
3495
-2927
-3787
-41
734
-1774
-3879
-4389
-3508
-1319
1674
2859
1370
42
668
3014
4439
1829
-2492
-3847
-1705
1078
1509
-45
-1720
-2359
-739
1480
2412
1980
785
496
1818
2758
761
-1873
-2643
-1931
-866
-121
814
-339
-1697
-1251
-2115
-3616
-3759
-1274
2069
3383
1113
-677
4152
8476
6423
94
-4569
-2195
-192
-1567
-3344
-4295
-1935
57
999
2012
1220
189
-533
75
1548
1119
-509
-1614
-992
293
645
423
-465
-1139
-391
972
1601
1518
1255
1350
2038
861
-1191
-1347
-2108
-1923
-23
-177
-603
167
505
-787
-1712
-2016
-4064
-2809
1524
3219
1284
-2739
-733
6233
8110
3975
-2226
-3265
656
1529
-462
-2781
-3318
-1813
-814
266
299
-764
-1200
-454
2411
4137
2600
-487
-2297
-1805
-1237
-268
-114
-1305
-1067
481
2224
2214
778
541
1181
1742
1107
-852
-1768
-1601
-795
84
-923
-1284
-682
-908
-994
-1566
-1644
-2327
-2694
1275
4924
3274
-1648
-3068
2099
7033
6630
1695
-2698
-1041
2238
1376
-2281
-5179
-4118
-1765
-842
-58
144
-204
-736
255
3082
3886
466
-3398
-2201
770
1244
-59
-1755
-502
1170
908
1511
534
-1211
183
1563
1167
687
-942
-2792
-1147
1943
1747
-303
-560
167
-473
-1675
-1944
-2202
-3392
-3134
317
3602
3037
-1089
-2514
3090
9099
7661
-653
-5118
-901
1760
-434
-3424
-4550
-2208
37
1312
1516
-200
-1649
-2215
40
2938
1865
-1111
-2754
-1079
1736
2131
959
237
1134
1909
1073
-98
-553
-302
-631
-710
-37
-906
-1844
-1393
-171
1598
895
-569
674
1949
1708
128
-1106
-1806
-3182
-4029
-4037
-896
3310
2524
-1591
-2732
2624
7631
5314
-150
-2282
1082
4132
1927
-2231
-4512
-3617
-2770
-3298
-2098
-1028
-1240
-52
2899
4973
3010
-925
-2191
-116
1980
1242
-72
-89
328
1284
1784
1576
761
-793
-1094
-1153
-1377
-1078
-1974
-1798
-413
-22
363
697
1560
2383
1736
475
-825
-1797
-3422
-5348
-3965
214
3676
3605
-716
-1764
4315
7437
2324
-3477
-3472
1416
3992
355
-2950
-3102
-1875
504
1072
400
-225
-1272
-862
1434
2785
-107
-3503
-2481
12
656
365
-286
-989
-89
1232
1170
133
-142
1114
2055
2134
1244
-361
-1810
-2329
-1313
-802
-1652
-874
2160
3349
2482
1451
-19
-829
-2217
-4720
-5775
-2556
2996
4069
401
-2488
294
5526
5771
1538
-1806
-102
2513
1329
-1490
-3709
-3402
-2062
-1231
-402
-1006
-1862
-570
1524
2493
1942
-590
-1770
233
892
-705
-2166
-2030
-153
2097
3338
3011
1977
606
291
712
-229
-1250
-1290
347
1820
743
-932
-1776
-822
83
-439
-275
-49
132
-519
-2033
-3120
-4840
-3896
294
2508
615
-2256
771
7340
8345
3499
-1301
-1160
2227
2511
-896
-3288
-2953
-1475
-209
117
-1144
-3074
-2609
-273
874
-7
-1721
-485
2832
3421
1631
-531
-1330
125
1296
872
790
961
-68
-276
564
-609
-2299
-1578
177
1427
1227
-471
-757
-3
262
200
-1293
-1132
764
282
-562
-910
-2389
-2940
-341
2415
1256
-1905
-2129
2883
7799
5778
-58
-2332
-26
1582
-212
-3012
-4504
-2814
320
1382
604
-1520
-2661
-849
1210
918
-1247
-1260
1560
3003
1902
478
355
717
825
528
124
65
-148
59
383
-319
-1923
-3004
-1744
105
-80
-844
-38
1637
2192
1019
-223
5
954
1178
361
-601
-1128
-1867
-2669
-2108
46
1584
-97
-2814
-1635
2501
4474
2581
74
404
2973
3474
-447
-4295
-4267
-1704
325
-274
-1078
-888
-531
1152
1637
-545
-1459
291
2438
2294
134
-785
-111
946
1778
1543
935
86
-489
-766
-1676
-1694
-1512
-1108
249
442
-254
-1156
-847
712
1068
738
827
1394
1438
364
-596
-340
-308
-1338
-2146
-3207
-2284
332
-217
-2350
-2028
1036
3883
4197
2843
2245
3418
3628
1169
-2279
-3742
-2568
-1650
-1793
-1695
-1606
-1202
390
1507
874
102
549
1629
1914
187
-1496
-367
750
401
202
-81
333
766
367
90
-586
-1182
-1151
-1391
-1870
-1517
-513
26
1208
2013
1022
917
1156
1150
1577
624
-141
438
734
168
-1208
-2361
-3116
-3511
-2678
-1543
-933
-227
404
1681
3315
3553
2991
2279
1871
1614
821
-425
-1843
-2123
-1422
-1170
-1875
-2024
-835
82
297
-603
-914
705
1624
959
221
515
911
761
56
-562
-234
-376
-102
968
1089
301
-638
-1064
-2024
-2227
-1231
-868
560
1896
2202
2237
969
222
223
-183
-367
-70
40
-519
-727
-902
-776
-580
-1161
-622
-303
-735
-435
-963
-582
1117
1071
1226
2223
2280
2596
2135
363
-552
-651
-1093
-1737
-1677
-1862
-1774
-537
-157
39
-7
-832
-155
993
881
550
1139
2037
1895
1239
146
-1154
-1111
-771
-1125
-855
-367
-627
-566
134
407
-7
-534
-362
421
1095
1019
661
942
318
-995
-1208
-695
-15
284
733
1142
994
203
-1591
-2598
-2706
-2078
-886
-348
208
623
1666
1826
336
850
1752
1540
1260
1001
1274
1166
773
-72
-1239
-1107
-494
-731
-1480
-1970
-1961
-1112
336
980
826
1024
928
315
-142
-1015
-1132
-975
-1452
-673
401
919
1068
1002
1176
1061
916
997
776
-644
-1872
-1781
-1402
-1067
-1227
-1172
-59
2035
3145
2281
988
37
226
-346
-1116
-674
-886
-721
-616
-322
38
-514
-125
-42
151
545
-29
-56
260
1010
789
190
460
-151
78
-165
-1549
-1662
-1372
-890
-507
569
1129
776
1882
1886
1031
651
-409
-1331
-1259
34
234
-365
290
524
246
-13
-352
418
1266
479
-521
-714
-936
-1323
-1259
-1088
-976
-29
160
-608
-245
130
528
1779
1948
994
395
56
273
472
-144
-827
-1125
-18
1265
989
447
114
-15
-507
-1321
-1242
-902
-550
351
838
322
695
1806
824
-550
-361
-604
-1110
-1103
-1038
-933
-723
-141
455
1114
1163
321
349
397
-747
-1254
-646
-295
-314
-398
333
1483
1731
1965
1635
683
439
-316
-2229
-2948
-2336
-1470
519
1003
929
2084
1141
94
-177
-801
-578
-73
246
145
257
597
302
58
-492
-1113
-668
-622
-123
1047
490
-313
-146
645
447
16
849
195
-848
-663
-410
-87
581
386
-298
73
148
238
-437
-1304
-849
-581
198
763
1186
1333
320
-544
-593
823
1450
599
553
264
-1017
-1418
-1343
-1712
-1804
-945
790
998
836
790
-208
-539
-1020
-993
-774
404
1867
1007
1085
1613
1320
-68
-1340
-617
-928
-1913
-1548
702
1827
1194
1733
1295
677
49
-1186
-1199
-1460
-946
788
1660
1151
-497
-727
-234
-841
-887
-1754
-1864
536
1774
2115
1863
478
-414
-662
-1464
-2091
-1172
-601
-497
-91
982
2288
1665
448
-248
-567
-423
-300
20
636
797
838
764
-176
-59
-183
-579
-65
-628
-316
29
-286
-219
-457
-40
-126
-337
121
373
583
-11
-605
-116
-386
-779
-507
-500
226
392
251
-4
-615
674
2027
1749
793
686
253
-225
-198
-1840
-1592
-613
-387
998
280
-181
803
99
-680
-1460
-1415
145
-286
-622
111
607
1322
444
865
1325
-75
-351
-278
24
-453
-967
-618
200
936
553
174
-860
-813
-46
-173
6
-300
469
1367
1244
1279
464
147
370
-296
-422
-788
-1233
-206
-338
-418
514
34
-33
181
-3
17
-321
-705
-944
-396
157
-140
-302
141
1163
1235
102
-270
-8
-222
-593
316
1045
-62
-42
121
-837
-650
-753
-407
493
305
986
1131
-374
-1195
-1060
-981
-743
366
972
771
1090
969
242
294
-356
-1189
-98
102
-113
405
398
825
80
-590
-296
-721
-116
859
962
-45
-1069
-836
-972
-1095
-251
397
1008
1582
556
-259
-326
-898
-617
-307
587
1201
383
777
529
-401
-388
-656
-399
-161
-130
356
475
1007
1548
842
-793
-1902
-1556
-1931
-1797
-292
78
1229
2294
1750
636
-873
-622
-301
-1026
-209
715
491
495
249
-355
-112
-286
-818
-202
685
429
-108
308
-232
-1466
-1565
-353
999
1454
1868
800
-432
-313
-839
-1129
-913
-599
-91
802
1459
1511
1611
982
-150
-1523
-1653
-842
-916
-470
-6
787
2046
2038
1030
440
678
-754
-2228
-1975
-2291
-1521
-246
-75
192
102
26
57
690
1443
1176
1146
1251
1271
78
-1256
-1475
-2268
-1712
-550
75
1175
1700
1941
1695
851
18
-559
-910
-600
-6
-39
-115
-464
-574
-910
-1292
-580
-388
-253
249
21
235
993
605
330
223
-667
-735
-444
357
1662
2128
1278
173
-111
-970
-1651
-2139
-2430
-1619
-555
808
1478
1794
1818
1024
-135
-962
-86
728
957
1325
1346
1051
299
-290
-955
-996
-375
-858
-1025
-373
-611
-550
37
-132
312
448
-589
-907
-1086
-968
-338
57
815
464
-485
305
751
232
74
-450
-338
805
1290
1271
1243
953
-12
-1078
-453
660
577
-47
-779
-751
-305
-44
287
93
-773
-1281
-149
346
-520
-38
189
-259
132
54
-574
-1062
-1102
-185
948
1235
799
794
743
-339
-494
-131
-269
698
828
82
531
168
-551
-365
-1012
-1097
-8
-41
197
873
998
1401
840
346
572
-407
-1189
-686
164
196
-875
-1111
-1064
-1692
-763
284
106
1123
1723
857
251
-558
-948
-1006
-1010
-285
-356
-86
808
492
790
1357
771
547
404
-330
6
476
-172
-500
-634
-291
124
139
317
187
619
704
107
-252
-859
-689
-309
-481
-464
-825
-1101
-698
-530
92
1274
1991
1765
526
65
-120
-512
-210
63
37
-577
-783
-921
-484
1093
1178
574
-349
-1212
-1060
-1322
-1017
19
533
1118
1695
1307
502
213
43
-690
-1340
-793
703
1959
1668
951
435
-824
-1218
-1170
-2222
-2514
-1244
-257
530
1444
1066
446
-11
-23
888
-98
-1241
-186
277
190
140
-115
429
670
565
1065
1316
1110
409
-476
-889
-635
-24
-532
-1281
-326
600
479
425
198
-169
-846
-1496
-1225
-1103
-498
446
685
1318
1597
1120
-42
-1064
-750
-463
-264
295
1055
1081
100
60
406
-406
-1472
-1090
-421
-972
-916
0
566
904
1620
1676
-5
-882
-746
-774
372
595
-199
955
1679
926
469
-83
-266
-292
-438
-320
-1177
-1836
-1614
-1539
-702
32
311
459
255
708
588
43
490
950
655
379
1224
1216
34
-298
-127
31
-162
-621
-1603
-1775
-787
-801
-60
1526
2263
1759
713
1418
1393
-187
-1080
-1623
-1679
-1737
-1201
-149
829
1902
616
-1568
-1274
-9
-298
-1518
-1138
155
1112
1553
679
-377
-916
-655
154
250
773
1430
878
408
757
898
365
-119
-426
-379
-69
47
-154
-773
-783
-594
-860
-674
-309
-335
-697
-559
20
353
989
1751
2098
1799
760
-193
-873
-1075
-513
-1224
-1874
-74
804
540
688
257
310
135
-757
-910
-420
-9
-663
-583
494
222
474
966
259
20
239
437
215
322
875
445
184
463
-17
-1132
-1539
-1342
-849
269
366
-62
-382
-907
-454
176
389
-220
-441
635
590
102
-101
50
455
-18
-29
388
908
1084
842
1500
1222
-268
-881
-539
-1052
-2039
-1518
-953
-143
1122
1084
915
871
750
873
-387
-1733
-1040
-464
-322
19
-529
-754
-263
-293
-463
378
1229
746
629
1089
228
-767
-209
94
-293
-155
-324
-547
-569
-274
596
432
223
906
1322
1784
991
-579
-987
-1259
-1005
-1134
-1093
440
38
-547
311
468
629
670
1014
1509
1566
715
-1142
-2058
-2487
-2363
-1612
-436
1677
2333
1183
282
807
727
-1119
-1745
-1519
-962
351
969
998
950
852
446
516
852
-88
-937
-1060
-710
326
727
757
23
-1696
-1433
-395
-664
-395
528
967
878
996
1174
841
-332
-1601
-1232
-1052
-710
1263
1444
559
371
-359
-1034
-1334
-691
-117
-451
677
1503
654
749
766
-303
-1077
-812
327
883
549
672
1154
575
-34
-14
-523
-777
-893
-1284
-1175
-151
719
242
246
804
430
-320
-769
-651
-175
221
210
157
78
-323
-687
-286
57
-504
-359
-42
617
1492
1020
662
-136
-571
-344
-1408
-1516
-315
668
990
620
318
95
35
103
205
271
589
1265
762
-670
-1465
-1348
-634
-637
-441
515
264
542
1266
525
366
737
354
-609
-1411
-1186
-894
-756
-130
668
1216
1503
1787
990
-791
-1570
-1246
-555
354
892
422
-124
-636
-758
-76
-571
-499
58
32
925
480
78
76
-445
-70
-474
-527
149
864
972
301
307
-18
15
-141
187
545
-838
-841
-1125
-1354
-504
-77
717
-53
-316
740
1220
1485
751
-2
-524
-519
-160
-289
-232
5
755
1462
1196
-70
-1154
-1627
-1462
-722
-1098
-358
1068
1036
1809
1546
411
-438
-1370
-283
-523
-1549
-286
-159
198
836
-362
-241
977
1385
819
-56
523
164
-1429
-655
-601
-1720
-578
530
1324
1820
1322
855
-463
-1570
-1683
-1336
-608
-183
380
1146
1197
224
-368
19
570
959
273
-883
-1198
-1026
-673
-165
88
-70
209
616
565
1325
1847
682
-183
-241
-679
-1156
-940
-459
-268
214
753
674
389
112
-630
-1277
-606
616
1044
742
849
724
-640
-1287
-1621
-2067
-888
200
554
1065
1019
912
695
260
324
-64
-846
-491
520
173
-864
-65
642
-458
-599
260
599
516
-226
-633
-410
-744
-644
258
180
-37
1088
1833
1446
904
167
-706
-1121
-962
-1066
-996
-100
506
465
-158
-504
-483
-830
-666
-346
88
700
1128
1796
1851
1466
898
-318
-1003
-887
-1470
-1694
-352
415
569
385
-375
-494
-441
-690
-807
227
1475
1223
432
123
-520
-1949
-1417
-340
-1023
-557
931
2297
2573
1368
485
-139
-641
-191
155
-708
-513
433
301
463
462
-34
-265
-427
-785
-1437
-1570
-1311
-1742
-1226
707
815
538
1551
1908
1712
843
268
12
-330
773
1314
572
181
-529
-1203
-1662
-1996
-875
-272
-652
97
390
261
356
-20
-386
-372
395
1455
2518
2472
913
-208
-44
-50
-1577
-2234
-1825
-1787
-1193
-382
605
781
463
412
-167
-385
-704
-1094
-935
325
1683
1306
1085
730
-68
88
776
653
177
1170
646
-96
664
-994
-2122
-1473
-1231
-415
499
1039
1150
952
865
4
-1167
-1045
-1140
-1227
-674
-849
292
1585
1117
439
71
225
-8
-176
-280
-193
700
376
105
504
134
-196
-652
-850
-655
-500
-100
138
706
651
-160
-306
-963
-855
342
1010
1488
1389
1419
827
110
198
-552
-889
-743
-276
-65
-660
-600
-640
-337
-301
-940
-607
-441
-948
-512
577
769
1204
1124
509
1376
1144
-146
-737
-984
-831
-1015
-746
-61
-622
-431
771
211
-72
811
1027
702
271
517
395
-4
-330
-1362
-1367
-437
347
620
646
1383
1711
1341
591
-1154
-1975
-1211
-862
-738
-515
-243
280
929
726
-759
-1009
-114
-245
-877
-41
916
687
1366
1139
536
620
-361
-717
-452
396
633
198
444
-324
-728
-539
-522
-304
-143
-90
-439
61
963
1776
1830
136
-504
-166
-1018
-1837
-1702
-1565
-1540
-941
-8
1079
1338
392
395
-3
-1080
54
607
20
118
657
1895
1254
-258
137
927
255
-885
-394
141
416
629
140
-42
-327
-396
-300
-539
-545
-265
-105
-477
-632
-304
-89
89
486
1026
1389
784
-14
20
-725
-1581
-1442
-1535
-1425
-352
771
1056
1507
1765
546
-539
-490
-477
-646
-13
397
-378
-645
42
174
-220
134
907
1291
1480
1566
1004
-215
-993
-1360
-1076
-44
-61
12
953
604
61
-35
-297
-60
-433
-870
-1066
-1254
-269
-350
-872
-260
-125
482
750
378
638
308
460
1071
367
91
293
-243
-700
-1365
-1195
196
791
877
685
533
471
-368
-566
-401
-706
-89
652
243
-225
-45
-47
-322
-138
313
343
-299
-211
1248
1568
588
27
-886
-1647
-1226
-1003
-1129
-768
-610
-354
944
2079
1771
786
-86
-941
-911
175
1281
1561
850
505
133
-685
-1205
-1472
-400
767
1225
1801
1137
319
-321
-1989
-2739
-1876
-986
-650
-284
466
1105
1011
651
501
-32
-355
-295
-541
48
286
-748
-111
983
754
645
106
-96
264
-795
-1857
-1223
138
934
665
443
840
828
246
-168
-402
-725
-199
912
1606
1734
945
-169
-1512
-1480
-220
-215
-453
-592
277
192
-1512
-971
-1093
-1561
-206
701
1532
2030
1663
683
83
240
89
-709
-1471
-962
-377
131
890
847
1061
831
-313
-1104
-1471
-916
-294
-142
-72
187
1331
1663
915
75
-336
98
-341
-763
-602
-911
-1407
-1489
-222
692
1099
1163
-184
-628
-70
-8
404
759
-87
-391
239
374
920
1703
1433
-138
-1160
-733
-469
-624
-1056
-620
389
556
1224
1617
774
383
6
-963
-1458
-1577
-1593
-1374
-1422
-1363
133
1551
1472
1623
1350
537
103
-442
-240
-48
-178
-110
-317
-664
-1102
-552
498
482
292
835
849
164
612
1097
822
602
-238
-1107
-1407
-1144
-544
-199
491
1142
1397
1764
1199
-127
-460
-736
-1925
-2432
-1968
-1124
-298
406
1312
1492
1321
1070
84
-626
-1106
-1874
-1887
-607
524
1322
1797
1145
1287
1480
-10
-1237
-1402
-1335
-1320
-463
1118
2022
1788
873
-251
-656
-239
-733
-1079
-217
474
658
378
-222
-1143
-1395
-851
-726
-401
668
1342
1248
1241
679
257
-126
-1325
-1384
-1068
-753
-447
-59
1316
1869
1934
1139
-384
-1205
-1695
-1221
-827
404
2319
1775
511
-62
-727
-1089
-1185
-1233
-1076
-173
1353
1609
1291
1216
-802
-2182
-1033
-153
170
738
1135
378
-293
151
-217
-1161
-1142
-497
174
1060
2022
1863
527
-469
-1021
-1224
-1018
-1022
-479
330
620
1262
1671
629
-75
-163
-1370
-2222
-2863
-1710
1725
2031
427
-334
489
1993
949
-836
-2264
-989
2308
2437
1616
17
-1572
-210
402
-660
-1774
-1867
-367
492
-58
-1050
-1100
-154
754
1269
621
104
828
1503
1080
-700
-1360
265
756
-390
-745
-678
84
1220
793
779
1177
90
-776
-503
-55
-282
-470
-374
-263
-333
-980
-929
-331
-72
268
1633
1929
212
-200
-504
-1099
-2049
-3646
-3894
-1900
3471
4940
1901
1758
1634
2160
3195
110
-4271
-4527
-1359
958
1844
773
-736
321
1689
673
-2187
-3433
-1641
445
1315
-50
-1319
866
2088
1408
1118
48
-587
-534
326
448
-325
17
20
458
83
-1379
-1514
-1070
-628
-3
776
79
282
2225
2006
521
-256
-279
-565
-1236
-2109
-3038
-4304
-1662
6000
5729
968
35
-1572
1238
3252
-1885
-5421
-4760
-168
3655
3113
1915
341
1253
3553
1370
-2502
-4437
-3489
-1060
443
85
-980
1269
3664
2351
236
-1560
-2618
-1081
1064
606
305
518
352
1165
466
-1940
-3189
-2366
-924
632
1112
52
434
1996
2097
627
213
-430
-1757
-821
410
-73
-646
102
665
371
-2382
-1548
4626
2143
-1626
-576
-1128
2935
5140
238
-3525
-3390
-1256
-295
223
26
-1225
460
3281
2700
-792
-3946
-3968
-2240
-633
-391
-633
2003
3814
3407
3503
938
-2468
-918
1246
-576
-1199
164
437
840
967
-565
-1799
-1149
-345
504
742
-838
-1497
33
893
-127
-1117
-1375
-1030
39
1414
-372
-2032
-1269
-2859
2786
8488
2505
-724
-2129
-1921
2996
2649
-1658
-5497
-4421
265
1919
2002
-261
-1314
2874
5001
2810
-1089
-5282
-5595
-2138
439
812
887
2047
3760
3760
1530
-286
-1251
-1875
-1822
-1858
-1822
-1280
34
1900
2286
736
-398
-808
-994
49
103
-584
1050
2581
2318
701
-460
-983
-2430
-2561
-3333
-3946
-4536
-3313
6253
8722
2494
201
-2496
230
5664
3454
-2338
-6384
-4140
867
4139
4481
42
-2470
496
2098
-226
-3711
-5537
-3614
567
3345
3003
1828
-141
-1514
308
1159
710
-506
-1298
325
1127
1506
302
-1628
-1421
-1613
-527
393
-785
437
1721
1678
1774
262
-652
-1128
-825
454
-94
-1173
-2041
-3259
-5535
-183
8884
5764
1058
-1414
-3221
2317
5610
1668
-5660
-8299
-4039
-6
5277
5533
-790
-1037
2095
2750
1360
-3228
-7379
-6571
-1325
1895
2905
4509
2467
1606
3455
2315
-217
-3173
-3619
-1362
246
1524
523
-992
414
1234
606
820
837
-236
-765
-142
-311
271
491
-1429
-1572
-1433
-2577
-3545
-2917
-3788
-2536
7647
9617
3305
466
-3584
-1227
4077
2954
-1856
-6866
-5604
-873
5004
8663
3178
-2237
-1891
-618
995
279
-3669
-6343
-4846
-502
3014
4719
2293
-1325
-655
1461
3512
2403
-731
-2090
-2289
541
1652
300
10
-1560
-1989
-443
926
1261
-253
-1118
246
2582
3503
1576
-655
-2267
-2906
-2963
-3622
-4558
-6695
-479
9675
7632
3388
-346
-4321
-433
4184
3586
-1761
-5160
-3695
-1425
4316
7136
2286
-1385
-1978
-1482
176
-18
-3140
-5688
-4689
-1420
3595
7031
3577
-1094
-2695
-1755
985
1715
702
-1517
-1289
2119
2896
2952
1386
-2555
-2993
-1490
-23
1792
1261
-1022
-2060
-76
1473
526
48
-1217
-3083
-4037
-4027
-4562
-1674
7538
9416
5409
2764
-2588
-3477
-207
976
-525
-3070
-3358
-2861
1182
6161
5134
2686
-231
-3244
-2048
-465
-1207
-3395
-4792
-3638
-865
4617
6483
2776
122
-1692
-1398
688
1828
979
-1052
-1449
-1379
19
2333
1291
-1038
-1293
-199
1757
2294
388
-1408
-2431
-1697
579
2044
1010
-1358
-3740
-4817
-4845
-4746
2653
8691
5803
4485
760
-2408
705
3522
2459
-2570
-4950
-5662
-4518
1480
3953
2578
1497
-785
-1651
632
1301
-704
-3209
-4997
-4087
-38
4813
5798
3419
912
-1156
-700
2169
2901
313
-1762
-3022
-2488
1289
2885
814
-1330
-2850
-2218
633
2398
2642
1512
-146
-1400
-1526
37
-150
-1902
-3936
-5445
-6554
-4215
4962
8210
6858
6495
-538
-3153
902
1507
-205
-2977
-5036
-5789
-2185
5230
7943
5967
2425
-1950
-4093
-2489
91
-150
-1922
-4220
-5323
-789
4154
5221
4387
1370
-1375
-2134
-767
1743
1721
-590
-2664
-3229
-1386
580
936
809
-1089
-2562
-404
2391
4038
4547
2591
-812
-1791
-845
-944
-1206
-1962
-4191
-5274
-5451
-2864
5400
9301
8126
5633
-2249
-4670
-653
1431
2033
-735
-4735
-7918
-5560
1357
4455
6597
6014
161
-3014
-2492
-1985
-902
-743
-2834
-4192
-2224
2176
5256
5806
3704
-113
-1835
-822
383
746
655
-1156
-2144
-880
-720
362
2088
1679
132
-928
-569
-387
378
1460
179
-1255
-1846
-1693
-288
326
248
-859
-2623
-4285
-4861
127
4500
4560
4457
735
-1476
1332
3129
2912
1037
-1665
-5222
-5797
-1856
1347
4730
6293
2397
-1873
-3517
-3226
-1132
747
64
-2180
-2640
-1519
218
3233
4306
2281
351
-508
-1223
-587
1466
1105
-368
-1038
-2475
-2451
-57
1010
-492
-1158
-813
-92
1459
2122
2228
1906
1243
-209
-1250
-309
549
1248
114
-1844
-3017
-4128
-3033
-1821
247
2281
1950
3285
2729
858
2303
2885
1555
-466
-2361
-4542
-5872
-3233
-920
1019
3777
3155
2118
2049
1053
-50
-574
-1388
-3784
-4380
-2851
-730
2753
4608
4049
2103
-106
-1016
-1180
-650
-799
-1620
-1896
-2523
-1804
15
1164
2374
2306
1556
1322
1181
2192
2268
207
-1268
-1953
-2089
-1442
-1243
-142
1157
342
284
527
-1153
-2188
-1241
-611
-843
-58
194
-219
300
969
1596
1701
784
-708
-545
730
1192
1948
907
-1724
-2507
-1980
-938
522
1943
2546
1481
-838
-2418
-1485
133
467
236
-84
77
392
649
1042
557
245
-786
-2245
-1142
-844
-1254
-35
529
1508
1866
901
829
216
-507
-947
-1358
-507
180
287
82
-386
53
409
-119
-918
-1024
-518
-1291
-1211
694
869
926
1927
1785
1020
-133
-426
244
23
-617
-253
553
214
650
1169
-371
-797
-177
-221
-336
124
883
270
-987
-2365
-2515
-837
-567
-86
1447
1100
924
1835
1014
-202
-84
-276
-555
-1135
-1600
105
1833
1743
713
-148
-223
-465
-517
-69
-150
-231
-913
-1567
-422
176
229
351
513
1278
425
724
1936
674
-620
-2013
-2437
-1373
-180
1328
1818
1584
1202
1142
136
-1232
-249
-283
-1521
-1724
-2092
-1963
-1268
-696
239
1052
573
802
2808
2896
1464
1143
900
-11
-1751
-2962
-2347
-1697
-972
1001
1967
1282
1651
1994
1031
41
-1385
-1652
-1262
-1410
-257
-99
-601
444
443
-565
158
1376
1507
1701
570
-684
-148
-613
-1639
-1542
-770
-333
-117
-8
-59
765
768
421
727
-114
-750
-360
185
505
256
486
1021
881
1408
1410
-338
-1188
-1607
-1960
-1010
-178
179
492
155
-612
-760
-495
-192
-158
-487
509
1315
411
338
438
336
996
448
-467
-738
-559
303
-303
-1064
-248
366
763
537
-485
-644
-11
355
628
1263
1396
397
108
106
-961
-1481
-2111
-1867
-226
-229
-102
1254
1333
-28
-343
320
-163
-382
286
1030
1333
1088
750
-278
-650
-110
-550
-935
126
855
51
-315
-168
-811
-775
116
286
120
-129
-286
-29
154
337
-199
-1194
-1146
4
981
874
890
1471
1398
422
-107
-784
-1603
-458
227
-359
-612
-635
-419
-1311
-1432
-193
-202
-191
-16
117
1260
1875
1552
931
651
756
-112
633
1958
263
-398
-436
-1598
-1643
-2073
-1973
-1029
-5
1611
1389
907
883
-121
-212
-827
-1409
-307
124
-369
-626
-224
384
1534
1648
549
1262
1012
302
1031
83
-1469
-2565
-2210
-704
-521
216
1365
1608
1689
1494
1245
-169
-1722
-1136
-1234
-2066
-1238
-1212
-1241
57
244
1312
2076
413
596
832
599
1971
1978
1867
678
-1833
-2196
-2913
-3176
-1676
-901
-382
243
1067
1200
65
-15
616
451
931
1721
1090
166
325
129
-903
-606
25
-201
-412
-962
-953
83
1373
1712
1158
447
-262
56
-356
-636
536
726
558
-272
-938
-375
-686
-1186
-1791
-2652
-2430
-2037
-1227
419
1269
1638
1216
803
1687
1209
1640
3749
3142
2217
1540
-847
-1693
-1373
-2090
-2350
-1987
-1523
-1304
-1729
-1542
-464
-49
-264
533
1588
2147
2597
1958
931
533
674
395
-749
-1047
-1104
-909
-299
-1337
-1338
646
791
238
735
687
124
-617
-726
596
826
-223
-115
670
785
-539
-1751
-1827
-2308
-1640
-341
-110
542
130
131
1428
1050
1701
2614
2487
2876
842
-1266
-1409
-1472
-817
-371
-556
-1403
-1682
-917
-1004
-1359
-1358
-510
508
915
853
557
1025
1173
1307
1328
1373
2269
1303
-35
-393
-1403
-1446
-1238
-2324
-1974
-728
-766
746
2386
2162
2039
1027
83
158
-60
-384
-548
-1615
-2766
-1590
-882
-912
-171
-1007
-651
565
-93
458
1865
2929
3343
2243
1250
281
-897
-1741
-2241
-1773
-841
-366
-183
66
-295
-579
-974
-1724
-614
-338
-1037
696
2415
3343
3514
2260
1346
51
-1179
-1063
-1967
-2636
-1179
-148
-137
-300
120
728
649
1033
1112
825
917
236
-129
-283
-1075
-1413
-1987
-2158
-1086
-395
-200
166
666
400
-347
-88
448
958
1681
1644
1393
1654
1240
391
-79
-857
-986
-885
-1721
-1889
-1540
-1252
-1154
-1134
-119
755
1232
1958
2232
1932
1407
1411
988
-523
-1220
-1058
-1132
-489
962
910
-753
-2068
-1942
-1121
-1115
-576
985
1914
1880
1780
1870
847
-794
-2389
-3072
-1811
-534
372
661
-85
-116
-39
-73
633
1384
2450
1969
-133
-181
-34
-197
934
566
-394
-497
-1360
-2063
-2013
-1507
-900
-1129
-7
1404
27
-820
-97
913
1979
2049
1598
1096
408
128
712
557
458
583
-1228
-2594
-2234
-792
-9
-425
371
1226
941
630
236
-451
-676
-1549
-1582
-122
-346
54
347
-209
420
859
2544
3227
1626
1169
488
-1281
-1836
-1554
-1754
-1106
-661
-841
-624
-1695
-2201
-1444
-1105
489
2039
2090
2008
1320
685
532
209
445
835
780
497
191
242
1115
1241
-441
-1194
-1188
-1558
-1538
-1465
-320
455
200
1180
585
-554
550
-288
-1725
-1727
-2095
-1173
244
1126
1105
241
124
10
897
2451
3293
3352
1939
842
-34
-1682
-2778
-2213
-1763
-2300
-1243
-602
-850
-958
-1547
-357
720
1245
1972
1172
1169
1704
1302
1482
849
-1269
-1744
-1160
-315
1583
1557
498
27
-1025
-1111
-854
-1077
44
1034
663
1081
1044
-169
-1268
-2494
-2740
-2732
-2333
-878
520
1319
947
1496
1988
2117
3785
3448
1946
1474
-189
-2417
-3422
-3716
-2954
-898
-102
-2
-198
-796
399
1148
1844
3435
1906
-467
-870
-1995
-1859
-349
-740
-437
-712
-1255
428
709
1531
3140
2978
1769
-284
-1262
-848
-184
-403
-282
-106
-811
-59
448
182
-1011
-2569
-3192
-3620
-1631
289
1490
2558
948
570
1275
2528
5014
4164
2564
756
-3436
-4713
-4207
-3498
-123
1236
-289
-358
-306
184
2507
2146
796
980
-1200
-2665
-2037
-1040
687
-71
-1248
-588
-327
1395
3446
2948
2364
1349
-1446
-2673
-1751
-458
358
-82
267
1304
1568
2292
2606
1485
-2253
-5496
-6517
-7817
-3731
1921
4730
6210
1292
-771
1700
2025
4932
4100
-1138
-4267
-7220
-5721
107
2893
3880
3448
250
-85
1963
2109
2255
-373
-5633
-6786
-5455
-2434
1870
2552
1754
948
586
3857
6297
4749
2544
-855
-4057
-4319
-3414
-1531
-719
-1103
798
2220
2158
3328
2403
-645
-1453
-2147
-2710
-2953
-4005
-5525
-6113
-1218
3488
7105
9015
3137
697
1353
951
3472
675
-4748
-6636
-7873
-4069
3620
6416
5691
3499
-827
-1376
856
319
-1123
-4783
-8252
-5123
-504
3771
6372
3100
92
-772
-123
3211
4423
1505
-1677
-3488
-3332
-110
1538
1077
994
-411
-1572
-322
2102
2613
297
-2054
-1532
-776
-120
-291
-3903
-5622
-6573
-2617
5923
8084
7740
2666
-2622
-357
1254
2780
2044
-3629
-6306
-5344
-2433
4105
7064
3654
1062
-1559
-2124
898
-388
-4010
-6255
-8001
-3696
3254
6137
6856
3270
-514
-391
305
1767
1764
-815
-3416
-3016
-25
2570
2812
592
-1064
-1938
-772
1762
2143
656
-1194
-1726
-227
2021
1238
-775
-3390
-6210
-6525
-5669
1643
7582
7406
7291
638
-2118
2032
1476
1306
-1402
-7187
-6189
-1939
1812
6211
5391
760
-572
-871
-908
169
-2156
-6036
-6507
-4989
93
6190
7243
4607
-122
-2334
-1237
36
1442
221
-2254
-2203
216
2880
3860
2184
-595
-2052
-1129
1506
1553
-419
-2072
-1886
153
1601
2787
716
-2093
-4355
-6108
-5815
-5324
2385
8113
7400
7470
252
-3363
-64
-408
215
-2147
-7014
-5409
-426
3439
6281
5409
1706
464
206
-215
-36
-2564
-5599
-6156
-4409
1434
6059
5836
3416
-441
-1835
-10
1103
478
-756
-2457
-2806
269
2863
2771
688
-2582
-3161
-963
433
881
95
-642
826
2134
2164
1247
-369
-2372
-2561
-2513
-3669
-4116
-5341
1132
8480
8115
8207
517
-4873
-779
316
2335
167
-6426
-6267
-1352
3161
6846
6232
251
-2710
-3119
-2632
5
-1260
-4258
-4545
-2743
2628
6392
4580
1349
-3226
-5038
-1467
941
896
-207
-195
2023
3655
4192
2779
-1425
-4396
-3678
-602
2287
1992
208
-1266
-616
1855
2305
1308
-754
-2278
-2157
-904
-474
-1282
-2814
-5263
758
7052
5556
3759
-3922
-6543
347
2970
3318
456
-4268
-4502
-1036
3560
5573
2453
-2558
-4656
-3408
466
2718
461
-2269
-2592
420
5225
6376
2958
-1716
-5382
-4117
-192
1340
1282
241
-554
762
3479
3425
594
-2323
-4468
-2700
769
2285
1774
-220
-1349
-478
725
1111
430
-1395
-1452
-1197
-1316
-1176
-3236
-4925
-5042
925
7323
6160
4509
-1108
-4206
1562
4311
4629
1647
-4971
-6135
-1963
3046
5422
2481
-1950
-3237
-2282
-419
557
-1018
-3174
-3344
-219
5203
6878
3221
-560
-4127
-4248
13
1457
990
388
-1259
-467
2254
1718
-1195
-3135
-4366
-3096
290
2869
3211
942
-483
1357
3217
2668
1852
-603
-2919
-1122
-268
-661
-888
-2169
-4425
-4328
2577
5908
3493
673
-5034
-3963
2938
5304
4550
-394
-6109
-4788
859
4133
4100
997
-3506
-4223
-1484
1068
1299
-1440
-3420
-2533
771
5597
6407
2867
-798
-3061
-1668
-17
57
68
-1497
-1790
-134
1406
1878
115
-2166
-2940
-1010
1610
2148
972
-341
395
2308
3196
2508
731
-1058
-2360
-3023
-2611
-1508
-2237
-3591
-4391
-2796
3862
7033
5751
2398
-4485
-4014
1428
3292
3796
139
-4956
-4171
838
4296
4827
2175
-2461
-2913
-221
1113
665
-2026
-4230
-4491
-2248
3024
5049
2612
-261
-2754
-1720
1540
2145
869
-599
-1374
761
3332
2247
408
-1817
-3397
-1189
661
1437
1400
-525
-1422
-313
1247
1018
-431
-1996
-2947
-2138
-402
582
-579
-1906
-3597
-1490
5828
7041
5066
1335
-5309
-2843
2781
3991
2837
-2628
-6731
-5286
-1364
2297
3796
1150
-2217
-1275
1454
3645
2740
-1427
-4091
-4300
-1007
4157
4934
1895
-1577
-3918
-1608
2098
2017
762
-796
-2523
-1592
1326
2392
788
-1497
-2569
-949
1143
1566
893
-132
473
2615
3310
2547
545
-2973
-4607
-3891
-1523
-46
-953
-2374
-4999
-24
7265
5624
3816
-1591
-5903
-892
2778
3989
1746
-3783
-6173
-3514
2212
5796
4382
-1102
-3889
-2127
372
2539
881
-2444
-3816
-3094
1672
5779
5034
2430
-1326
-3338
-973
1065
623
-1216
-2998
-1931
1490
3529
2794
548
-2459
-3473
-1706
579
2026
991
-677
-558
1080
2466
1935
92
-1747
-2311
-1400
395
260
-1139
-3659
-5402
1293
5817
3790
1618
-5131
-6316
422
4859
6514
3054
-2595
-4825
-2226
2758
4960
2998
-1859
-4642
-2411
1316
2282
-143
-2839
-3802
-1300
4381
6677
3777
-364
-4126
-4685
-1798
941
1026
-1376
-3038
-1451
2419
3941
2467
-94
-3315
-3170
-129
1727
2165
1029
-495
200
2362
3178
1945
-527
-2669
-3397
-2037
28
-655
-2137
-4512
-5370
2059
7602
6297
3110
-3675
-4870
1317
4660
4041
-13
-5086
-6696
-2415
3580
5570
4199
88
-3547
-3685
-1272
620
-1212
-3276
-3397
-1708
3654
7394
5306
775
-3692
-4134
-111
2340
1467
-657
-2032
-1802
463
3077
2765
732
-1733
-2517
-167
1778
2049
749
-884
-768
817
2026
1338
-471
-3025
-4332
-2528
-273
-1083
-2771
-3827
-4797
1821
8544
7205
5491
-1179
-5497
-17
3053
2988
933
-3938
-7396
-5070
1724
5767
5120
751
-3399
-3765
-1139
2105
1343
-1799
-3634
-3025
1767
5571
5267
2925
-1429
-3151
-1315
295
1570
825
-2124
-3342
-555
2045
2217
2035
-696
-3011
-831
1401
2226
1553
-1386
-2532
-772
1601
2646
1302
-1043
-2728
-2490
-965
690
-201
-3087
-5676
-5415
2603
7573
6692
4969
-2386
-3629
1442
3250
3610
-243
-6026
-8631
-4130
3067
6237
5787
623
-3450
-2739
209
2454
1102
-1543
-4127
-3755
768
4103
4421
2152
-1598
-2500
1
1444
1110
-249
-3440
-4230
-784
2319
3938
3555
388
-1702
-582
208
-79
-230
-1630
-1680
398
1677
2087
1439
-673
-2183
-1706
-890
370
-76
-2597
-6300
-7072
2149
7437
5860
4490
-1647
-2197
2014
3305
3253
-543
-5481
-7673
-3481
1991
5190
6158
1804
-1345
-1493
716
2059
-931
-3845
-7540
-6009
2160
5830
5480
3192
-1243
-2682
-1009
206
661
79
-2164
-2278
1342
3152
2996
2134
-1462
-3626
-2347
-255
1633
2083
679
-1184
-790
1614
2340
1883
727
-1619
-1538
-351
-274
-1216
-3645
-6309
-6984
30
6184
5448
5336
5
-3574
873
3558
5013
1653
-4899
-7303
-5067
1146
4928
4304
1176
-2167
-2155
-106
1563
740
-1394
-4035
-5592
-751
4707
5197
4291
1046
-2491
-1324
1748
2157
521
-1638
-3399
-2089
459
1636
1952
470
-2215
-3075
-824
1005
1168
1113
724
627
1025
2264
1330
-1085
-2155
-3734
-3108
-1268
-471
-273
-2254
-5003
-4214
3056
7509
6734
5662
-95
-1765
2821
4773
5592
1824
-5077
-8914
-7977
-2681
628
1020
520
-13
572
2568
4708
1468
-3023
-5710
-7001
-1165
3651
3609
4071
1933
-646
49
1662
1030
-617
-1965
-3198
-1594
661
1531
1547
-530
-1682
-265
984
1912
1904
220
15
546
223
1225
805
-1382
-1164
-1031
-1173
19
-381
-1294
-2704
-4370
-5044
-2995
3460
5543
3685
2482
524
2901
5308
4551
1848
-4067
-7398
-7501
-3862
1532
2327
1970
1529
715
1764
3274
2861
-1471
-5046
-5520
-4066
901
2973
2074
2177
169
13
2530
3680
2327
-1005
-3274
-4191
-2696
79
1021
839
-393
-940
-98
884
1594
815
-124
89
635
1389
1243
-482
-1881
-2106
-1293
347
1188
979
-489
-2961
-5196
-6520
-2300
4536
5353
4061
2965
1959
4320
5347
2885
-1898
-6769
-7299
-5647
-1422
2795
2049
1993
2181
886
1856
2310
1145
-1156
-3663
-3507
-2595
-1166
645
390
-581
-798
507
2656
3576
2753
507
-1903
-2606
-1469
-1205
-1093
-75
-640
-699
1188
3230
3921
2556
1078
-76
-390
2
-600
-1530
-2255
-1436
249
427
-4
-946
-1980
-2163
-2605
-3297
-1398
2615
2901
1517
1665
322
1477
4725
4483
2460
-671
-3742
-4767
-4130
-1777
-305
-993
-711
708
1261
1916
2773
1978
-254
-1822
-1237
375
378
-1028
-2365
-3193
-1553
1663
3842
4374
2682
1351
756
-478
-402
-634
-2165
-2894
-2907
-1800
46
1137
1703
1661
1947
2649
1907
809
-340
-1942
-2422
-2297
-2119
-1028
112
98
-581
-1164
-1918
-2154
340
3101
2744
1540
23
-786
1406
3466
3206
1341
-1434
-2698
-1709
-1255
-1190
-368
-618
-1486
-1941
-379
3207
2946
-68
-646
-415
354
1427
920
-469
-1912
-1873
-862
-763
-358
738
931
680
1648
2270
1529
719
-818
-2260
-2051
-1355
-337
518
22
171
686
506
1124
1118
791
450
-715
-450
90
-651
-1525
-1367
-647
-986
-986
-861
-992
210
1608
2370
1329
-946
-874
744
1472
2144
2709
1596
-61
-1253
-1541
-274
-383
-2153
-3195
-3142
-1316
787
1543
1336
1047
1299
999
677
769
-104
-979
-1342
-1516
-428
759
1201
1452
857
778
955
45
-69
-260
-1393
-1603
-1720
-1447
108
450
100
458
468
1098
1995
1346
104
-157
-474
-1412
-1248
-438
-135
-656
-994
15
534
186
230
699
455
-485
-346
537
1364
1287
229
-983
-2435
-1818
-14
47
824
1435
112
-302
-37
245
664
550
463
725
1681
1328
-482
-926
-1083
-1592
-2003
-1877
-763
34
732
1272
1171
971
680
398
-358
-1309
-1615
-1130
84
643
570
1371
2436
2260
1104
435
-308
-1171
-851
-436
-727
-1238
-1154
-437
-447
-904
-645
-199
-461
-737
-693
-351
380
634
1040
1842
1470
304
242
382
-803
-1385
-974
-296
1355
2009
739
-182
-510
-668
-330
-218
-504
-743
-490
485
1459
1332
138
-425
-300
-419
-415
-477
158
1313
675
-193
-11
-328
-477
-643
-756
-325
-195
187
460
425
116
-163
331
-61
-561
-167
-366
-456
-191
-47
-22
-220
441
998
349
-100
-21
246
-218
-588
-154
-116
287
96
-295
58
124
963
1546
1212
392
-320
-856
-1847
-686
525
-70
370
44
-1197
-736
-154
-825
-401
920
1015
983
1166
839
312
65
-256
-1171
-1460
-990
-398
345
746
545
-447
-828
-202
-412
-1238
-1582
-509
681
803
1874
2749
1618
581
475
-26
-89
161
-535
-375
29
-591
-1152
-1145
-559
-462
-781
-555
747
1331
362
736
1043
-103
-406
-454
-1725
-2323
-912
222
1262
2435
1630
417
153
-368
-906
-850
-1057
-1385
-612
456
1076
1443
1213
879
582
316
701
1016
264
-1019
-1405
-1509
-1882
-1145
-524
-655
-4
898
1103
771
793
773
-411
-670
345
-171
-927
-618
-124
506
448
868
1430
402
-266
-651
-1019
-638
-623
-426
-35
181
726
900
860
602
147
147
62
-74
-272
-25
325
-877
-1078
29
41
529
703
-204
-474
-557
-588
-958
-1387
-1039
-777
-19
851
1080
1472
1414
999
590
538
727
-348
-1176
-586
127
205
-400
57
540
-471
-299
-64
-1054
-772
-732
-1032
519
1710
1835
1596
645
14
-96
-73
266
564
-168
-883
-1183
-2536
-2615
-1080
-245
105
166
486
314
-107
507
556
635
1589
1552
686
6
-459
-672
-691
-34
816
873
837
877
44
-1229
-1171
-502
-602
-465
610
1426
191
-700
-106
-560
-893
-570
-308
218
885
1194
651
217
-113
-891
-1178
-430
-431
-1188
-169
808
147
21
988
1239
471
363
283
-277
11
474
124
-62
-125
-560
-646
-781
-780
-363
-398
-489
123
1344
2355
2222
599
-821
-606
-627
-1245
-784
182
621
377
-143
34
-275
-1846
-2228
-1067
-298
425
1346
1343
1183
916
133
-389
-878
-786
-713
-790
-167
225
1145
1177
-182
-158
225
109
-14
648
1318
208
-92
684
606
207
-378
-553
-193
148
733
651
-1216
-2244
-1502
-1322
-508
765
996
686
295
283
-235
-419
1
-549
-919
-116
636
901
1532
847
-362
-155
-673
-887
-410
130
823
27
-35
699
360
-132
-814
-659
-625
-1333
-697
233
763
1306
1652
1809
1873
1562
-538
-2141
-1261
-812
-909
-358
169
317
135
-170
-1227
-1448
36
271
25
611
907
938
127
-601
-751
-1087
-949
-246
723
439
-213
406
588
1005
1578
1031
669
349
-954
-2135
-2002
-1521
-671
669
1550
2003
1349
639
586
23
-73
-244
-1018
-1109
-608
216
124
-330
-9
-412
-556
-594
-1238
-1179
-1129
-397
517
716
1502
1888
1725
1374
492
-347
-622
-329
-313
-259
291
463
153
-74
-34
46
-196
-400
-335
-221
499
965
214
-323
-561
-1164
-1056
-614
-405
32
61
363
425
345
1037
-232
-1179
98
462
341
195
-229
-515
-102
249
-355
-100
-159
-798
-185
25
307
819
347
249
34
-154
123
-332
-643
-32
1125
1621
1762
1513
-211
-1069
-1031
-831
-324
-1060
-1253
-368
-114
-39
46
141
191
303
416
-106
171
1267
760
-505
-1137
-900
282
509
52
406
599
382
-443
-1226
-334
345
-346
-888
-360
812
293
-369
852
985
560
648
-18
-70
208
-105
192
652
119
-747
-1486
-1695
-473
459
309
312
512
-1
-1354
-682
107
-554
665
1163
636
706
268
-12
-535
-589
-329
-362
-227
-8
683
581
495
1048
389
-541
-1351
-1817
-476
792
555
406
658
800
835
319
-586
-629
-386
-338
-39
-443
-290
324
-329
-1098
-1226
-812
-357
556
1032
264
638
1214
772
772
848
349
-93
-123
176
299
-371
-463
-74
-848
-1269
-437
-116
-332
256
885
765
34
-436
258
563
392
458
-174
-1060
-1245
-1031
-860
156
1059
675
794
603
-107
437
126
-1349
-1920
-1749
-1026
310
2087
2808
1938
1133
661
215
-936
-2513
-2718
-1948
-1374
-72
1464
1622
1620
675
-751
-401
-279
-295
-42
302
1509
1532
576
434
-140
-1103
-299
316
-408
626
1410
-431
-1416
-919
-1203
-1396
-1239
-668
831
1076
683
816
198
-105
262
-1
-14
948
1077
267
119
320
-166
-994
-1468
-1790
-861
841
1011
625
521
36
-82
566
284
-862
-910
-216
764
1378
1167
1083
929
288
-948
-1463
-1469
-2402
-1885
-478
-530
35
1522
1741
1000
295
-41
197
-124
-571
-513
-784
-183
908
724
125
-40
322
1182
1077
189
-72
-732
-1071
-864
-936
218
937
229
97
266
-152
-277
489
411
90
111
-1054
-1618
-1790
-2025
-447
1101
1284
941
1030
1191
1051
1900
1565
-568
-1446
-705
108
346
1053
1378
868
-501
-2937
-3035
-1204
-455
-446
-207
-314
-778
-84
684
1272
1556
1191
1108
693
636
184
-24
249
-1210
-1661
-661
185
436
-305
-359
539
1205
498
-416
-475
-1400
-2324
-926
1067
1569
1629
1279
1040
1051
-151
-1122
-1557
-1853
-706
435
338
-368
-973
-546
-586
-1061
-731
-633
111
1716
3276
3144
1190
431
110
-353
-380
-392
588
1364
339
-1236
-2171
-2217
-1019
-328
-826
-732
-276
526
1166
335
-739
-772
-320
-163
-565
-296
994
1390
1211
1033
395
-102
179
424
-64
689
1065
-335
-112
1044
764
462
941
-181
-1631
-1193
-981
-419
737
896
-91
-1724
-1919
-1929
-2876
-2298
-1283
-130
1067
439
423
1586
2953
4248
3714
2560
1542
-94
-1992
-3292
-3352
-2781
-1813
-738
161
917
1434
1617
1218
581
-92
-512
-73
422
67
-221
-232
135
520
-389
-595
108
308
895
684
-133
-301
-488
-571
-953
-1136
-321
321
598
-132
-861
-17
-348
-685
876
925
-154
182
618
147
610
1422
763
215
-422
-1647
-1734
-1528
-740
755
556
622
1087
239
1058
2088
1011
656
922
-46
-1198
-1333
-934
-425
-52
-528
-1862
-2454
-1495
-428
292
717
116
-214
563
511
144
958
1389
817
334
348
314
-7
32
141
-31
-314
-626
-71
742
303
-369
-348
275
820
451
73
-239
-763
-469
48
-634
-1082
-257
-145
-408
108
477
984
1381
657
444
506
-632
-850
-851
-1334
-738
-646
-1193
-1084
-23
757
476
622
1068
947
307
-284
-340
562
1479
1126
132
-691
-61
435
-16
259
71
51
327
269
327
-466
-1187
-1496
-1653
-1105
-97
641
525
270
-489
-656
671
673
-274
-317
-168
-431
110
1666
1917
700
79
801
513
-978
-1241
-1382
-1313
-62
1058
1113
481
185
-194
-771
-694
17
90
-771
-999
-450
138
575
741
848
565
-329
-98
260
-237
200
-627
-1591
-937
-765
43
481
12
-177
-194
384
951
1556
1819
1584
1335
719
299
53
-488
-1363
-1997
-1134
125
230
141
-29
-272
-116
139
724
790
393
232
-320
-569
-605
-1489
-2153
-1381
-179
199
448
1211
1624
1455
542
-751
-910
-821
-946
6
1058
706
-176
-511
-405
356
728
782
1314
1143
63
-1504
-2056
-1905
-1935
-620
877
1047
1106
2413
2896
1451
409
-801
-1692
-1376
-1432
-893
0
167
668
801
535
740
522
-503
-1160
-711
-645
-674
-422
-805
-631
-438
-202
773
1249
1427
1283
464
204
304
-869
-1949
-1071
866
1223
-91
-107
869
1015
5
-383
-296
-540
219
-348
-890
-248
-734
-309
504
321
-192
-58
664
532
668
786
-18
-200
-257
-877
-870
-759
-525
147
76
434
1475
1252
393
739
910
-272
-811
-720
-1263
-1795
-1028
-296
-879
-746
412
1378
1472
1058
708
230
188
143
175
839
742
-85
-426
-600
-612
-701
-1020
-745
-1020
-1227
-453
-178
592
1843
2228
1575
435
190
-259
-1713
-2240
-1564
-641
171
874
1545
1329
824
502
-252
-55
286
243
461
-59
-816
-1607
-1425
-969
-689
680
840
982
1328
933
1263
794
301
-517
-1284
-699
-676
-522
-354
85
319
-284
-329
-982
-1135
-504
-12
1017
1349
1061
664
-270
-994
-824
-543
97
1008
944
566
63
-344
-750
-1199
-937
-409
396
744
1114
1378
205
-300
-737
-1280
65
733
835
1658
1146
383
-79
-978
-1451
-1491
-892
-421
-168
207
342
785
255
-522
-397
-513
-24
793
1038
1154
970
130
-524
-381
-812
-1926
-2400
-1847
-418
1070
1635
1196
781
1445
1646
275
-465
-186
-172
-547
-708
-163
579
602
-8
31
104
56
177
-88
70
-868
-2040
-1197
-645
-594
405
1600
1934
1260
281
72
-58
-583
-537
-497
-194
419
397
-111
-733
-552
57
490
568
-532
-884
-62
-452
-627
203
471
138
379
1110
464
204
562
-260
-427
-213
-307
-185
10
-101
-468
-62
788
1435
1410
183
-1095
-1264
-1629
-1482
-65
-113
-558
-117
482
1275
1199
654
566
689
-43
-864
-334
190
90
-511
-1038
-82
865
325
170
126
-314
365
715
703
1005
336
-179
-601
-1139
-677
-696
-1020
-769
-399
293
-135
-1121
-669
82
194
431
589
-133
-105
759
770
735
1197
1200
44
-569
-488
-733
137
453
-463
-659
-855
-738
293
1165
1194
586
-39
-198
-41
-710
-1043
-37
784
1463
1456
878
-116
-1799
-1942
-1535
-828
853
1033
140
-869
-1542
-1324
-735
37
611
1361
1923
1555
1173
582
-413
-776
-1166
-503
1583
1638
628
-128
-1000
-800
-750
-1046
-916
-599
-236
125
583
1195
2246
1799
-177
-1497
-2074
-1576
-1335
-1607
-397
1271
2453
2935
1830
423
-566
-1891
-2382
-1820
-1196
118
1622
1713
986
642
163
-824
-1298
-1295
-1389
-670
67
537
1251
903
965
1016
132
330
216
89
197
-369
23
69
-211
238
630
1008
-181
-1855
-1716
-859
-307
-135
609
1200
124
-1149
-996
-679
-944
-95
1006
1386
1298
790
878
450
-640
-1142
-836
243
867
617
323
74
-947
-2081
-1843
-375
1397
2963
3250
1885
576
-515
-1299
-1779
-2146
-1599
-1011
-297
297
524
948
548
-518
-834
-617
-916
-506
-76
16
1132
1188
686
475
26
34
-626
-832
289
334
446
919
-334
-528
196
-92
352
225
-365
201
471
89
21
187
121
-263
-324
291
396
195
-87
-283
172
-556
-1488
-940
-776
-186
1574
1663
995
472
-1112
-1756
-1743
-1444
-158
1038
1555
1224
1102
881
78
-863
-1132
-624
-687
-448
334
1104
1340
1305
1592
1085
456
-62
-805
-1522
-2204
-2478
-1630
474
1228
681
683
385
68
-184
-501
-182
-191
-338
-252
-377
324
602
-39
-408
-234
850
1266
1571
1572
-279
-1570
-1278
-876
-1342
-1037
-404
-501
831
1495
790
728
570
414
87
-37
726
764
204
214
-247
-581
-238
-175
200
22
-540
-189
-352
-1147
-1557
-1663
-1438
-468
868
1289
961
721
414
580
582
-49
110
-540
-1193
-30
529
1195
1982
1395
224
-759
-898
-733
-439
-791
-1478
-593
883
1631
1411
1320
1122
-877
-2570
-2398
-1408
-7
759
1223
1862
801
-471
-607
-1078
-1226
-984
-425
453
205
-464
96
1080
1885
1866
92
-480
-148
-810
-316
114
457
1091
-186
-1533
-1817
-1867
-1253
-463
352
1900
3111
2568
1430
877
-41
-1074
-964
-517
-533
-225
98
-643
-1288
-1346
-1316
-1064
-941
85
928
760
1252
1182
-82
-1232
-618
780
1309
1796
1454
922
601
-426
-1594
-2410
-1894
-1012
-636
128
734
1208
1909
1457
765
548
-938
-1314
-552
-766
-378
329
1087
1339
1096
1449
1031
-231
-1117
-1484
-1758
-2011
-2090
-1584
-1214
-1473
-968
-199
342
1191
2329
2805
2531
2724
2204
887
204
-143
-646
-839
-1688
-2696
-1920
-2108
-2186
-663
-291
-105
311
1399
2941
2565
533
-161
580
-18
-169
708
930
858
701
661
257
-507
-1944
-3193
-2561
-1318
-993
-359
1295
1482
1220
1998
1438
323
723
1275
604
-18
-906
-2240
-3129
-3823
-2933
-1334
-141
1599
2674
2540
2668
3229
2259
454
-471
-402
269
-269
-792
-406
-545
-846
-1059
-1047
-1902
-2492
-1456
-1176
-512
1233
2709
2908
976
315
706
106
-60
-166
177
95
-577
-514
-418
116
448
243
-357
-390
307
-367
-633
51
802
745
-330
-196
-501
-1742
-2458
-1872
-1208
-1531
461
1561
795
2335
2564
1788
2655
2629
2297
2123
770
-435
-1673
-3124
-2959
-2418
-2433
-1872
-1331
-810
33
100
312
776
679
1334
1130
582
998
-71
-569
84
-416
-613
41
181
239
600
407
870
1270
765
753
390
-188
-945
-1088
-181
121
186
240
-175
-1152
-921
-1722
-4058
-2707
-934
143
1589
2002
3220
2865
2155
2462
1528
1428
1395
-358
-2431
-3082
-2865
-2711
-1537
-498
-288
131
58
-192
-292
-500
403
2320
3658
2626
555
-791
-2379
-2727
-1769
-202
1789
2607
2508
1962
1223
-228
-1272
-1596
-2348
-2456
-2504
-1653
21
976
1514
2205
2369
879
679
706
-916
-3195
-4768
-3343
-2474
-88
2760
1584
3025
3539
1766
3400
3790
3295
1913
-2275
-3944
-4883
-6435
-3564
-299
609
2266
2478
1862
2400
1244
8
97
-1474
-2719
-2607
-3074
-2470
-438
1794
3167
3793
3815
2101
417
-14
139
-594
-2100
-2293
-2280
-2013
-1416
-780
631
1781
2891
2810
1932
1970
1048
-1553
-3428
-4790
-6765
-4955
-2500
414
5765
5022
4981
5732
2160
2775
1944
-500
-766
-3807
-5833
-5345
-4292
-1123
2180
2753
3153
2557
116
-576
-1271
-1238
394
-428
-1634
-1602
-2634
-1283
1920
3377
5275
4739
2182
1443
-99
-2454
-3594
-3415
-3277
-2507
-1322
2
2696
3811
3429
3261
2377
534
-580
-1050
-2267
-3793
-5483
-6044
-7492
-5335
756
3852
9142
9535
5056
4202
587
56
720
-2969
-4028
-4880
-6081
-4339
-886
2590
6263
7950
5532
2539
-1660
-4849
-4316
-4633
-2979
-1253
-2915
-1836
269
2242
4967
5538
4571
2812
760
-978
-1547
-2124
-3009
-2852
-3478
-3528
-1605
485
2511
3984
4155
3542
1946
-450
-1599
-1167
-2148
-3363
-2880
-3503
-3256
-3192
-825
4356
4918
7564
5763
-391
1299
164
-350
1538
-1535
-3805
-5312
-6540
-4102
1402
4583
5612
5316
1756
-525
-1532
-1907
-1110
-2239
-3125
-3023
-3685
-1909
1012
2496
4452
5240
3342
1154
439
-117
-328
-813
-2441
-2709
-2740
-2200
-245
1419
2282
1835
1087
1006
1329
1258
793
-459
-2381
-3325
-1746
-307
-1286
-2727
-4356
-1119
2708
3936
6636
2232
-987
690
-1144
739
2848
519
-2086
-3590
-3644
-1288
2077
2812
2629
871
-1952
-2437
-1533
418
1717
349
-1935
-3087
-2686
-808
1072
2854
3461
2214
1915
1245
710
555
-1325
-2404
-2727
-3152
-1944
-218
452
1427
2268
2290
2187
2218
2211
1184
144
-1105
-1914
-2683
-2926
-1455
-2098
-3130
-5480
-4112
2799
4390
6430
4993
-1470
-741
1180
3034
4497
1547
-2899
-6082
-5281
-2742
1110
3974
2261
558
-27
-446
478
1692
500
-2637
-3945
-3992
-2219
2003
3618
2715
1631
-187
-396
1974
2833
1143
-671
-2217
-2519
-2067
-791
612
-437
-1553
-1653
-302
2530
4227
3692
1007
-1062
-1125
-487
191
-575
-2450
-3010
-3433
-2726
-2211
-2701
1925
4132
4111
5191
713
800
3509
2947
3327
381
-4654
-7263
-5694
-3368
197
3850
2369
1935
2059
795
308
-941
-2126
-4081
-4392
-1794
671
3185
3457
1604
1288
1466
1546
1714
1270
-102
-2004
-2593
-2057
-1175
-1485
-2632
-2238
-1242
853
3435
4191
3940
2759
1194
630
-471
-1826
-2784
-3305
-2377
-1769
-398
671
-165
-2422
-3074
2859
5115
3671
2235
-3104
-1489
2538
3390
3279
-1041
-4271
-6048
-4380
-376
1749
2486
-545
-1566
156
1710
3111
2004
-45
-2803
-1699
1878
1757
1873
386
-2478
-2751
-1103
2227
2847
1394
-156
-1936
-220
1221
65
-356
-839
-1286
-102
864
342
337
-299
-660
1247
2798
2709
190
-2022
-2174
-2139
-1506
-1576
-2791
-3131
-3105
-4303
-487
6029
5180
3631
1210
-1377
2953
5075
3146
200
-2981
-5104
-4657
2
364
-1573
-1489
-1593
1371
4365
5098
2574
-980
-2476
-3155
-509
434
-1222
-1454
-2367
-512
2863
3860
2578
-548
-1745
-1248
14
1055
-407
-1515
-1419
-605
1062
1898
739
-1111
-454
1340
2446
2941
1945
50
-1185
-1299
-1789
-1918
-2738
-3558
-1836
-721
-827
-1501
1190
4074
2035
2250
792
-792
2777
3868
2839
-413
-3361
-3820
-3845
-1294
-1681
-2501
-237
-183
995
3376
3607
698
-867
834
-161
161
-227
-2821
-1347
-106
1773
3396
2167
562
-1517
-451
1101
769
246
-1838
-2765
-1998
-828
-159
-623
-218
1257
2973
3551
2461
1038
-719
-2116
-1576
-81
-269
-2195
-2992
-1980
-1063
-1303
-1962
-2838
-1338
3681
4310
1992
1176
-607
2435
6502
5124
1626
-2978
-4100
-3457
-2221
-178
-3482
-4694
-1174
1561
3994
3053
1034
223
348
1722
1444
512
-2135
-3658
-1526
-898
-83
905
815
1456
2217
3215
2266
-132
-1527
-2790
-3539
-3205
-2400
-2051
-517
2407
3924
4848
3901
1109
-165
-1282
-1786
-1498
-2122
-2242
-905
256
203
954
242
-2111
-2976
-2258
1945
3136
-15
-200
-7
2322
5341
3247
-8
-2812
-2674
-191
-187
-321
-2160
-4293
-1562
1615
2834
1941
-226
-46
1371
2042
1438
-593
-2784
-2977
-1696
-618
824
1447
1919
3150
3089
1677
-634
-2687
-3317
-2807
-1858
-1295
-602
523
1242
1612
1771
1655
1994
1451
736
1654
396
-1890
-1325
-1000
-1528
-1280
-1620
-2003
-2057
-2261
-2077
-2719
-601
4185
3671
1333
893
848
3631
5186
2762
-300
-2238
-1580
-983
-2514
-3528
-3879
-2609
811
2531
2649
1904
424
1343
1979
698
19
-1541
-2094
-329
437
27
-794
-778
269
532
568
108
-1258
-1203
-264
-460
-459
-584
-1326
-760
253
1012
1350
1329
2305
2560
1494
776
240
-123
512
411
-1482
-2098
-1699
-1645
-1739
-1722
-1300
-2717
-1375
3330
2036
-1440
-759
1299
3671
5021
3970
1264
-1133
-476
1179
-738
-4320
-5125
-3770
-2129
-305
191
-816
-469
1596
3133
2943
1939
1524
1219
204
-428
-585
-1249
-1219
-576
-507
-666
-250
653
987
1550
1542
279
-38
527
762
-612
-2241
-2195
-1799
-1094
-41
538
774
1180
1493
1261
1017
386
-182
-195
-1021
-2056
-2495
-2818
-3335
-2888
583
3163
1460
-598
58
3103
5028
3974
2193
1035
1319
2267
1692
-1140
-4454
-5054
-3284
-2200
-2155
-2415
-2113
-131
1789
2523
2580
2262
2182
1616
773
526
-427
-1673
-915
-388
-1280
-983
-741
-797
-595
-898
-456
-87
352
1367
836
169
265
81
462
877
1259
966
117
420
575
524
-161
-734
-210
-434
-569
-1209
-2054
-2283
-2509
-2274
-1296
1185
2079
1516
1465
1539
3357
3656
1740
218
-248
605
186
-636
-1316
-2235
-1753
-1807
-2061
-1705
-1880
-1315
-235
709
1066
602
784
1532
1855
1233
1176
2243
1954
1158
519
-987
-1740
-1772
-1535
-1017
-1943
-2162
-494
202
427
165
-38
883
1041
1293
1360
538
569
928
1041
335
-494
-587
-1464
-1359
74
61
-501
-746
-644
-632
-1896
-2896
-1419
926
772
-80
499
1966
3708
2791
162
-936
-36
1459
1211
308
-24
222
661
-245
-1515
-2340
-2763
-1479
-201
-269
-74
112
917
1824
1057
-81
-864
-747
-196
-290
-243
71
178
66
-267
-147
729
399
-121
853
892
-184
-237
416
-143
-686
-785
-912
521
788
239
1204
560
-206
869
596
-301
-546
-964
-369
-68
-371
-219
-1194
-1669
-166
1549
2113
848
-1411
-1858
-19
944
258
-166
246
147
-314
61
-47
-1220
-1350
-69
749
1537
1260
-59
635
621
-725
-1090
-761
775
1607
897
197
-61
364
343
-1023
-2027
-1055
149
473
1002
811
-425
-1310
-1475
-931
-739
-825
99
693
1446
2182
1112
850
800
13
316
-139
-804
-827
-507
429
65
-367
-576
-1286
-764
-605
-576
268
141
176
799
708
74
-794
-1125
-630
-231
70
707
1647
2160
1318
474
548
522
368
140
38
-543
-1884
-2092
-1554
-1012
-236
32
-8
-179
21
583
932
973
230
-292
-414
-27
1178
893
-264
-108
232
-429
-1255
-995
-363
-243
228
723
969
828
-547
-757
-383
-1419
-598
1412
2358
2320
855
-190
-416
-886
-1001
-428
146
-144
4
342
-488
-486
-574
-1163
-185
116
-338
-19
46
-236
72
746
276
-465
-843
-1296
-816
883
2304
2242
1900
1157
131
210
313
-548
-1666
-1859
-1124
-297
-219
42
258
-484
-192
365
854
794
-171
-230
-623
-450
86
470
724
-283
208
356
-113
689
291
-49
-496
-1361
-1402
-843
-22
-338
178
1164
607
562
485
-18
-69
-86
-570
-484
501
175
55
553
1114
1627
-71
-459
-99
-1529
-1183
-462
-117
797
485
29
-132
-1039
-1023
-59
158
77
362
1071
734
-396
-662
-840
-671
-292
133
1275
1936
1125
-59
-479
-954
-979
-704
-810
317
1389
1077
873
1312
861
-832
-1347
-1100
-687
302
-53
-549
114
187
-257
-7
669
371
-358
-322
221
502
133
70
-616
-1732
-1077
-582
-952
-452
704
1650
1479
1216
1261
408
-70
-249
-937
-616
116
472
633
476
710
453
-435
-743
-1044
-1710
-1820
-1227
-718
-141
15
69
621
652
817
622
-6
157
799
1442
960
848
977
-809
-1536
-391
-154
-541
36
929
965
534
485
366
-690
-1056
-1065
-1626
-901
-195
207
762
546
636
100
-496
-298
-7
1122
993
155
7
-554
-752
-1452
-1675
-338
735
1897
2913
1495
-849
-613
-361
-1290
-1432
-1259
-273
625
1212
1346
528
248
195
180
-792
-2054
-1950
-1066
596
1068
1017
1766
1744
1700
617
-1180
-1590
-2276
-2390
-1104
207
1416
952
48
16
-403
-449
-353
380
1190
553
289
715
752
398
376
332
-160
-81
-322
-762
-274
-151
-465
-940
-1246
-299
232
-106
330
1218
825
-166
326
-21
-806
-302
-654
-791
-208
-196
105
934
445
135
904
73
-64
726
502
53
511
1998
1453
-67
-669
-802
-860
-1423
-1030
-653
-623
-427
-495
-237
-672
-823
-164
-129
-37
252
1015
1088
-182
411
1091
636
1235
820
-155
115
433
-418
-710
-579
-1467
-781
-433
-165
956
313
746
725
-833
-130
785
-950
-1778
-80
628
1125
1272
677
509
-583
-894
-494
-673
-696
-549
-196
-70
283
336
-194
-408
136
1222
702
341
1334
344
-580
-352
-1107
-651
-159
-1139
-293
692
220
904
1808
1110
-482
-706
-180
-947
-1113
-661
-149
142
-539
269
1262
1002
1252
1282
1159
627
-746
-1276
-1035
-1801
-2899
-2203
-594
377
849
1094
1073
248
-493
-116
112
193
765
1174
1193
200
-336
287
-245
-459
509
1119
1138
585
90
-836
-1313
-908
-606
140
430
738
897
120
-644
-1648
-1930
-1659
-1176
24
1414
1977
900
779
1136
213
-483
-1367
-1651
-804
258
880
448
454
330
-637
-311
95
-228
269
-266
-1256
-63
1171
1059
1016
1025
923
1076
588
6
-159
-1003
-1239
-976
-995
67
839
152
-435
-224
-85
-443
-605
-1216
-1774
-506
1315
2100
1591
1269
1139
-619
-1745
-1667
-1523
-621
320
789
517
274
557
891
627
-599
-259
829
439
69
-236
-571
-793
-507
355
-379
-994
63
507
718
722
754
1116
507
138
-632
-1520
-911
-567
-354
-63
190
765
586
-158
-528
-779
-959
-167
255
-64
32
-388
-641
-178
441
842
651
623
677
917
1507
813
-620
-631
-642
-1105
-617
-92
296
642
1565
2092
551
-73
237
-508
-1006
-1743
-2545
-1421
4
327
726
882
808
142
-1176
-1683
-1526
-590
765
1614
1554
619
-201
-663
-546
-229
-110
-47
756
1842
886
215
100
-1144
-718
-360
-1249
-635
55
123
730
498
155
445
-335
-328
306
429
1085
666
496
1088
840
618
104
-595
-1371
-2006
-1686
-964
-796
-733
-234
28
638
649
127
94
-813
-1267
-843
-93
963
2045
3174
2277
703
437
293
-147
-1236
-1479
-518
-616
-817
95
382
405
613
29
116
70
-876
-778
-821
-1347
-1098
-338
268
400
1179
1578
940
1053
703
-233
-893
-1673
-1629
-1533
-1461
48
1830
1959
616
-770
-1331
-316
712
246
313
1457
2072
1337
547
-158
-1219
-502
-16
-1059
-885
-974
-1371
1
1233
988
-110
-692
750
1409
-197
-432
409
562
627
-39
-1224
-1962
-2137
-1503
-895
-478
977
1898
2068
2322
1082
-210
-474
-461
-888
-1191
9
-231
-1181
-195
412
483
852
755
165
-64
-94
114
713
489
759
1758
1585
941
172
-898
-2194
-3415
-2913
-1045
-239
-655
-342
418
745
1537
1203
169
989
1289
440
-88
-240
548
1039
534
-309
-1169
-2107
-2914
-2240
-844
308
922
1086
2028
2056
1051
504
-537
-1127
-597
247
996
921
189
-289
-649
-1531
-1205
688
1382
1181
1224
943
428
-517
-1525
-1848
-1751
-1476
-566
845
1563
1452
375
-554
-347
-1238
-1762
-579
42
799
1817
2283
2095
1104
49
-1162
-2063
-2475
-2101
20
1204
271
-475
15
1372
1339
-290
-1236
-512
1382
2192
1166
-17
-268
-226
-488
-1164
-1857
-1437
-695
283
989
742
927
386
-243
350
236
-848
-1442
-512
633
379
25
581
848
531
-131
-477
184
357
163
281
105
-207
-219
105
492
766
69
-572
-508
-827
-862
-775
-906
-911
-408
568
1130
1089
708
543
722
795
697
114
-1257
-1663
-1752
-2571
-1552
-28
854
1134
420
562
1508
2447
1070
-1206
-489
1122
1740
925
-951
-1588
-211
580
-402
-967
-502
169
562
1085
1015
207
-331
-808
-737
-604
-500
-348
-231
477
454
-186
-264
-481
-1329
-2029
-1581
-365
286
923
1562
1472
1586
789
-14
353
205
-240
-1003
-1409
-1022
-12
487
121
1119
1482
525
145
121
230
-164
-304
-109
-282
-77
184
55
-158
-121
-98
-511
-402
-458
-620
9
-185
383
661
-711
-508
-593
-987
-52
140
55
867
998
218
743
1449
1180
331
-1136
-1324
-101
143
-588
-257
286
372
621
343
341
459
-92
-484
-982
-1096
-66
306
330
281
-277
-42
-408
-603
-129
235
901
558
885
991
-378
-1166
-1009
-568
-1195
-1286
-1406
-1980
-526
595
353
388
1312
3168
4133
2526
10
-241
718
-6
-1447
-2268
-2231
-927
414
1097
516
-495
33
434
270
-100
-862
-888
-625
-260
72
-407
-647
461
1422
973
66
-592
-865
-915
-560
473
1286
1116
524
-89
-601
-577
-727
-723
110
772
885
377
91
744
1042
127
-817
-379
435
555
297
-315
-459
-255
-637
-160
740
262
-472
-752
-649
-513
-632
-646
-374
393
741
615
-1
-594
-322
-714
-642
-266
-259
1046
1591
1148
977
524
38
-303
-550
-513
31
-155
-764
-342
348
243
12
292
-498
-903
139
452
482
523
119
-795
-923
180
544
506
811
1621
1585
-145
-1256
-1832
-2186
-1806
-1232
-71
973
1154
1247
1467
716
-607
-537
-21
-47
-145
207
1487
1695
945
481
-800
-1866
-2235
-2639
-1588
646
1231
1050
1401
850
450
-89
-873
308
1751
1645
602
-343
-1187
-2177
-2337
-2115
-979
826
1541
2132
2133
1125
-469
-2205
-2076
-1672
-1249
568
1610
1636
1210
874
760
-164
-812
-815
-902
-162
1151
1481
1495
901
-697
-1667
-1766
-1351
-1312
-1013
35
951
1749
1675
1145
314
-707
-1031
-491
-393
-1124
-350
-245
-856
270
788
661
492
626
1409
1671
1176
-243
-1854
-2164
-1552
-966
374
1287
776
527
634
858
626
-205
-622
-785
-704
169
1149
1018
-113
-1224
-1180
-448
83
742
794
-560
-1577
-1028
-743
-386
444
482
966
1041
245
-288
-1251
-1459
-492
338
645
1035
1469
950
598
383
101
302
100
513
240
-1052
-573
143
-425
-1741
-2359
-1586
-281
778
452
345
1409
2275
2352
1079
-315
-662
-1153
-1346
22
540
84
220
-434
-407
319
-253
-730
-236
-387
-1267
-339
683
621
803
2
-403
-135
-138
-302
-430
448
350
-305
-10
506
863
431
495
656
685
927
-242
-1647
-1909
-945
166
698
1380
873
-653
-448
516
176
9
-562
-1347
-759
-512
-134
228
156
838
1260
1173
546
-60
-166
-475
-813
-1018
-848
-511
292
1246
983
-136
-1459
-1748
-1094
-917
-79
694
559
1143
1190
157
-483
-209
337
209
966
2078
1637
1133
67
-1624
-1317
-1225
-2194
-691
1405
1539
911
874
803
-654
-1642
-1528
-1072
-720
-697
-120
-54
193
1223
1524
1668
1260
-164
-1130
-924
-445
-574
-863
-662
-175
423
1120
1337
1224
877
-171
-821
-619
-540
-343
-133
-58
230
-4
-132
116
-122
-231
25
373
612
601
621
364
-993
-2099
-1645
-708
39
-128
-136
547
621
713
567
623
502
-811
-1102
-465
-633
-955
139
1335
1300
1710
1514
-130
-1164
-762
-261
-95
784
532
-189
138
-215
48
541
395
71
-879
-780
-424
-395
105
311
513
11
-752
-505
-475
-1064
-1100
-579
286
1234
1164
999
1121
990
982
345
-594
-1338
-1905
-1933
-1542
-527
737
1771
2104
1385
773
382
-766
-1322
-458
334
940
1292
918
625
43
-1345
-2444
-2782
-1936
277
1414
805
1085
1744
915
-29
128
435
-431
-1845
-2244
-2334
-1793
-162
526
925
1887
2318
2146
1209
83
-227
128
-9
-433
-339
-738
-1064
-600
149
568
349
552
663
379
-283
-1128
-1209
-1824
-1550
45
526
792
729
561
548
-110
231
789
840
1139
364
-688
-1045
-1006
-767
-909
-458
309
961
1570
1048
272
-44
-86
-676
-1114
124
816
729
136
-1089
-886
-294
7
670
411
-934
-991
141
-428
-563
873
1072
1031
891
87
-191
-227
-357
-999
-1227
-448
40
9
-169
438
795
199
-34
-256
-433
-640
-596
-191
-11
533
1056
1248
981
499
191
68
499
505
-99
-942
-1012
93
101
-402
-453
-213
691
468
-335
-502
-958
-612
181
-47
-352
-510
-487
249
152
-476
346
961
572
7
-660
-753
-442
-8
192
350
956
1247
924
424
60
-478
-787
-270
856
1610
1242
536
-401
-1196
-1194
-580
-109
-80
138
9
57
352
-173
-1193
-2073
-2169
-1742
-486
857
1052
1506
1671
772
588
788
793
838
204
41
-503
-1327
-57
188
-566
9
-20
-500
-246
-483
-1177
-347
456
728
1251
921
716
156
-440
-623
-1225
-1390
-942
366
900
1179
1852
321
-1314
-1971
-2082
-629
665
985
915
938
1106
806
388
-216
-770
-592
-944
-928
293
175
77
724
220
365
1309
955
-577
-909
-55
225
1040
1216
287
96
-48
-351
-732
-442
-47
-984
-1732
-1640
-1162
-701
67
768
577
1305
1500
-149
-368
151
-87
-293
-694
-39
744
-150
-1006
-950
-292
-51
-7
847
1452
1728
1780
611
-760
-647
-859
-1313
-249
942
1902
1570
321
-1236
-3162
-2588
-1099
185
1236
507
111
487
1122
1370
363
-521
-922
-1120
-269
1211
1536
1183
287
-779
-438
24
13
-319
-837
-1021
-1230
-550
511
234
31
916
1124
965
890
-188
-1197
-2003
-2534
-1851
-646
372
877
1532
1993
1456
1085
847
193
-90
-333
-728
-98
497
337
256
-253
-360
206
99
-499
-620
-445
-1030
-1341
-806
-453
131
622
732
952
734
520
591
-149
-556
35
-242
-356
286
454
947
543
-468
-311
-490
-246
96
-802
-932
-606
-541
-180
-12
438
1367
1325
708
687
143
-786
-1120
-1357
-1664
-1031
193
610
1412
1603
569
606
584
548
273
-1206
-1248
-761
-1096
-466
75
660
1844
1539
670
15
-903
-1332
-972
265
611
11
30
-148
-458
-264
210
186
-64
490
795
537
286
-110
-51
-54
-386
-504
-935
-1160
-930
-161
449
126
357
312
-34
368
465
438
268
-32
-56
116
-15
-28
758
160
-1094
-606
-526
-992
-30
409
-277
118
745
412
-234
-608
-374
-420
-453
629
1211
833
652
660
958
1145
1036
608
-156
-932
-1511
-1331
-1385
-1195
-226
89
772
717
-643
-740
-784
-1438
-558
1023
834
172
880
1436
1513
782
-1022
-1291
-785
-903
99
1270
1341
1146
761
-220
-1149
-899
-66
511
809
583
421
310
-510
-1568
-2080
-1637
-793
97
803
1093
1488
1092
55
-542
-568
-315
-1095
-1654
-219
1330
1242
799
283
-1207
-1655
-762
-145
631
1466
1714
1596
665
-1170
-1934
-1269
-683
-439
-213
159
929
1549
1121
179
-544
-185
747
1135
1706
1442
86
-840
-1729
-2783
-2852
-1708
-170
1635
2843
2382
1020
32
-570
-1638
-2748
-2534
-1497
-1061
134
1938
2115
1761
1655
1091
100
-623
-281
97
14
250
339
638
1289
1163
298
-856
-1151
-1405
-1685
-591
-533
-599
-63
-572
-797
-838
-477
-218
-286
490
1026
1266
1538
1605
1128
-79
-900
-1127
-1040
-149
805
1154
1178
507
-80
-815
-2008
-1758
-753
-169
348
593
567
667
778
871
1045
694
501
345
-143
-217
-1061
-1163
151
147
-510
-992
-928
-336
-218
-133
-259
-83
628
807
303
-390
-575
-650
-94
1000
968
342
-276
-130
819
722
266
129
-657
-1255
-1061
-620
-774
-857
679
1856
1762
1513
581
-464
-739
-530
-44
853
1397
787
-309
-483
-60
-688
-1473
-1700
-1108
-1
488
960
328
-782
-389
170
42
41
158
-386
-416
359
411
-199
-500
-1027
-1472
-316
434
1032
2137
1639
669
19
-53
278
361
-34
-677
-386
-71
279
465
-71
-368
-374
238
121
-415
-179
-774
-796
-141
-176
488
552
15
170
-25
191
-144
-1216
-899
-263
136
559
448
116
-197
-866
-1050
-222
622
1451
1826
1745
1318
176
-163
-147
-1089
-1193
-349
-78
18
79
440
523
-29
68
-154
-918
-1146
-509
-98
-742
-1384
-1322
-240
161
531
1122
273
298
464
686
1797
1251
532
675
-147
-1199
-1077
145
1316
1067
53
-1239
-2106
-1446
-717
372
927
425
1226
1165
86
44
-273
-778
-744
-297
327
381
-11
-111
-479
-1169
-1111
-632
66
496
-324
-758
-354
351
1774
2280
1994
1588
44
-1537
-2069
-2280
-2120
-580
1070
1850
2149
1366
463
313
-332
-1548
-1302
-599
-444
804
1560
1138
457
160
-319
-1397
-442
526
-228
-744
-751
-358
-523
-338
8
-388
-211
-371
-240
790
743
280
326
483
792
1130
1378
970
171
-329
-794
-949
-1373
-1695
-1004
-406
284
1052
1355
1042
-65
-974
-1487
-1393
-550
97
457
1101
1852
1321
-243
-900
-847
-1034
-655
271
922
1235
284
-588
99
-67
-754
-97
991
1116
-48
-587
-118
-152
-314
-358
-457
-222
322
525
382
627
822
456
28
-121
-166
-301
-913
-954
272
467
628
1482
854
93
-873
-2138
-1901
-1173
-745
-365
-75
132
638
1131
892
456
-110
-981
-1447
-722
687
1365
965
237
-182
-187
660
1331
475
-73
507
244
-743
-685
-340
-244
72
-275
-601
-395
-97
369
684
990
860
661
645
-227
-1053
-1231
-1365
-817
226
511
781
581
-640
-879
-878
-594
375
423
792
1052
118
-694
-1302
-1035
9
45
-64
872
1968
2346
1623
663
-430
-1895
-2659
-2138
221
2077
1715
1111
240
-943
-1767
-1499
-254
291
557
984
678
-169
-503
-1079
-1513
-559
-454
-731
-105
652
1141
539
196
-109
-811
-216
936
1566
1570
1377
1097
635
-66
-735
-399
332
400
-102
-379
-897
-1373
-1085
-1187
-808
-294
-34
564
-157
-934
-435
-365
-948
-92
1238
960
876
906
675
809
877
640
-478
-1218
-1714
-2321
-1736
-823
589
2485
3289
2791
1392
-513
-2148
-2100
-931
-488
119
1402
2056
1737
529
-270
-441
-1366
-1243
-324
-937
-1001
-5
266
420
715
694
421
75
-541
-1487
-1286
-640
-944
-378
199
-453
-380
554
953
543
683
1158
890
833
704
18
-150
140
-202
-712
-118
788
1129
1266
461
-723
-1216
-2239
-2720
-1682
-217
1172
1725
2146
2073
1039
-559
-2349
-2072
-1023
0
1524
1384
543
166
-506
-1580
-1459
-710
-1223
-517
160
-120
1399
2201
1582
1562
1065
-222
-448
-356
-1350
-1273
-815
-975
42
851
561
91
-196
328
960
735
69
-455
-171
545
246
