350
-340
9
-51
-1122
-620
940
680
189
394
-644
239
480
-832
-26
963
1739
926
33
104
137
613
-567
-1039
-525
-1054
-1222
-246
-2
-728
575
535
-487
-169
-370
480
465
451
1309
846
594
-457
-1094
-214
-530
-1042
-31
217
-723
13
219
-165
1048
1108
648
12
-137
547
-770
-608
-18
-1322
-568
106
-411
29
665
237
164
1007
724
285
-6
32
-2
-416
-30
-265
-361
-352
-816
-609
648
1258
116
368
261
-747
-538
-554
-644
-792
-377
97
540
1147
1067
678
241
-197
-618
956
1541
219
98
-705
-1128
-1462
-1644
-470
163
143
581
1571
844
-17
-113
-467
-357
-1117
-1232
-279
323
605
394
525
774
669
282
28
119
-139
388
791
-318
-271
-557
-988
-236
-909
-718
-509
-518
736
853
475
-278
143
1195
387
-243
402
-142
-1318
-98
-261
-354
1469
257
-758
310
419
29
680
449
-765
-299
211
176
-183
-643
-484
207
640
-595
-949
-72
9
252
525
-19
-165
511
261
-127
-165
-83
769
687
-270
-961
-1789
-1144
871
795
590
1587
881
211
-334
-1517
-1302
-217
382
292
198
925
1481
577
290
374
-238
-187
-532
-915
-1138
-760
-170
-248
389
-582
-1521
-863
-742
207
952
1096
731
-79
240
9
59
1150
722
556
801
-197
-210
-101
-533
-321
-396
-416
-271
-14
-84
-765
-145
604
-226
2
739
-100
-152
74
-96
439
590
1048
860
194
541
-328
-1251
-878
-650
-645
-830
-1036
-464
473
347
566
730
259
1143
742
-52
808
310
-972
-1182
-543
-243
-305
-244
4
227
115
253
-235
-105
268
-698
-337
431
131
407
1082
735
939
1500
263
-272
-632
-1366
-1332
-1677
-1124
-284
-227
-425
-352
839
1396
208
451
1417
-237
120
1118
-287
479
322
-356
-289
-1454
-658
-321
66
820
-281
605
929
-345
-319
-322
-171
-373
-792
-183
203
156
697
717
210
512
11
-740
-371
-323
-372
-159
-139
148
1235
1338
431
268
-518
-711
-1078
-2068
-289
528
-150
187
-112
-28
151
-106
88
431
674
701
646
738
806
330
231
181
-560
-500
-303
-1029
-1308
-954
-420
1010
1125
-361
-454
-296
-726
-1050
-426
783
1039
1558
1365
33
-27
87
-616
-608
226
353
-122
-213
-448
-632
-706
-1005
-548
76
-122
-369
477
1425
899
683
901
695
697
-155
-1091
-587
93
-176
-50
558
146
-5
252
-520
-1376
-811
180
-3
-55
-197
-353
644
209
-717
-508
-359
349
454
273
727
555
569
766
-22
-553
-76
-236
-473
152
936
646
-526
-106
-93
-1263
-1172
-35
952
621
740
735
-563
-764
-453
-1082
-1412
-348
494
1076
1285
232
-66
152
-472
-779
684
1092
-477
-148
554
40
-469
-595
-324
-532
85
1022
794
764
137
-867
-763
-836
-976
-561
114
622
619
593
27
-9
258
-52
727
747
28
175
302
197
-880
-1044
260
-65
-576
-290
-881
-361
565
347
-111
-590
475
792
421
505
-311
484
544
-341
-488
-698
22
-395
-22
804
95
870
448
-750
-272
-1612
-1654
967
634
-79
831
1267
1265
283
-14
-384
-1323
-723
-53
-194
-357
48
271
-177
11
-93
-910
-148
713
34
86
592
466
-251
-1130
-757
-16
-302
30
701
329
1082
1358
13
-330
-202
-2
-315
-247
492
206
458
426
-580
-223
227
-120
253
644
346
-818
-1227
-330
-506
-263
-362
-747
703
424
-814
-654
-573
-513
-119
163
584
1283
1516
1331
231
-696
-213
-246
-564
-399
-164
380
408
386
305
-343
181
53
-577
-38
-367
-297
91
392
615
346
615
-292
-237
634
-205
-89
-505
-994
336
47
-477
190
229
114
-962
-708
655
-239
-490
-479
-569
310
-60
-453
237
264
12
988
968
56
130
152
308
54
-39
281
245
843
1204
593
172
117
-448
-438
-499
-1721
-2004
-1437
-825
-239
263
270
56
-68
-122
560
271
1187
2608
1106
807
275
-1077
-580
-1009
-1317
-517
-64
115
169
423
402
243
-155
-668
167
751
71
-309
-151
278
207
204
329
70
324
146
-393
-446
9
475
325
-263
-1235
-1389
-1195
-543
886
653
288
497
89
572
316
-484
12
-150
-105
-338
-896
308
48
-212
976
197
168
820
245
783
545
-310
189
219
35
-651
-892
-80
-91
-195
-904
-1525
-652
54
-57
918
1907
668
435
477
-806
-936
-385
63
-97
72
824
3
-1119
-614
-524
-838
-82
852
1854
1231
117
79
-528
-533
-591
-577
42
65
-68
-106
591
645
418
1171
825
457
432
-414
-546
-625
-933
-669
-995
-1203
-1102
-686
834
1527
1158
873
448
119
-591
-1481
-798
-274
-961
-259
429
145
940
1843
795
-374
181
-178
-378
27
-778
195
779
-465
-49
116
-3
565
222
202
-848
-1479
445
-102
-407
668
-557
66
702
-180
553
334
-95
375
-158
-294
-453
-672
310
150
-247
58
-319
398
849
-692
-1042
440
842
336
322
366
307
113
578
380
-1006
-126
905
-182
-355
-103
-34
-366
-1273
-279
18
-709
201
301
213
414
51
-266
-859
-847
-705
-448
339
429
308
409
422
387
316
441
405
-9
-774
-861
590
525
-171
1000
1309
838
-101
-824
-124
115
-333
-734
-31
453
-599
-877
239
352
-607
-23
-181
-727
469
216
-559
-109
560
555
87
-107
-501
-368
-147
-311
186
264
-141
601
845
11
-18
28
91
224
431
896
294
-505
-839
-846
-653
-578
258
429
-387
234
767
-197
-223
683
520
-237
2
322
-391
-899
-845
64
721
-365
-653
396
838
253
-345
600
791
-226
-295
-824
-390
278
-400
-130
-393
188
964
-280
-226
-12
-328
-386
-150
847
940
962
982
10
-229
212
-213
-623
-493
-1098
-1345
-217
146
-307
493
691
288
1001
382
-252
-82
-959
-817
-235
-497
113
1043
832
283
762
875
-606
-1035
-437
-529
-85
142
-216
212
477
-381
-90
1431
896
-262
-376
-400
-1110
-1492
-264
-104
44
1009
664
149
521
821
-317
286
1001
-506
-318
-699
-817
386
307
492
401
66
-657
-1482
-737
-264
-236
221
612
1126
623
-597
-467
-218
-276
-434
-354
1122
1125
339
408
-125
-205
-622
-431
329
-478
-215
557
288
247
102
-4
-315
-460
96
-39
-264
192
333
43
180
216
-664
-614
-353
-831
-4
482
523
1107
285
-407
-166
138
249
-573
-155
544
147
595
102
-518
-76
-626
-1011
-395
257
727
913
774
1046
979
505
-210
-1209
-385
-490
-1130
-332
-928
-696
-123
-500
-451
-71
919
1128
1188
1035
307
175
-109
-550
-670
-417
-701
-842
-8
66
-199
409
569
210
316
-435
-725
-88
45
711
368
-34
315
-407
-560
-471
-87
842
1019
1811
1627
-195
-175
53
-664
-1020
-1389
-773
-523
-686
-176
116
204
-423
264
850
-156
-100
91
631
27
-555
915
52
-349
642
-76
187
435
319
439
-403
-647
-867
-571
155
-454
-438
57
359
558
298
210
-219
-207
516
377
94
611
890
765
146
-862
-1069
-953
-985
-1251
-968
260
1305
1217
179
741
604
-1157
-1194
-863
-41
239
-236
251
156
701
590
-587
-71
30
-86
396
256
721
1255
1190
1214
676
115
-318
-756
-695
-1096
-1143
-735
-638
-652
-1453
-1222
-866
-1063
-117
507
1534
1159
669
1946
1012
1285
2161
1043
502
330
200
-848
-691
-227
-976
-1529
-3113
-3367
-2548
-1878
-1311
-322
1895
1910
1791
3049
2787
1344
531
1044
1219
1254
965
4
240
650
69
-479
-1509
-2161
-2256
-3413
-4154
-5360
-4882
-1952
807
4659
4528
3055
3848
3281
3006
264
-1620
-431
-383
25
-183
-204
410
1257
2166
872
-445
-690
-1725
-2520
-1402
-1020
-1990
-2643
-2536
-1324
-409
1976
3158
1377
1020
1310
1201
-494
-841
-386
-1347
644
1383
1017
1952
2229
2256
1109
744
-695
-2410
-2182
-2618
-2762
-2812
-3510
-4132
-1888
2186
4309
3955
2502
1922
870
773
265
-1355
-975
14
1571
1388
1117
2191
1817
1527
455
-700
-1185
-2237
-2863
-2700
-3317
-3976
-3563
-3637
-2209
310
3441
5452
3225
1999
1797
332
-365
-1207
-1926
-453
1585
2407
3160
2889
1946
1239
600
-581
-2061
-2131
-2094
-2095
-2523
-2898
-3911
-4874
-1934
1363
4028
4759
2901
2094
1099
461
-248
-1989
-2860
-1182
1256
3176
4575
3107
1995
1632
708
-898
-3117
-3608
-3875
-2198
-1720
-2292
-1321
-3169
-2183
724
2825
4591
2673
1252
635
13
-596
-1757
-1722
-1015
665
2360
3664
4091
2831
1858
1809
466
-2041
-3342
-3998
-3950
-3796
-3261
-2273
-1819
-1233
-606
2662
4718
3194
1146
-534
1418
1953
226
-1082
-2406
18
2444
2921
2266
1520
1371
283
157
-1152
-2451
-2524
-2740
-2574
-2486
-1402
-2890
-3767
-70
3245
4638
3781
1907
-517
-416
1315
-372
-1591
-1814
-508
2747
3504
3001
2416
300
-499
508
-605
-1753
-2877
-3494
-2170
-2045
-907
-2129
-4183
-2146
843
4787
4190
1798
1160
-262
1418
1535
-686
-1394
-679
1214
3019
4284
2486
610
-150
-807
-176
-1741
-3435
-3554
-3329
-2096
-1535
-2415
-3402
-1991
959
3689
4266
1738
296
-472
-52
2053
875
-1102
-1159
564
3401
3706
2445
1205
689
1411
1168
-1038
-3423
-4518
-4842
-3404
-1753
-1790
-2459
-2213
1476
4734
5172
4230
746
-1275
-152
695
613
-431
-1558
-600
1718
2556
1698
565
-567
-896
306
410
-1742
-3347
-3638
-3104
-1499
-854
-2191
-2556
132
4206
5804
4911
2542
-1327
-1635
857
412
-1158
-1821
-1672
642
3209
3833
2374
-452
-824
-228
-356
-545
-2580
-3515
-3469
-2374
-1691
-3246
-1997
-527
2009
6150
5410
1953
-231
-321
69
904
675
-2104
-2141
140
2324
3914
2773
1204
460
180
-272
-2029
-2936
-4045
-4960
-3717
-3335
-3054
-1172
942
2853
5180
5303
2382
1331
721
-227
716
388
-1336
-1822
-356
1797
2493
2311
1586
-302
-987
-1301
-2039
-1673
-2699
-3562
-3254
-3255
-2469
-1363
745
3023
4392
4650
3303
2350
1088
-308
256
-346
-2120
-1702
-421
1274
2588
2184
1339
1103
1157
-605
-2327
-2776
-4101
-4691
-3942
-3194
-2153
156
2434
3190
2892
1783
1184
898
807
1088
32
-312
-31
-409
1325
2667
2105
1884
820
-317
-709
-1423
-2037
-2791
-4158
-5077
-4596
-2886
-510
1944
3718
3863
3034
2554
2180
1384
1487
1526
-193
-782
-993
-635
1225
1295
667
233
268
-395
-1681
-1901
-2893
-3417
-3850
-3315
-1372
-272
1338
2263
2361
2268
1541
1000
1504
2423
1985
555
-771
-729
-614
-347
877
1015
159
-628
-133
-571
-1522
-1220
-2203
-3144
-3421
-2728
-630
1459
2499
2334
2848
2059
553
1162
1066
1
-277
-110
-145
109
1169
1369
449
239
517
-249
-1161
-1078
-1071
-1105
-1783
-3379
-3247
-2066
-973
-268
-30
1868
2720
2156
2637
2380
1711
860
411
393
-297
-582
-114
910
393
-738
-1065
-1537
-885
-874
-353
193
-1604
-2327
-2967
-1763
525
350
1581
1854
1123
1534
1491
2281
2071
1113
576
-270
-481
-302
-351
-473
-52
-226
-848
-968
-662
-354
-972
-1511
-1614
-872
-592
-719
-442
-1241
-967
-603
480
2877
3441
3608
3317
2512
878
-492
-371
-467
-161
-630
-1166
-1453
-1599
-1124
-1457
-748
-867
-1662
-1718
-1908
-100
21
-322
1606
1435
1024
743
378
1975
2178
1315
1501
1055
455
-47
-481
-79
-782
-1345
-83
336
-324
-1332
-1125
-695
-1689
-1278
-1883
-2512
-151
456
45
1138
1893
1790
1842
2044
1429
824
722
340
95
255
-131
-61
400
78
-420
-847
-698
-1202
-1234
-1340
-3252
-2913
-1751
-1512
-1195
-440
-139
-1590
-1016
-418
976
5126
6211
5499
4111
2758
2002
-373
-1086
-1005
-2162
-1532
6
109
-655
-1111
-1137
-585
-112
-1765
-3314
-2399
-1093
22
1018
1458
730
804
1918
966
600
1461
2532
1495
-1964
-1255
-167
-799
-806
-1256
-488
-1510
-1812
-275
-898
-643
1076
2412
1420
-250
-1537
-2493
-1473
-388
1508
1594
-56
-274
-9
2482
3294
1455
-227
-882
585
729
114
-658
-1785
-1661
-745
630
360
-421
-647
-868
-10
-472
-1386
-437
-246
-93
1104
836
227
595
1286
1941
1182
94
107
457
557
285
50
-893
-1642
-865
-620
-626
-377
-286
440
433
-202
-789
-966
-840
-1320
-987
-520
-22
419
-93
490
1329
1275
1201
1414
1227
818
1030
772
652
304
-287
-152
-368
-178
-864
-1575
-434
-389
-953
-1341
-1192
-535
-793
-164
249
-373
-515
-313
-38
94
1154
1650
1835
2380
1301
1128
1005
100
653
119
-668
56
-382
-1643
-2219
-1814
-928
-1611
-2214
-1091
211
1157
897
63
168
571
-157
-796
422
1740
2018
2117
2635
2263
906
-137
-935
-1257
-2080
-1936
-872
-848
172
-186
-1475
-552
-472
-1027
-1565
-1782
-578
232
800
923
419
-73
400
2143
1950
1440
1591
500
805
1922
1411
-46
-822
-1258
-1418
-747
-559
-580
-1008
-1037
-870
-1247
-953
-1360
-919
293
692
721
296
1227
1232
457
732
362
659
249
-640
436
780
459
931
304
-220
224
-382
-1096
-688
435
538
-852
-1648
-1707
-1568
-1008
-369
-267
-44
333
570
1307
1254
904
1172
808
537
757
949
801
210
439
368
-659
-565
-25
-126
-1608
-2405
-1257
-1510
-1574
-843
-859
-449
55
121
476
1650
2591
3015
2105
936
223
-1033
-889
-400
351
765
99
196
405
249
-714
-333
-137
-1478
-1407
-1223
-1569
-1881
-1130
-869
-495
539
-165
396
1079
1435
2101
1474
1098
731
451
198
676
718
158
508
280
1227
956
-875
-853
-1040
-1950
-3259
-3262
-2242
-1199
-232
-572
-34
759
1312
2176
2632
2778
1899
1581
1196
-147
-543
-64
-391
-322
1120
719
-97
-194
-745
-2131
-3211
-2193
-2868
-3168
-1679
-406
1251
1376
1714
1306
913
1925
1126
1000
1532
883
675
975
1016
1144
838
124
-37
-208
-329
-160
-267
-1319
-2089
-3974
-5240
-3453
-3487
-1583
1318
1335
3141
4065
4085
3967
1839
619
282
-888
-1435
-365
337
201
912
1287
424
668
459
-714
-1873
-3101
-3018
-4152
-4007
-2060
-1008
629
1498
2550
2929
3157
2831
1021
1211
949
-300
-1330
-1515
314
2152
1647
684
1509
1808
1307
-607
-1692
-1321
-3301
-6570
-7118
-3258
-732
733
1779
1814
4590
4966
2667
1361
811
-642
-2137
-1590
-1247
1021
2009
943
2372
2322
1954
658
-2205
-1637
-3031
-4743
-3211
-5127
-4510
-836
1070
2841
2679
4585
5421
2919
1062
-735
-800
-1502
-2337
-2167
-451
2521
2391
2698
3867
2813
1175
-1321
-2986
-2971
-4620
-4929
-5280
-5346
-219
1450
2393
3855
3084
5361
2774
-718
25
179
-944
-2655
-1396
-32
1524
1885
406
1659
2167
986
19
-373
-162
-1941
-4465
-3276
-4856
-5819
27
2054
3261
3704
4213
5506
334
-1485
-1993
-3106
-2352
-2541
-11
1638
2963
3642
4094
4470
1601
258
-788
-2759
-4207
-4829
-3526
-3149
-5974
-4233
2297
3464
3490
3826
5230
4816
-1565
-2294
-1458
-2617
-2793
-1786
3602
4844
3213
3172
2534
2109
-925
-2318
-1176
-2107
-3058
-4475
-3773
-3644
-6465
-1493
2872
1695
3178
3993
5167
1668
-1503
481
-2170
-2699
-1144
335
2165
1761
4190
5070
2891
1538
762
-411
-4096
-5151
-3125
-3680
-3153
-3623
-3573
2060
2192
1216
3616
3927
3754
-855
-1673
-60
-3273
-3139
-909
975
1613
3447
5306
2880
1963
1516
-639
-1880
-2497
-2181
-4299
-6039
-3395
-4961
-1947
4857
2320
3265
4677
3512
1098
-3156
-34
-1197
-2923
-42
-194
1263
2517
4598
3900
990
1623
387
-1336
-2182
-2846
-2329
-2829
-2353
-3234
-5958
-582
3001
2
2006
3727
3072
374
-227
1727
-1656
-2017
295
-236
335
2602
3450
1769
2501
3017
-782
-2535
-1562
-1869
-2773
-4075
-2483
-3921
-5451
2339
1557
-22
5672
4345
2717
646
714
-356
-4198
-526
-342
-1986
1019
2983
2425
1507
3109
1008
-1322
109
-1985
-2457
-1297
-1730
-2670
-7430
-3342
2842
-1224
2306
6139
3571
2645
1696
1681
-2361
-3523
-1245
-2790
-158
1968
1117
2208
3649
3611
522
763
817
-2571
-2501
-4459
-4090
-3957
-5038
1336
-766
-530
5598
1929
2420
3132
1184
-465
-1947
1092
-1212
-1927
1313
747
1762
2030
1923
1744
1528
822
-2377
-1252
-1935
-3342
-3867
-7097
-945
-273
-2388
4531
2608
2831
4435
1850
1837
-518
69
-1972
-1990
1749
-324
1070
1195
796
1785
-183
289
-967
-301
-1127
-3785
-2589
-6202
-3233
-948
-3584
3427
3243
2334
5697
4118
3916
534
-709
-1897
-3218
-1045
-3214
-84
2302
1214
4089
3451
1782
-663
-1644
-2628
-3000
-2387
-6843
-1518
711
-3697
2680
1757
1203
5290
3470
2473
885
1742
-1071
-2859
116
-2705
-1637
422
402
1333
1863
2249
162
1190
-1053
-2854
-3526
-7723
-1603
-2202
-3654
4354
1365
3026
5859
1963
2053
590
373
-1625
-608
1259
-2521
922
1506
314
3039
1250
430
878
1207
-2026
-2761
-3702
-7864
-1215
-2434
-4206
2786
-357
2235
4838
2298
3871
2138
799
-373
334
-752
-1917
1432
-403
758
1573
-609
1114
-162
-858
-2787
-2005
-1776
-5985
479
-695
-3392
3325
-1031
639
4785
1400
2547
2331
1002
357
2184
683
-1090
1496
-2848
-1963
1284
-665
-35
662
2078
-369
-619
-2263
-5373
37
-4747
-4896
2413
-1742
1363
2979
899
4678
3006
1399
1602
2578
568
-1740
1963
295
-253
1059
-1320
-1071
-1169
-1842
-2219
-638
-2792
-2515
1276
-4851
-1151
1644
-4078
2218
2454
938
4587
3112
2109
2221
898
-2136
146
315
-1847
1177
-294
905
2049
77
-380
-2432
-1598
-5400
-4012
269
-3681
1700
722
-1805
4667
-71
452
4577
1171
965
1766
1513
1237
1926
-678
-141
2186
-1125
7
-1135
-2165
-1562
-3130
-3051
-5124
215
-1337
-4452
2318
-2929
619
5619
687
5059
3790
1540
2890
1063
-63
-815
-466
-1330
847
639
-1401
1092
303
-365
-2136
-2531
-1877
-3717
-1349
-3645
-1552
3337
-485
2858
2462
-708
2523
79
437
2369
142
781
2188
968
742
1274
-21
-168
-774
-1340
-1870
-2421
-3710
-3870
-138
-3749
-1992
2620
-2402
2009
2231
97
5138
1537
1041
2864
1533
1625
1107
1003
-99
167
65
-531
-711
-1325
-1104
-1689
-1960
-4111
-2781
-2169
-3970
1379
-750
-720
4653
139
2731
4593
809
3098
1137
-771
1275
74
-430
1141
16
-557
-32
-1589
-930
-797
-1631
-2594
-2087
903
-3096
-1936
1060
-3471
1639
2502
-350
3731
2308
2792
2871
660
1612
612
136
-772
-1311
-652
-699
281
-1249
-2033
-1285
-4286
-2131
-239
-3927
590
707
-2171
2673
-46
363
4237
1301
2920
3464
1370
2505
1487
-306
108
-997
-1546
-105
-859
-1175
-1000
-1006
-1973
-2359
-710
-3632
-1829
-354
-4516
789
1071
27
5887
3434
3094
3922
1448
1761
-286
-1613
-897
-609
-147
-6
262
191
-968
-1616
-2765
-3416
-1320
-3645
-2337
909
-2775
2079
3484
216
4892
2642
1008
2774
418
1179
2125
822
307
282
-1339
-2538
-1102
-1121
-919
231
-2182
-1437
-454
-4539
-1684
-1514
-4529
659
13
651
4886
2380
3223
4432
2258
1513
1312
133
-321
985
-7
-976
-510
-1321
-2283
-2768
-3854
-3050
-1017
-2650
-297
1328
-1833
1561
1411
44
3532
2369
3037
4081
2274
1625
891
1056
-170
-790
-926
-2233
-967
-1833
-1849
-1519
-4593
-2144
-2351
-3637
-161
-2424
88
4074
1609
3617
3696
1651
2077
456
-439
1346
2823
1599
913
1158
-357
-1003
-1662
-2942
-1866
-1578
-2989
-1720
-1604
-2444
-604
-1637
-1194
2346
1531
1536
3097
2204
1914
1808
813
608
1372
730
-206
968
195
-1605
-1790
-2063
-1722
-3207
-2450
-39
-2329
-87
1346
-1204
1639
1326
170
2168
1582
1180
1968
1828
331
1408
1908
-371
191
563
-801
-1471
-1354
-1883
-2422
-2286
-1985
-869
-1881
-1747
-1340
-2474
288
373
109
3721
3793
2769
2591
2298
1506
709
545
-843
551
1857
-58
-178
-468
-1018
-2362
-3680
-2106
-3161
-3662
-1774
-1919
-309
1924
2948
3582
3843
3702
1839
2156
2294
-107
107
-301
-1822
-526
175
-1339
-1349
-1310
-3071
-3759
-3399
-2179
-2558
-2060
1385
1425
1228
1961
1949
1982
1031
931
285
1452
3318
1901
1497
2479
2571
1311
-67
-1085
-2228
-2998
-3302
-3372
-2589
-984
-1705
-1930
-479
-798
-830
-293
233
756
2121
3733
2988
2310
2235
919
541
1080
202
124
417
-451
-1192
-2131
-2383
-4200
-4752
-1773
-1265
227
2176
1145
1049
945
171
-180
752
1927
2136
2738
3148
2611
1018
730
1020
-452
-1739
-1949
-1587
-2450
-2556
-2399
-2461
-832
-2004
-2005
-333
-954
-716
-528
1463
2647
2357
3973
2776
1929
2738
2061
1512
187
-624
-690
-740
-523
-1510
-2166
-2678
-3584
-2645
-1131
-1314
-1590
-216
513
-189
-32
974
1505
2167
2921
2707
2734
2402
1418
593
-401
-239
159
-210
-880
-1159
-1287
-2431
-3056
-2823
-1954
-934
-656
-682
-603
-279
107
350
221
1864
3108
2459
3442
3478
2185
1562
1234
133
-849
150
-883
-1980
-943
-1818
-2767
-3038
-4171
-3872
-1992
-1552
-686
1670
2349
1777
1691
2713
2968
2428
2342
1110
860
1412
724
-126
-1709
-2111
-1508
-1783
-808
76
-274
-753
-1033
-1555
-2920
-2630
-1139
-218
506
1185
2423
3141
2778
1928
1865
1104
-768
-291
709
522
-32
56
-126
-814
-228
-1674
-2743
-1357
-1406
-1585
-820
155
44
-238
-149
-529
142
1017
1286
1046
1774
3334
2680
1476
1004
262
79
-398
-1578
-1387
-1132
-1801
-1858
-2204
-2299
-1157
-249
-185
-145
41
588
1917
2331
1254
286
181
153
-9
155
606
1050
538
568
1189
1016
1041
-27
-2034
-2239
-1103
-1763
-2448
-653
-520
-1419
-736
-280
251
898
1150
1165
1142
1770
1688
581
474
599
-36
-306
-139
-14
214
280
-107
-347
-427
-378
-79
-240
-911
-1125
-1282
-1614
-447
103
-294
522
952
1318
814
-93
233
529
839
987
1359
395
-584
-595
-1895
-1118
-159
-857
-412
1033
1440
-450
345
1085
-1355
-1542
-1170
-313
693
-41
89
38
198
777
910
1915
1501
169
-209
-828
-902
-298
585
86
-1508
-702
-366
-1461
-573
114
-321
-261
-129
617
1172
744
704
352
-137
-384
-79
842
592
558
329
175
515
-407
-393
-626
-252
1148
144
-739
-629
-676
-1099
-825
-229
-798
-161
603
175
12
-187
-191
263
617
959
605
133
537
304
304
223
-162
-308
-802
-37
277
-10
-234
-142
375
-254
-377
-963
-506
1041
460
-605
-911
-115
-333
-161
1038
881
1232
553
-1329
-457
1277
249
44
722
147
480
345
-91
-629
-592
-468
-1517
-516
14
-564
-366
-226
362
67
424
1524
552
-719
-923
-794
-210
136
242
657
513
595
631
-337
-712
-372
-487
-890
-449
511
583
165
179
381
552
70
-595
73
381
19
469
861
994
367
-477
310
369
-1333
-1039
-8
-640
-443
249
-28
-715
-389
181
-713
25
1498
801
-169
-470
287
150
-543
-39
-217
351
99
-794
696
552
-449
-314
-34
261
-161
152
-119
-334
356
-389
219
1541
534
-575
-555
-299
-195
-552
-414
763
396
10
1231
454
-3
441
-1517
-1769
-415
-760
-550
533
869
255
205
456
-61
122
138
-418
-47
139
-414
-298
217
-49
-99
662
625
164
272
-139
-182
307
-167
-427
296
695
198
298
872
323
-880
-961
-403
-747
-157
-101
-1159
-544
-12
520
656
-77
328
241
-414
84
752
1083
772
-528
-673
205
147
-694
-765
-9
121
999
911
190
633
-599
-554
633
-11
-472
-468
-557
60
935
-198
-625
258
-758
-1579
-1234
153
1106
202
506
926
-139
-209
-375
-882
-636
113
812
278
1106
1090
-861
-649
-198
592
263
-377
904
57
-638
-93
-34
62
-226
203
810
304
-203
-335
-340
391
491
638
544
-482
96
-575
-1438
-396
-229
-99
489
869
114
-819
-1535
-1629
-483
-225
110
1090
2112
1273
-403
60
-205
-159
461
91
50
127
790
21
-929
-421
-759
-529
-156
818
1905
702
-24
224
66
-992
-1362
-689
-239
1045
755
477
485
-1203
-1505
-1973
-1470
-619
-455
954
858
1951
2455
1148
1421
15
-964
-1046
-1161
58
243
479
307
39
594
13
-86
-559
-792
-273
-1087
-276
-1
-842
92
-299
-295
698
100
11
597
619
185
-103
182
95
2
415
119
-186
16
394
778
546
68
-1391
-1497
164
-213
-701
-281
363
997
618
59
351
1509
541
-952
114
23
-818
-420
-194
111
343
287
-214
-388
655
179
-1095
-862
-481
-103
228
348
184
-425
-946
-914
-586
-157
869
1048
862
1195
641
-210
-1041
-1291
-678
125
1254
1834
948
1
223
-195
-550
297
92
-407
-576
-1081
-1051
-799
-26
715
422
298
413
113
-434
-182
-221
-735
81
174
814
1846
470
-38
-91
-917
-1118
-797
-156
-398
-44
865
492
540
856
252
20
581
-266
-1086
-93
-429
-821
-31
194
152
262
818
229
69
475
-490
-501
-749
-799
-224
-604
196
1307
361
-401
1034
616
-364
653
287
-79
25
90
-421
-958
-70
-355
-794
-922
-563
846
711
-294
-342
394
157
-140
592
-34
-930
134
986
978
1382
325
-362
547
-494
-1743
-882
31
-224
60
762
78
208
1200
62
-895
-493
-772
-734
-798
-463
189
-496
146
1669
2322
1593
121
-23
-566
-1232
-1579
-1953
-966
157
986
1351
1481
1800
819
-355
-621
-312
-297
-1038
-68
422
-852
123
281
-1192
-378
35
-665
-231
43
4
593
692
405
459
-176
-694
-102
-518
-1032
451
1235
860
461
212
492
-537
-1219
-796
-605
519
534
685
1400
-41
-496
-604
-798
269
-82
112
617
459
788
-540
-870
-412
-675
57
-586
-783
-75
79
723
1161
2032
951
-150
694
-619
-1103
-906
-1103
-56
-712
-734
220
133
794
368
-576
-294
-223
-436
-341
206
783
996
354
220
781
375
33
25
861
904
-863
-1426
-755
-137
-876
-770
4
-330
602
642
742
1391
1221
958
-168
613
573
-741
-607
-1515
-1905
-1979
-2315
-2285
-1340
-120
143
1672
2200
2194
2930
2679
2654
1136
-72
170
-521
-1298
-2087
-2263
-2249
-2005
-1720
-2278
-2136
-1847
-1059
-178
814
2810
3049
3321
4493
4666
4161
2831
1814
724
-210
-1589
-3507
-4386
-5674
-5433
-4320
-3660
-1996
-1098
-313
507
1642
3164
4062
4620
4355
4532
3328
1563
1693
828
-511
-2383
-2663
-1710
-3865
-4385
-4458
-5425
-3412
-1945
-736
1241
2838
3474
3670
5096
4089
2685
3471
2551
942
137
-880
-1778
-1965
-2446
-3435
-4087
-3545
-2326
-2106
-2046
-1216
-63
93
309
1534
2945
3998
3853
4603
4429
3074
2635
444
-1141
-1420
-2569
-3071
-3275
-4093
-3281
-2720
-3884
-2356
-1541
-1072
1615
1577
2513
4546
3941
4101
3951
2024
1007
943
498
9
-372
-1772
-2272
-2220
-5340
-5263
-3043
-3964
-1455
93
66
2194
1561
1701
3382
3841
3184
2467
3086
2874
1989
877
-82
195
-1035
-2970
-3317
-4980
-3986
-1913
-4170
-2203
-102
-1583
-67
932
1389
3234
4051
3187
3684
3872
2679
2188
169
-772
-310
-721
-1976
-2012
-3503
-5941
-3405
-4128
-3480
-214
-1619
1134
2990
2150
4077
3799
2482
3604
2753
1260
2017
-80
-600
178
-899
-1451
-1870
-2186
-3869
-2961
-3461
-3539
-251
-1834
-708
1522
689
2966
4135
2646
3322
3976
2470
2321
672
-725
-266
-1952
-2918
-1560
-1659
-3701
-1871
-2550
-4358
-1752
-3208
-1434
1791
1544
4551
5158
3608
4374
3649
1238
1316
434
-929
-2
-545
-1035
-1619
-2967
-3851
-2247
-2555
-4562
-1484
-1290
-511
1579
460
3130
2820
1073
3775
4022
2102
2193
1796
322
20
-574
-1206
-2206
-2774
-3653
-3606
-3655
-4827
-1120
-1256
-1301
2136
511
3135
4558
2636
4462
3474
1168
1724
1548
27
68
-290
-754
-1028
-1954
-3679
-3782
-2453
-4737
-2999
-1101
-1562
1100
376
2616
5176
3360
3527
2933
2547
2199
-420
-620
1051
-517
-995
-1318
-2506
-2488
-4204
-2945
-2367
-2299
-1156
-1531
1024
480
1636
4016
1033
2985
4306
1612
2627
2392
1225
1629
-697
-842
-591
-2446
-2725
-4281
-3386
-4326
-4755
-1501
-2648
330
2519
1736
3949
2620
3114
3616
1431
2506
2356
1017
1406
446
-337
-1570
-3176
-2755
-3636
-3583
-3888
-3007
-486
-2472
-639
1569
1509
4117
3440
3430
3700
2686
3671
2455
1064
1378
-523
-2161
-2329
-3460
-4357
-4969
-3255
-2407
-2919
-802
-1531
25
2475
1180
3291
3272
2287
3233
1055
592
2140
1845
1491
538
-432
-418
-1579
-2107
-3267
-3066
-2028
-4355
-1819
-150
-622
1473
-239
2115
3517
1352
3817
3332
2629
3067
1181
898
-73
-1698
-1702
-3470
-4236
-3231
-3778
-1724
-1611
-1603
474
-1980
220
1455
-174
3283
1957
2277
4339
1641
2526
1842
617
1794
-417
113
-417
-2614
-1553
-3905
-2980
-2071
-3483
-936
-2597
-1457
410
-476
2774
2329
2810
5150
4174
3303
2100
1534
934
-850
-1749
-845
-1309
-2514
-3833
-4190
-2185
-3650
-2974
-963
-1627
712
1202
2340
3708
2917
3744
1611
1174
3082
1530
390
460
-5
-78
-499
-2352
-2814
-2611
-2581
-2625
-2632
-264
-1182
-1094
1946
710
2182
2734
1414
2955
1374
979
1744
700
649
128
-819
-1132
-1197
-1486
-2640
-3412
-485
172
-1657
-116
-1167
-1581
-718
-701
1374
1321
2866
4001
2360
2226
1041
579
478
338
521
-539
-1391
-2110
-1928
-2190
-2211
-1953
-2428
-690
56
154
685
404
1544
1669
2126
2523
1582
1712
570
436
110
-1452
-1057
-1497
-1084
-640
-1406
-719
-740
-744
-191
-622
-1209
-917
51
1279
2154
2157
2725
2333
955
428
-396
-921
-1487
-1791
-744
217
-143
-611
83
358
574
582
-632
-1713
-1616
-1086
-1309
-352
488
636
1957
1411
1030
2063
1106
-462
-892
-15
-570
-1905
-393
112
-148
403
-864
-665
138
-446
-150
51
482
333
-182
316
285
157
-325
32
1480
1111
236
-189
17
228
-773
-404
-7
3
771
-181
449
1249
-502
-572
-741
-838
-726
-1632
-1059
-586
475
1213
443
655
239
248
158
-665
118
217
23
644
1116
451
-766
-84
-137
-385
554
291
651
76
-1536
-839
-498
-1113
-122
1234
908
895
999
-366
-89
324
-1027
-1204
-248
564
595
691
598
-218
-241
-981
-1565
-463
-513
-459
972
1299
1153
1187
282
-947
-1242
-1092
-1326
-345
533
446
1046
423
734
1230
-608
-393
-199
-538
375
-537
-671
696
812
956
901
-125
-510
-565
-951
-618
108
266
-134
72
272
-560
-754
-513
-353
268
712
630
561
719
25
-378
75
-95
43
-168
-586
299
506
-311
-708
-360
275
295
-45
-404
-319
-132
-184
693
1037
1264
1743
61
-707
-672
-1538
-1351
-61
2126
946
-928
150
-991
-1182
-611
-2103
-1696
-801
-393
970
1621
1126
1251
1009
-65
2
261
-362
-83
1033
246
-458
943
1899
858
-425
-282
-793
-606
103
170
933
633
450
-293
-839
-312
-658
-634
-1006
-625
-981
-1084
687
-268
-882
-628
-671
625
534
376
922
-182
260
1268
-440
-264
311
-39
348
-262
516
970
255
-457
-582
650
21
-177
134
-568
-137
128
84
-53
549
1242
-266
-818
115
-508
-499
-49
-178
512
221
46
-103
-726
-493
-872
-538
1104
2209
1001
-476
-719
-1306
-859
-557
386
854
-107
641
114
-85
370
-263
112
-694
-1056
-279
-180
512
1246
1199
920
506
-533
-1086
-1056
-496
167
271
807
69
-635
-125
-141
208
442
352
-270
-562
-96
-642
-684
-329
-155
-115
-23
1483
1178
445
1096
-330
-593
343
41
-579
-598
1028
153
-467
955
-380
-498
-151
-652
-60
-363
-37
507
691
979
-213
-1047
-601
-880
-1297
-715
131
295
-351
-751
-765
-72
956
1400
1359
842
1123
697
-40
-178
-872
189
86
-737
171
-34
498
341
-190
181
-474
385
262
-160
537
-182
556
278
-860
-1534
-2145
-123
-106
-211
1234
900
497
-659
-665
-657
-1702
-1269
-185
1544
2246
1768
423
3
732
-974
-1060
144
-355
443
343
-419
424
24
-732
-244
368
240
-257
622
738
-107
405
-265
-1148
170
810
259
536
844
-141
-1049
-570
-398
-835
-1276
-1484
-894
-292
1570
2126
316
559
492
-757
-1265
-1000
-334
-77
342
415
1050
1522
1179
1213
491
-372
-1075
-1073
-828
-740
-109
-766
-339
667
-315
33
1068
1180
681
256
502
-156
-719
-1159
-1296
-158
-62
-162
198
288
885
415
-471
-289
-761
-218
1071
51
68
660
10
764
556
-10
119
-1346
-1137
-420
-1521
-810
437
1013
1184
227
599
777
-416
-161
605
620
656
20
-689
20
-50
-299
457
61
-723
-1139
-1026
-800
-1302
-654
657
150
422
898
-324
470
607
-123
355
355
1010
539
538
991
75
-455
-1229
-875
54
815
455
-375
869
436
-709
-748
-1658
-1260
-1116
-1593
-34
444
845
1251
715
825
-824
277
1453
145
2257
1836
498
895
-909
-2176
-1940
-806
-923
-1327
-652
-1007
-293
1002
781
966
1012
94
223
528
171
419
212
-239
-253
-953
-699
-2
-389
207
447
-264
568
1239
480
743
420
-409
6
-1181
-861
-285
-2019
-1093
537
1074
1009
1068
1302
407
-151
-127
-49
-1240
-1776
-509
464
309
-608
-338
-535
19
1308
202
-495
-240
-23
221
647
769
-85
-366
-372
-484
26
327
516
1056
876
706
323
-46
689
-109
-882
-879
-1149
125
325
-325
234
-19
-765
-44
926
547
199
-540
-1006
-313
-530
-486
-293
-484
-71
-25
282
433
-94
396
1184
680
464
264
-980
-733
-1002
-1383
-95
-148
659
1398
1188
1815
1525
896
-241
-405
-120
-1365
-1808
-1319
-480
67
454
547
328
442
-408
-913
-418
-25
349
652
783
697
327
-575
-870
-326
-375
-97
317
-796
-450
343
-818
-524
228
1259
1341
-24
398
-72
-539
-616
-751
325
497
736
1192
1240
414
101
201
-1270
-1339
-1105
-1308
-585
-382
-443
177
797
458
657
972
813
304
-263
-125
-524
131
543
-262
196
-237
-1905
-1762
-9
256
648
1892
2022
1751
580
776
363
-1285
232
277
-913
-629
-676
-1147
-2608
-1417
-38
-1024
367
819
124
239
230
1019
465
714
799
-339
522
-568
-1191
-112
-1078
-217
722
216
1278
736
-325
405
-562
-1391
-465
2
666
1193
136
-294
999
597
38
312
-353
212
530
731
719
-1145
-1410
-1255
-1521
-880
-990
-149
1216
1705
2023
1058
576
-184
-1520
-1470
-2290
-2152
-606
777
1517
1221
1787
1360
652
368
-446
-353
-676
-706
213
194
-988
-721
251
-299
-23
-279
-509
1417
1917
1064
654
-226
-1058
-1469
-1429
-676
-135
507
439
-129
398
80
-184
271
-194
166
1011
-65
-203
1105
-14
-534
-271
-1279
-854
-303
-381
4
959
933
55
89
-373
-260
454
909
960
666
1340
141
-1221
-669
-1615
-1836
-781
-757
444
1704
1238
866
37
-495
-831
-1800
-1002
-160
-28
1307
1435
447
1268
1151
-302
-246
-860
-723
500
362
625
352
243
585
-867
-1332
-620
-810
-545
-511
-340
814
66
-286
923
614
315
307
288
685
1282
869
-750
-1158
-2019
-1754
-742
-1070
1351
1876
921
1873
-7
-1488
-1607
-1511
-218
278
906
1182
102
-451
-425
-1093
-382
582
-356
539
1427
1043
823
23
456
241
-999
-1258
-989
-316
607
1545
1340
1042
267
-1404
-1627
-1644
-1511
-558
-18
364
1073
931
343
1021
765
17
175
-176
-261
-974
-1245
-293
-319
421
899
376
866
798
467
157
-466
-333
-329
-1195
-1468
30
199
-461
190
-217
-84
516
709
800
274
1111
796
-222
537
172
-527
-377
-546
-48
1032
129
-1289
-1979
-2518
-1147
-506
1
1800
996
-31
373
210
-68
195
-115
-360
1797
2095
1120
1317
6
145
-1163
-2011
205
-1784
-1309
1219
-15
687
1222
-176
-1396
-1155
-469
-1205
-80
938
207
1394
1715
41
-180
193
281
-650
-767
605
22
331
232
-906
-796
-1716
-754
695
1525
1345
39
1305
258
-1040
-1463
-3218
-1906
-1272
-362
1282
1058
2529
3222
2284
1358
1104
1114
-349
-813
-1181
-1341
-711
-1636
-1526
-1446
-1798
-707
-411
533
1732
846
-46
-62
-287
92
722
564
1253
1100
25
372
760
962
555
19
-370
-853
-707
-1414
-2031
-1939
-1703
-1468
-1026
853
1376
758
803
141
467
1024
670
1647
2045
720
713
709
-426
-445
-581
-701
491
1078
404
-266
-22
-240
-2103
-3538
-3013
-1614
-1284
-1622
-276
1003
911
2099
3167
2641
2382
2122
850
214
434
-1086
-1456
305
122
-169
-265
-1054
-1078
-1854
-1642
-697
-966
376
413
-615
-58
-1273
-1103
907
1555
2097
2268
1767
818
646
305
-155
691
390
-697
-1797
-2342
-2229
-2608
-1827
-1547
-1169
2277
3297
1164
582
-701
-1791
-684
717
2777
3348
1631
368
-136
-307
-237
459
849
153
-654
-1286
-1195
-1727
-2501
-2016
-2198
604
3753
1009
173
675
-1404
-395
1877
2483
2245
757
-990
-1724
-1296
-6
1060
884
-14
-1207
-1780
-1811
-3065
-3237
-1658
-759
2909
5004
440
-734
575
-867
-766
748
2461
1692
491
1645
896
601
1835
1036
-139
-396
-735
-1147
-2131
-2975
-1766
-1228
-2418
-300
3480
1961
-1363
-1688
-1958
-909
1414
2866
3939
2529
593
-667
-1453
-733
-572
240
-516
-1881
180
341
-621
-910
-2046
-2542
-2959
-831
3136
4044
2241
665
55
-1074
-1134
584
2287
2740
141
-1076
856
830
994
1000
-1377
-2594
-2938
-1627
688
910
183
-1115
-1559
-1064
72
1671
-26
-1383
-10
-1053
-1117
1910
3299
3142
1127
-1229
-654
639
1625
1816
959
-296
-2050
-2063
-570
172
-492
-1801
-2280
-2567
-2228
1233
3686
268
-1065
354
-1534
-820
1143
2211
3598
1347
179
242
-1214
-240
1311
824
-1219
-1793
-425
-313
-487
-1060
-1722
-1154
-1469
-1652
1181
3672
1260
-1590
-1555
-784
740
1572
2959
4377
2180
-457
-1268
-1405
-760
1233
1934
364
-618
-275
534
-1036
-2552
-2282
-3033
-3794
-3561
258
3486
1503
-910
-1372
-75
837
1383
2222
3212
3402
511
-465
18
-1121
-266
422
-199
-563
-605
788
919
-452
-937
-1735
-2211
-2828
-1676
2833
3126
-150
-969
-925
-942
-609
563
2021
2321
1242
147
1239
1700
974
1320
-43
-2087
-2841
-2333
-569
930
1594
-624
-2346
-2334
-3340
-654
2010
122
-1595
-1256
175
1196
2216
3189
3584
2138
-143
-118
-263
-316
748
1161
841
-661
-1274
-465
-382
-1635
-2500
-1945
-2613
-2903
-655
2606
4777
2376
-2023
-4051
-2504
1157
2049
2358
3731
2274
-197
-976
-841
-93
1500
1769
-209
-1526
-994
-757
-861
-189
-1209
-2580
-2479
-2428
-322
3901
5750
2446
-1555
-2177
-1512
-410
894
2162
2377
549
-1579
-2043
-787
234
1135
1568
-5
-1349
-620
523
291
-409
-1523
-2699
-1766
-1696
-1108
3800
4950
494
-2443
-3261
-2231
-288
1168
3625
4497
2012
-26
-744
-58
1565
1523
124
-2047
-2915
-1292
85
158
247
-273
-3126
-3832
-2693
-2698
2355
6979
3249
-394
-1504
-2267
-127
715
16
1496
1202
-28
707
1680
1941
1269
484
-781
-1633
-680
152
-58
-794
-1230
-2100
-2926
-2507
-2818
52
5367
4581
720
-1969
-3120
-1346
1137
2818
2878
1061
-723
-1023
-832
-125
943
433
505
565
-268
448
1094
341
-1438
-2770
-3187
-3181
-2978
-2261
2118
6662
5258
688
-2544
-2927
-1010
214
873
2570
1791
-973
-1506
308
2093
1361
-5
-1027
-1749
-821
149
1225
1221
-554
-1108
-1245
-1272
-2196
-4496
-796
6117
5201
-174
-3859
-3875
168
2747
2727
2527
1631
-629
-2351
-1148
992
2506
1738
-1108
-2570
-1589
606
1383
1896
728
-1472
-763
-1934
-3594
-4399
-3471
3743
7685
2426
-4716
-5353
-441
2674
3381
2373
1468
-3
-2560
-2218
-261
2179
3051
102
-2512
-1723
253
1495
2555
2050
686
-126
-404
-65
-1634
-4782
-6018
-780
6857
5705
-1337
-5142
-3524
647
3258
2847
1191
1191
-357
-3106
-1727
939
2093
450
-1890
-953
169
1151
1209
48
255
-225
-666
-746
-688
-2228
-4927
180
8600
7557
-1844
-8363
-6800
-1450
3244
3290
1757
2689
2218
-907
-2151
794
2880
1869
-739
-2854
-1793
-641
261
2000
1595
70
-518
-478
-556
-941
-1748
-3104
-3669
-1161
5105
7254
1168
-4305
-5409
-2067
2638
2912
2004
1606
566
-1284
-2467
-205
1439
1535
1107
-1074
-970
57
-668
-52
1125
1383
144
-1594
-2100
-2025
-3076
-6014
-1306
9064
8650
-227
-7644
-6464
1433
5104
3820
2031
3258
3580
-1258
-5120
-3699
1457
3454
-135
-2208
-1227
-747
272
1299
1124
1239
-91
-1879
-2099
-893
528
-810
-2164
-2913
-2073
4041
6529
782
-5253
-6937
-2394
3949
5560
4712
3472
1386
-1387
-3351
-2057
485
1581
2
-1691
-104
726
-1011
-967
974
1093
975
461
-1451
-831
-1502
-3749
-4271
-2697
5022
9664
4212
-3571
-7217
-3775
1600
4426
2866
-102
1130
526
-2077
-2338
-1430
962
2531
1271
-1346
-1794
-395
859
1853
1214
1028
1156
-278
-1828
-1553
-92
-1189
-3430
-4628
-1109
7891
8785
-608
-7197
-6790
-1915
2730
2910
589
410
2410
1937
-1041
-2352
-1031
1766
2529
59
-1337
-383
1119
1244
866
1524
1235
1548
155
-2705
-1112
-1152
-3382
-5713
-7650
-308
9244
8498
413
-5510
-4066
1931
5037
1214
-1633
-957
90
1213
-316
-2022
-981
2890
3291
-866
-1620
-2547
-2364
1095
2267
3266
3628
1418
-1820
-3666
-2701
-2060
-2477
-3578
-4612
-652
8463
10795
1214
-6748
-7379
-2938
4117
4440
741
349
1452
1372
-682
-2063
-2572
46
4403
3039
-262
-1407
-1628
-570
772
2341
3342
1627
-1779
-4102
-3518
-915
-340
-3222
-6210
-2991
7386
12286
4508
-6210
-9485
-3996
3154
4815
1796
-192
1094
1606
-663
-3100
-3278
-52
3805
3772
669
-1770
-2682
-1534
1335
1916
1161
1523
23
-1307
-537
166
451
-676
-2761
-5728
-3010
7646
9894
1145
-7251
-9648
-3799
3713
5200
1479
-135
1477
1230
-44
-2417
-3031
950
3793
3322
843
-2034
-3238
-1798
1026
2026
2265
1044
-1440
-1587
-1105
-131
-113
-1449
-2950
-4789
1087
10194
8816
-787
-9101
-8508
-194
6160
4655
264
-661
843
1702
-633
-4406
-4497
-477
2760
2261
-299
-1757
-1114
27
1905
3141
2601
1413
-1245
-3799
-3401
-550
373
-1147
-2733
-3430
3022
11218
7745
-2508
-9413
-8147
-391
4785
4124
1177
840
2498
1499
-1543
-4103
-3618
-265
2804
2943
-342
-2770
-1544
619
954
1015
1272
1107
192
-2023
-1756
-752
-464
-925
-5452
-3217
6773
9144
3324
-4367
-7915
-3351
3147
3915
990
490
1244
1492
219
-3456
-4102
-1135
2539
4706
2375
-307
-1755
-2512
-320
1544
1488
1811
2001
-671
-3191
-2610
-3054
-3008
-3535
-4886
1712
10076
9326
2001
-5645
-7399
-1995
2517
1551
287
-355
982
3830
767
-2801
-2118
-216
2978
3297
234
-1629
-1308
-612
243
1833
1921
1195
377
-1408
-2319
-2845
-2800
-1269
-2655
-2658
5197
8910
4369
-1640
-9189
-8981
-786
2971
3830
2894
946
2565
3330
-410
-4690
-5293
-2149
2696
4068
975
-11
68
-115
1238
1713
1762
759
-913
-1271
-2229
-3559
-3676
-2555
-1905
371
5944
8332
5231
-2079
-7694
-4242
1069
2754
2284
281
-62
1175
1463
-1546
-3933
-1689
696
1995
1995
301
-1607
-2205
-1047
772
2430
1319
1459
2093
-75
-300
-2687
-4763
-3945
-2797
1506
3850
4302
1611
-3490
-3768
-1698
2165
3178
331
-431
1863
4616
1327
-2468
-2449
-2135
-45
1700
1354
-415
-1055
-485
-133
1723
2246
1658
853
-1588
-2856
-3422
-4219
-4855
-3835
530
5299
8241
6193
390
-4077
-5086
-1473
917
997
1547
1898
3311
2403
-498
-3351
-5339
-3309
-203
1968
2989
1478
411
1021
1140
1012
-631
-1131
750
-262
-1230
-2087
-3018
-3239
-4052
649
6079
6861
3813
-2063
-4322
-3207
-945
77
-806
-402
1522
3875
3881
1258
-2365
-3702
-1506
1313
3052
1663
155
380
147
542
-197
-1610
-1345
-1116
-481
-570
-2208
-2568
-2426
-900
3295
5603
4255
261
-4447
-5329
-2995
-682
1059
993
62
1808
5473
5064
683
-2442
-3616
-2345
-250
81
-491
-15
1546
1399
1168
1425
688
-176
-1414
-1720
-1856
-2598
-3416
-2851
1520
5736
6879
5115
445
-3030
-4118
-4457
-2541
-850
-99
2076
3128
4305
3167
-1758
-3916
-3531
-1157
700
595
1211
673
470
1035
615
-242
-685
-559
-120
368
-1452
-3289
-3821
-1791
3530
6009
5277
717
-3378
-3526
-3795
-907
-23
-1171
344
1711
5393
5125
429
-2930
-4566
-1939
875
2294
2082
530
562
750
1061
534
-88
-595
-1058
198
-663
-3819
-5932
-5277
-2188
1759
6187
6814
2800
-1138
-2614
-1711
-39
82
-1416
-770
1113
3136
3829
366
-1342
-2492
-2851
345
745
809
788
1030
2832
1693
465
-988
-1732
-874
-2030
-3120
-3894
-4827
-3363
1463
6042
7438
4645
-1124
-2981
-1333
-739
-1185
-1901
-1387
19
3307
5455
2360
-619
-2176
-2769
-1177
325
848
-778
-624
2036
3245
3682
1334
-1521
-2223
-1484
-1279
-3469
-4279
-4691
-3018
1418
4565
6560
3716
-722
-1652
-645
467
-707
-1615
-1784
-960
1861
2768
2364
495
-2709
-2817
-1250
66
186
-553
1016
2581
3471
3590
1071
-602
-1397
-2789
-3154
-3788
-5546
-5085
-867
5095
9107
6487
861
-1735
-1759
-921
-1099
-1176
-1778
-2253
1362
4810
5108
1732
-3758
-4796
-3631
-1980
9
-455
622
2986
4557
4238
1938
222
-2049
-1659
-1298
-3136
-3972
-6362
-4371
925
5911
9062
4487
414
-2240
-3479
-1166
-1446
-1455
-2489
-2187
2147
5621
5945
1174
-2050
-2861
-1381
1565
43
-1168
-1851
-561
2349
3300
3111
-408
-1618
-1683
-2723
-2474
-4859
-6623
-4595
2117
7482
6871
4909
1036
-2056
-1698
79
12
-2368
-3355
-2244
1517
4420
4117
1829
-1200
-1742
-794
753
694
-1262
-2055
-1213
1990
3190
1520
-731
-2094
-1130
-1212
-1057
-2683
-4705
-1841
2356
6538
5505
1526
-227
-2633
-1816
-235
-1062
-2561
-3811
-2002
1325
3918
4208
2188
-180
-947
-234
257
194
-1097
-1600
376
3077
3215
1347
-357
-2365
-2795
-2005
-2169
-4419
-4875
-1192
3379
7204
6283
2799
-742
-2482
-574
-291
-1239
-3648
-4413
-2042
560
4986
5475
2257
-811
-2050
-290
178
-637
-1745
-1521
-576
1572
4195
2259
572
-371
-1480
-1482
-3182
-4603
-5530
-3468
1285
5790
7957
4739
2493
735
-484
-219
-2919
-3354
-4021
-4288
-1043
2028
4539
3087
856
-1416
-1969
-215
-1039
-122
-103
490
2107
1814
2715
767
-678
-1278
-2003
-1935
-4208
-4479
-3080
729
4156
4189
3623
494
-7
1179
757
539
-1201
-2045
-1655
332
2615
2368
397
-2143
-1906
-770
-563
-44
-149
-331
-494
372
1719
1771
930
-87
-70
585
-37
-3367
-5673
-4017
-1459
1456
3618
3543
1920
389
1152
2348
2002
-1000
-4303
-4133
-1981
1003
2253
2242
1986
437
1163
1553
253
-669
-1492
-1140
-659
1115
1601
688
519
-1238
-1474
-2294
-3553
-3552
-3731
-508
2163
3715
4717
2669
1136
230
418
255
-682
-737
-1653
-1240
-360
1
603
-246
-1047
-543
853
1591
1522
629
48
857
-214
-536
-421
-1630
-924
-605
-415
-577
-1766
-2689
-1821
1485
2195
2163
2019
1035
1558
1464
1466
-274
-2302
-2558
-2315
-1072
-318
1229
1048
49
889
1328
1281
24
374
728
-189
127
757
1597
326
-1660
-3007
-3910
-3792
-3360
-884
1354
2793
3732
2758
2045
1312
827
432
-120
-552
-1612
-1281
-1074
-966
-489
-1243
-675
-221
501
1038
611
1910
826
-308
-102
-217
1174
854
692
421
-434
-1102
-2889
-2510
-1524
-262
39
-209
1266
1114
1475
1579
1559
1492
-179
-639
-1478
-262
951
30
-105
-519
151
-869
-952
-255
-614
1859
1326
1327
2106
163
-324
-1734
-1796
-2210
-2835
-2266
-2245
271
468
641
1609
786
692
-221
1714
2105
1011
1671
-652
-371
581
458
891
-739
-1436
-1742
-563
994
1486
1409
-154
1172
1308
-612
-568
-1316
-1587
-1857
-2118
-1517
-729
-863
-2101
-293
1766
1608
683
132
1370
1690
2157
1960
905
1206
346
-257
-1416
-2028
-1081
-1929
-906
173
17
1078
1277
1828
1029
324
1221
417
35
-630
-1595
-2491
-3566
-3055
-2498
-690
1071
1429
1461
867
1799
3024
2897
1130
-989
-1908
-2089
-1077
-458
392
1386
960
-126
-472
604
106
17
1195
539
83
-104
157
265
-740
-1256
-2495
-2404
-338
-58
-214
639
937
630
1090
1375
561
333
122
-27
451
148
-490
-152
1152
457
-1510
-1247
-984
-448
549
515
1356
915
131
323
-595
-135
-550
-2134
-2018
-1181
-344
-475
207
-151
-619
185
139
1992
2243
1710
1979
1554
1827
675
648
-492
-1373
-627
-2023
-1486
-1874
-1026
785
-488
239
370
-227
-533
-712
-455
-1183
-637
-253
166
538
46
-251
-982
-54
1318
2152
3013
2900
2057
474
-411
-1011
-759
-551
-1538
-103
897
735
527
-922
-778
-1215
-2187
-1951
-1160
-134
-495
354
562
-136
756
514
255
51
81
-294
-778
1010
1319
244
341
1305
973
-983
-912
663
260
-1225
-101
278
-169
589
-420
-308
-290
-331
592
265
990
468
-639
-845
-27
1462
-177
-974
20
-8
-106
-407
-679
-157
1050
796
445
1406
529
-1739
-1993
-435
314
337
731
451
-705
-945
-1428
-1732
-185
-175
-540
713
1619
1603
723
-140
-1142
-1093
-308
146
1493
1730
1703
1896
502
86
-41
-885
-906
-689
-1147
-1772
94
817
-656
635
614
-117
-203
-1815
-1400
-1089
-877
360
386
547
740
298
-620
-351
430
1149
1503
641
1904
1819
429
1244
539
192
-41
-1400
-1220
-601
-1052
-2355
-1374
360
-298
-518
-707
-857
-204
-759
-351
1114
1101
873
263
-190
232
-46
-150
96
828
1556
831
151
-63
-180
-551
-774
-558
509
1843
947
944
677
-907
-962
-2179
-1602
48
-293
-634
-458
903
-13
-1583
-1320
-492
659
1109
2133
1328
370
412
-90
481
-180
-35
-502
-975
733
465
973
1061
298
-646
-1409
-257
-1550
-1328
-365
-944
136
-139
251
457
327
1303
684
-197
-390
-3
-776
-338
760
-121
700
1057
905
1032
582
599
-151
-404
-70
-81
-1264
-1509
197
257
-344
-562
366
292
-1411
-41
274
-1083
34
-128
-538
803
893
229
-245
-217
-78
363
439
-488
1072
1272
-700
13
703
679
-179
-166
642
-579
-611
-1259
-2281
-1235
-1416
-1389
-864
-255
1371
1205
394
983
1421
1026
1070
1631
1384
1664
1955
1361
345
-1269
-1853
-2275
-2367
-1343
-1107
-934
243
1096
391
-232
113
274
-469
-475
876
644
-168
-783
-655
167
-356
183
489
401
1227
728
239
-658
-765
1052
1743
1888
1212
-191
-239
-609
-1674
-1986
-2041
-1846
-1509
-1052
-222
406
1080
1039
6
284
590
-415
-211
-367
-234
1949
1738
1105
1213
269
486
-607
-708
695
-772
-1021
-138
-106
307
1005
685
-964
-260
-622
-2080
-703
-293
368
381
-542
-398
-492
739
428
150
1670
1715
1493
818
184
-1319
-2282
-1724
-1491
345
106
-273
1589
665
447
805
-409
-366
-35
-48
-147
673
751
-615
-69
-266
-1085
-1487
-1821
-355
-453
-114
1282
1743
1446
191
2167
1569
-704
1118
674
230
234
-565
-641
-1487
-1066
-1041
-1573
-1368
-1168
-602
-557
470
1046
48
491
998
373
18
468
426
-255
-240
-628
-662
-403
-318
995
1922
2144
1594
1103
1131
-29
-900
-1330
-1013
-869
-2080
-1335
740
1267
237
-274
-7
-694
-1664
-1827
-626
106
-414
512
1725
1223
950
1047
21
-464
-89
432
1218
535
257
869
479
652
-306
-1308
-1237
-2054
-1252
-731
-319
1044
9
-535
-269
-140
854
914
309
-92
-162
-364
92
679
184
556
1122
873
169
21
513
13
99
651
93
-936
-1916
-2109
-1619
-1199
-615
822
1076
-297
-325
-184
-457
153
148
311
1604
1715
783
281
-534
-1383
-1007
263
486
291
1201
1343
866
660
408
-62
-441
-574
-1414
-1115
-546
119
1294
-204
-1149
-1041
-1501
-1231
-522
184
154
1716
2483
1365
887
436
290
-1240
-213
1065
-895
-386
-723
-813
404
371
649
10
-328
-1192
-516
1126
626
998
-716
-1287
671
-104
-89
-73
-1017
-745
-124
273
-537
-682
-151
-202
452
43
-390
774
1258
704
-139
499
1194
595
9
-827
55
252
-759
-212
-165
409
243
-361
245
-168
-478
-1115
-1096
-40
110
4
-713
-826
459
1937
1743
716
1098
158
-1114
75
845
-180
-428
349
-507
-785
-16
-1677
-2331
-890
57
981
1082
1638
1728
-405
-2039
-2232
-1099
-1137
-545
2029
1230
1021
2678
1716
-122
-1218
-695
-574
-601
488
1002
1727
1005
199
824
-130
-831
-552
-381
251
860
816
-106
-1042
-2308
-2933
-2549
-3666
-2497
362
86
1205
2418
1929
2694
2036
887
362
1119
964
-1286
-447
-170
-89
107
-1140
406
42
-361
776
479
942
-273
-765
-12
-939
-1792
-1662
-691
-1078
-1887
-586
1142
1274
542
297
370
219
380
1201
2501
2848
777
-99
-449
-1293
-827
-1396
-58
584
-1357
-325
982
520
-132
688
1684
1406
713
-188
-671
-1832
-2692
-4078
-3657
-115
-173
-310
1856
2433
2443
1735
1690
2043
219
-977
-1285
-1078
178
-1372
-1729
699
-64
-1418
-317
1451
1058
392
968
597
1173
974
255
-1
-2237
-2020
-2044
-4208
-591
2607
890
1322
2737
2511
220
-1018
48
-806
-1931
-2317
-300
1688
286
1100
1687
622
592
230
582
663
-723
-1485
13
532
-429
243
820
-109
-1408
-1968
-4188
-3440
750
-363
680
2457
1752
3023
-396
-306
1374
-1960
-811
245
1103
1200
89
1103
-1254
-1214
338
-351
238
892
2462
1930
741
1048
650
-144
-1915
-2666
-2730
-4021
-3972
367
1716
-593
1724
2434
1763
1347
362
2174
7
-1434
-37
-1719
-1171
1000
2119
1208
-226
-206
-788
-865
-982
-1067
-640
-634
696
1977
857
756
502
-1626
-2793
-5084
-2030
1901
-672
2172
4146
2599
1223
-435
2099
-1067
-3125
338
-1418
-1207
711
693
153
-535
411
670
408
354
360
786
1302
1491
460
-769
-219
766
-864
-1601
-1890
-2605
411
-346
-2177
242
525
1080
703
1623
2551
-608
405
-59
-2147
-793
-844
-144
343
651
1351
898
1481
840
-1567
-1099
505
-239
-428
363
767
-698
-1598
-2132
-3778
620
732
-3001
1407
2624
1922
2125
1781
1866
-1788
-1149
121
-1866
-155
404
-137
-332
-390
475
-156
759
2011
683
863
1485
515
-270
-458
-238
-1664
-1395
-1720
-4680
-684
-237
-1503
3526
1558
1663
2456
889
1927
-1931
-749
-769
-3066
411
-260
146
246
642
2520
292
1051
1494
34
-589
-1611
-1402
-892
60
-262
-1046
458
-1000
-3696
707
1517
-2195
1833
2967
1058
1627
1631
1797
-1464
-1028
-216
-3245
-861
-341
-1176
356
110
799
1558
1482
397
145
1404
362
255
190
-793
-191
-1706
-1404
-3060
-4769
1563
-764
-2097
3455
58
268
1724
2016
2799
447
2968
852
-953
1739
-1017
-1308
-657
-1340
-742
315
524
-1216
-51
1297
-121
40
273
-833
-1098
-2100
-2083
-2720
-3021
1843
-170
-1053
4618
1771
1115
2648
1186
878
-173
793
-1545
-2759
-628
-1856
136
1989
249
487
2345
2098
766
1381
12
-1631
-200
-689
-1515
-801
-1196
-1098
-3271
-2205
2182
-2075
-720
3168
70
3924
3873
-390
-800
-1330
-1340
-3283
-576
1085
-1247
1351
1665
174
501
304
-748
-805
1010
699
986
1839
-592
-564
232
-1557
-2011
-3433
-879
1416
-1688
1971
2623
500
2988
957
479
674
-394
-1148
-1946
-107
-1751
-1852
361
-533
316
382
-207
1086
2278
1993
318
565
301
-1176
-79
-407
-1594
-2172
-2629
130
-515
-943
2506
340
477
2524
301
352
-3
-233
96
-125
848
-860
-423
1609
-679
-771
545
-1018
-1938
-1482
-278
1629
2500
2220
1759
371
-617
-1186
-4455
-4116
-956
-2875
-608
2549
786
3123
3493
958
690
424
-767
-1766
510
731
-1177
-414
513
726
541
259
-693
64
1492
1214
1778
939
-1185
-1021
-956
-1997
-2004
-3403
-1199
1657
-1786
767
2555
139
2178
471
-710
-250
-500
1030
-401
-602
-139
-1149
709
704
-438
1066
1092
951
1085
736
1524
866
-1041
-1685
-650
-1717
-1670
-792
-3124
297
420
-1887
2260
574
246
1748
621
1665
737
679
-688
-1400
-411
-1992
221
594
-1336
417
483
864
1643
786
1227
926
991
195
-947
730
-1600
-2297
-1330
-3231
-1079
-2054
-1044
1479
-1132
2135
2444
626
2677
1663
681
-248
220
23
-529
154
-1759
-488
473
-1054
125
-426
-261
1840
985
145
618
662
-629
-1171
-844
-3275
-2095
-1466
-3026
1973
1314
64
4144
1631
1274
2425
-52
60
648
-168
-2429
-2390
125
-767
-124
948
-226
1580
615
98
1709
-123
-395
-359
289
-513
-1061
-614
-2282
242
-2528
-3089
1546
-1458
1248
2694
576
2478
499
122
640
-188
-1042
-1343
206
-588
611
1249
-1206
1194
1902
68
924
381
446
-110
-578
-787
-1743
-90
-2984
-2077
533
-2836
1813
1240
-828
4283
1053
1042
2628
-628
-269
-639
-1415
-1138
190
650
-1494
-205
434
-1026
352
184
194
1320
1307
1410
728
429
-1679
-2473
-3118
-3940
471
-1565
-1410
2937
-443
2060
3224
601
2655
1291
484
1075
445
-324
-253
318
-2585
-2644
-1003
-2334
-352
787
752
3077
2274
970
518
286
-739
-3376
-2869
-2113
-80
-571
-2633
1473
-127
-551
2529
-123
2296
3316
286
1004
1239
-41
-639
967
-365
-2257
-831
-2102
-1262
468
-400
1043
1517
1924
2546
1952
361
-1310
-159
-3198
-3097
-230
-4077
-1576
-828
-2541
2329
2096
1880
3210
1668
843
575
319
-820
-528
-644
-629
632
-861
-134
1314
-17
149
-151
527
1353
175
1003
696
-260
-2162
-3231
-1436
-3382
-1000
872
-1520
2779
2616
1077
3591
1710
219
428
-339
-1242
-592
-1576
-2744
-194
-341
-617
572
111
1260
1631
675
-257
-1053
90
258
-282
-1348
-2757
-1405
-1784
-359
1457
-1383
1908
3493
351
1870
1670
1280
1287
569
502
-418
-754
-1927
-1451
-834
-782
389
-42
1191
836
-816
725
712
-67
518
-905
-2719
-1305
-1564
-1620
26
-1768
-78
2010
492
1965
2020
734
1049
516
-295
222
1281
176
375
1013
-1003
-703
-671
-1446
-771
-825
625
1686
1771
1386
-323
-1845
-3919
-3068
-1872
-2405
-219
699
873
2392
2378
1881
1277
-96
-301
761
601
474
1013
-119
-301
480
-1734
-1583
-175
-1745
-510
964
1899
1747
990
1878
-464
-1160
-3006
-2341
390
-3396
1195
1569
-2415
2395
-68
210
2895
322
748
1263
1756
414
-183
-1401
-3174
-580
-1395
-1546
690
824
1038
704
1554
868
316
448
-1586
-1100
-2403
-2330
137
-2066
-125
827
-1183
2530
1848
15
2408
1832
1027
1071
-95
-1158
-397
-187
-637
1076
595
-274
410
-1085
-1758
-959
-730
80
1461
700
-16
-159
-2533
-1371
-1185
-2913
284
523
1173
2281
1056
3662
2008
-744
136
-224
-1034
-1537
-88
-436
-143
437
-293
1412
-299
-1158
-238
-51
773
-421
678
1446
347
-1856
-2431
-945
-2883
-368
609
-918
2916
2095
1573
1594
-1044
-61
-919
-917
459
-656
512
1632
1138
422
-138
-363
-691
433
1010
-160
-1059
-203
-10
-499
305
-2008
-1856
-109
-2192
221
913
-517
1438
887
1943
2417
157
134
492
381
-964
-601
964
72
-504
-280
421
-37
-735
-290
-620
-774
-1043
-323
-556
-1692
-1587
-1513
398
-584
-88
2641
220
1766
1664
-1173
1100
350
-335
1698
2442
1119
236
500
-2113
-2509
-1296
-1123
1089
2015
896
890
1579
-306
-964
-378
-1668
-1768
-2122
-472
-550
-2159
1371
1051
-187
1448
241
-86
474
9
-467
640
1107
127
907
351
85
1087
233
-144
-481
-654
-367
-5
-409
-1218
1146
949
-839
-968
-2378
-1182
-1955
-1854
1098
341
2425
3429
1706
2214
1314
-5
-652
-545
-656
-584
368
437
219
415
69
-1685
-1571
-553
-1115
-697
-88
-264
-67
-946
-2700
-1616
-1148
-1148
1579
2047
2746
4102
3092
1176
-1280
-1163
-767
-1078
-7
357
1685
1912
668
74
-2242
-2479
-1529
-1352
-569
-1192
647
1552
-56
469
104
-285
-713
-149
601
-1004
-854
-484
-90
1176
1540
1753
1610
1245
-318
-1283
-309
186
709
591
351
807
337
128
-344
-659
-689
-1242
-1249
-1869
-1189
-1051
-1110
859
348
401
1038
1074
1341
232
289
-423
-1140
-564
-205
218
-261
557
1284
883
1244
663
-226
-601
-604
-149
-391
-1324
-2729
-2216
26
352
737
1213
1207
1076
334
867
354
187
697
-68
973
1042
-420
-365
388
105
-460
635
1010
-93
-1312
-2104
-1889
-1322
-323
-686
-2163
-465
298
-1195
458
1171
1197
2295
1487
1460
976
70
-730
-2458
-972
896
987
1816
1312
931
1402
-303
-1409
-1115
-1614
-1306
-1106
-116
903
-1063
-1026
-542
-1049
260
65
638
1426
1452
1597
-216
-102
-18
-793
13
49
306
985
1288
634
72
-208
-824
-982
-1078
33
-79
-1099
-329
-1030
-2194
-1447
-820
-268
880
1444
1687
1170
1345
2188
494
-740
-365
523
1125
475
451
-112
-468
-167
-591
-354
-131
-391
-676
-587
-1170
-1541
-233
-795
-1305
169
-31
-895
-118
305
-362
798
1386
1652
3365
1841
711
1637
850
-1212
-2971
-1864
272
1797
1400
379
1180
429
-514
-1381
-2563
-2388
-2632
-1843
-24
909
1434
1519
614
-543
-1090
-1532
-1164
-678
360
2604
2137
1056
1815
1149
349
162
-543
-536
51
-741
-1267
589
445
-1018
-943
-1762
-2016
-379
517
-338
372
1270
138
285
-2
-281
435
143
766
1530
1785
1624
237
-215
336
11
-796
-524
-172
-1202
-1082
-321
-674
-557
-1090
-1326
-379
104
328
-828
-740
1668
1559
437
431
43
766
658
-797
424
1895
1541
206
-494
191
26
295
-287
-1565
-85
495
-684
-644
-146
-677
-1695
-830
-185
-1307
-397
-371
-1106
672
496
436
868
173
1266
899
109
1110
802
293
1127
1096
477
692
472
364
-221
-1339
-1779
-2325
-2237
-2089
-1530
-56
786
807
-34
61
487
-278
240
597
208
822
1109
2377
2874
1442
1434
917
-523
-1414
-1828
-1378
-459
965
1098
-661
-1562
-1555
-2302
-2017
-911
-1073
-1146
-914
-211
136
-680
-208
972
1639
2775
2785
1652
2077
1829
765
320
-661
-107
-55
-322
886
-292
-582
713
-186
-777
-1419
-2397
-3002
-3382
-1803
-1602
-1555
777
921
928
1811
1748
1271
664
1228
1187
331
776
1485
1272
1377
1009
-439
92
155
-1630
-1604
-529
104
-166
-1020
-500
-276
-1759
-2537
-2684
-1142
673
141
1097
1272
175
794
522
1045
1422
1009
1933
1558
1228
707
-516
-188
-1272
-1703
-240
-679
-394
343
-725
-1286
-1045
-1537
-1602
45
145
-427
660
189
-570
275
1094
1082
529
852
1490
1542
1429
1182
264
-715
-629
-405
-70
-162
-824
-319
3
-300
105
69
-238
362
-118
-1407
-2197
-3324
-2559
-965
-226
855
1320
2313
2203
782
1212
411
-848
596
1245
1416
2663
1663
410
565
-537
-1457
-1329
-1349
-1656
-1588
-520
-133
-1692
-1685
-721
-1767
-533
676
-342
363
1247
1888
1698
1129
1373
1180
904
218
-260
-17
382
4
-227
-130
-611
168
-7
-18
685
-1119
-1060
-608
-2033
-1347
-865
-1081
26
346
-327
-926
-697
548
1063
1369
2238
1885
1129
1241
896
820
679
137
878
411
-748
-710
-682
-1239
-2768
-1940
-503
-853
-347
-423
-158
-173
-774
-283
-725
-81
414
-15
901
811
1498
1761
300
581
593
456
1102
1001
-237
-893
468
632
158
-482
-1358
-419
-500
-806
-588
-558
-155
-1068
-771
-105
-773
-407
-194
380
947
641
704
130
75
1152
1520
1116
993
717
9
50
-821
-1451
-346
-6
26
28
298
-272
-1429
-1137
-1580
-1189
-147
-318
-219
255
1401
583
-330
929
231
-651
-92
615
1253
1171
1192
1484
667
-1003
-1069
-996
-683
981
327
48
757
309
298
-1136
-2006
-1252
-904
-545
-1005
-592
598
-214
-605
200
94
388
364
348
1457
1278
776
669
673
178
-444
683
1207
599
-15
-506
-719
-139
362
-632
-820
-748
-421
-249
-1140
-555
-891
-1722
-1320
-904
-295
-395
144
922
1439
2296
2190
1850
860
303
526
-617
-874
809
1451
-33
185
1327
-297
-1136
-1275
-1847
-1547
-1418
-442
-274
-1151
-759
-571
-820
-558
308
1145
1598
1241
255
374
500
604
1354
584
243
1340
1426
1138
496
-488
-1240
-2127
-1997
-805
-116
-339
-308
71
-120
-411
-654
-886
-1686
-2416
-327
1685
1100
1159
1520
1485
1200
557
375
490
1420
629
-256
622
-5
-545
-965
-7
908
-415
-101
-180
131
771
-1037
-2059
-1944
-1987
-2594
-2370
-569
1210
1910
1219
571
120
259
716
1411
2013
286
439
1085
-820
415
851
-816
-916
-831
587
394
75
1331
781
-180
-1376
-1325
-1402
-2001
-1073
-530
118
79
211
175
-370
298
-8
653
1810
1257
741
191
-383
-705
8
853
488
782
1790
1263
66
-91
-120
-1192
-2370
-1616
-754
-1148
-810
-675
-812
370
226
-982
89
770
630
739
579
1576
1554
802
462
462
783
-692
-608
590
-322
-951
-415
570
443
166
122
-665
-508
-519
-1435
-2237
-2445
-2073
-1471
41
1200
1580
1609
1278
1870
2195
1169
222
721
1112
3
-255
627
789
-72
-830
-1014
-899
-1035
-746
764
909
299
-334
-1583
-1650
-1280
-1354
-2165
-1781
-95
-221
-376
1188
2274
2172
2945
2646
786
209
-467
-1335
-1540
-1280
-577
595
1283
615
340
398
-215
-565
-261
-413
-923
-1566
-1564
-691
-110
1227
1209
422
513
87
442
-180
-669
-31
437
1425
1527
1343
534
-167
-83
-808
-982
-113
399
-1039
-1361
381
42
-726
-1281
-1963
-1229
-405
674
1208
1198
1609
935
114
-998
-1571
-871
-198
813
1376
2574
2632
692
-216
-1055
-1508
-1280
-542
554
986
804
295
-711
-1967
-1887
-2525
-3017
-878
1239
1822
1078
908
779
546
114
-1094
117
1026
597
1597
2154
1489
286
-113
81
346
379
-950
-1169
-417
-395
-550
-1451
-1586
-1857
-2292
-1061
-563
462
1523
1268
1564
1170
485
-216
-154
363
-130
559
930
882
764
-698
255
1702
641
79
64
-63
-486
-1568
-2309
-2267
-2222
-2382
-929
765
836
973
1227
2268
2473
284
81
501
-187
537
556
556
536
-966
-912
31
382
-284
-230
1629
1245
-511
-2269
-2741
-1216
-1921
-3539
-3019
284
2433
1340
2282
2542
1409
1169
-176
66
-13
-737
-41
378
1724
1360
-159
-528
-300
686
-358
-203
1099
320
84
-688
-1952
-3171
-3324
-2560
-2395
-16
2050
2078
1644
1749
2682
1340
784
1069
-395
-875
-516
1074
1308
162
328
-278
-647
-1271
-1595
-612
55
871
697
-14
-637
-1286
-2401
-3350
-1535
-263
204
1809
1876
1943
1975
536
-263
-345
263
364
-191
946
2078
1976
1008
-95
-206
-747
-1604
-1570
-1422
-1503
-1267
-1207
-1011
-888
-1687
-968
400
64
284
1319
1304
706
961
2350
2298
645
1234
1619
346
510
214
-1098
-1345
-957
-689
315
102
-1064
-39
-192
-1502
-1040
-921
-2257
-1819
54
-442
26
1883
2254
1464
156
388
321
-658
-260
590
502
443
1643
1403
-115
437
643
-947
-1140
-93
366
-46
-971
-1469
-1720
-2551
-2618
-808
27
62
998
1863
2096
1479
1433
762
-66
-250
-224
1454
1015
167
1262
847
-618
-1114
-139
-1337
-2449
-665
-470
-1474
-1276
490
879
-1110
-1069
-46
-344
311
1393
1610
1525
721
84
448
445
-577
-830
8
573
1073
1415
1234
559
-186
-1155
-1433
-1429
-1922
-611
-157
-422
99
-637
255
472
-1096
-579
-236
25
904
856
905
728
1109
1307
23
418
618
-133
-3
294
952
306
651
896
-1429
-2090
-2166
-2127
-1381
-1127
-452
-24
242
1041
1252
426
-92
-615
-633
316
330
851
1959
2395
2323
1106
-356
-1021
-266
85
-486
-306
-1013
-1228
-1131
-1751
-612
-68
136
590
-103
571
808
-298
-918
-1499
-622
471
79
646
1496
1239
253
-452
495
373
-716
-1027
-313
1008
-310
-886
665
571
-354
-737
-397
-264
534
1100
220
-138
106
799
1131
621
343
111
-331
-670
-1462
-922
302
-166
-154
-153
498
794
128
586
-547
-788
-61
-144
-349
-1025
-62
-228
-358
1453
729
-719
354
499
-1182
-763
81
-299
-237
310
101
-829
-63
1603
2028
465
268
1571
-823
-1660
282
-942
-1102
241
120
445
-10
105
704
-413
-640
-607
-400
-222
-475
883
1512
1055
507
-596
-555
-383
-1416
-1241
39
690
1420
2000
1501
145
-1180
-2582
-2297
66
525
570
1485
1207
389
-707
-847
233
403
-35
277
831
-80
-1615
-1059
-464
-761
-258
-442
-213
118
-135
839
742
689
1779
858
-152
-805
-1379
-411
-403
620
1794
755
657
-588
-751
142
-1119
-630
155
681
1319
11
-545
77
-446
-564
-185
-169
483
-438
-561
272
-442
701
331
-1039
-21
-647
-1526
-707
151
1149
1419
1121
971
-193
-262
250
-595
-329
540
742
12
-873
-1110
-939
-476
-266
1538
2719
653
-623
-218
-798
-1745
-1462
-842
-69
1172
1902
2113
1675
-65
-1403
-1167
-619
-631
-859
37
340
-288
124
99
-546
-509
691
656
-387
-429
-1307
-762
1037
1031
509
1458
2226
324
28
29
-1644
-734
-819
-1275
164
417
598
-25
-799
-628
-371
775
1398
1989
1657
212
-165
-1238
-1684
-1066
-1387
-975
304
101
-378
487
719
281
-429
-663
203
759
448
-389
-173
351
728
1010
153
-240
37
-128
-399
-235
-187
87
317
-56
161
-51
-1204
-1294
122
-300
-420
1550
1077
576
11
-614
250
-579
-494
515
1051
1418
293
-165
-633
-1200
-206
-182
-120
255
-608
-602
-1076
-649
1155
1398
1571
466
-349
-524
-916
-13
-678
-160
311
-1106
248
569
73
983
355
79
167
-50
298
372
339
-490
-962
-398
-421
-611
-371
-201
-171
703
359
210
915
-614
-635
-515
-535
591
76
-5
191
1651
1428
-561
207
175
-96
-1122
-1446
-802
-2086
-1009
37
1079
2734
2427
1694
-1061
-1731
-18
592
1162
-230
-1093
-1025
-756
498
711
850
180
275
476
-1387
-1123
-268
-110
42
-338
364
633
-328
-994
-408
-76
-403
430
571
196
590
262
558
1274
-14
-1505
-1433
113
716
-206
457
140
-205
1497
1312
-80
-826
168
572
4
874
288
-608
-1082
-1081
-656
-1392
-964
-177
1053
1065
-580
-708
-1292
-571
413
421
873
-86
290
638
389
1181
515
-21
-643
-491
858
196
-93
-66
-677
-309
-692
-1081
-489
703
1491
708
1062
955
99
748
-805
-2465
-1024
236
126
164
470
82
-461
-795
28
1280
125
-580
420
-726
-930
1044
-178
-1998
-543
1278
874
861
2180
985
-377
256
121
-1564
-2422
-668
-95
-808
51
883
610
607
1110
454
-254
-89
558
606
44
34
-1155
-902
-159
-1318
-238
127
-235
538
199
754
106
-661
302
-691
-756
541
619
177
215
1821
2018
209
-1037
-2101
-2169
-1129
-215
698
1203
1439
1101
-124
278
584
-845
-634
-596
-1137
72
1165
1360
59
-873
-70
-324
210
879
-1104
-1785
-592
167
73
-416
200
616
781
920
-404
-735
735
922
-5
-216
-226
-383
-572
-194
247
-236
-70
695
823
-274
-790
-38
-363
463
1701
1184
669
-298
-369
141
-359
-908
-1483
-603
408
310
1008
51
-1902
-1565
-661
62
905
913
-158
-667
423
1062
399
-678
-622
740
631
113
528
138
-257
-972
-958
930
1001
254
455
220
177
-862
-1879
-745
136
326
521
618
742
606
863
68
-901
-425
-755
79
1265
230
-544
-870
-145
482
-278
153
447
-477
-633
569
1021
-573
-1346
-728
-607
-938
-580
106
521
1359
960
587
453
-880
-118
-214
-1687
-405
1583
2229
1667
1393
473
-1223
-1804
-353
854
-697
-429
-59
-664
70
-623
-168
-43
-852
-233
-607
61
1211
546
747
1713
1030
246
-186
-1080
-1152
-724
-170
-714
-1018
-236
-323
226
541
-41
-334
739
1785
580
264
-747
-1786
-497
-961
-6
1774
1021
1456
1294
-145
-1587
-2047
298
780
-353
233
1144
1393
74
-479
-1180
-2706
-1619
-280
476
1159
828
523
418
239
120
380
-285
-1229
-26
1407
399
-488
958
1212
-141
-1111
-1117
-261
-743
-573
643
5
-379
267
931
1285
538
-55
-357
-792
80
1568
1130
-784
-1158
-1237
-2102
-994
511
418
-17
199
994
918
-116
-611
-458
-1006
-1220
-135
446
1083
1307
-144
14
483
-495
581
641
-491
237
247
-161
-502
721
1528
-22
438
36
-1587
-1139
254
1230
389
-281
222
544
-335
-902
-989
-2194
-847
710
-180
744
1597
504
-107
146
710
121
-1038
-129
38
-712
-412
-970
-342
-19
-349
934
826
814
427
-70
775
-293
287
1812
840
181
-709
-864
-1354
-2614
-598
263
77
1797
540
-959
-698
-812
-441
-249
798
1223
817
727
-462
22
708
-135
-258
-43
422
441
454
-160
-1181
-869
-760
-67
-160
-530
1704
1422
-968
-648
225
-144
-562
417
1671
703
-521
-278
-631
-826
-6
452
-268
-1127
-320
-109
-275
333
677
1611
701
-621
104
142
-571
-651
322
29
-506
304
-247
-994
-922
-510
-232
421
1219
555
1083
1247
-111
371
250
-762
-654
-760
-375
654
1010
794
218
939
1311
-1002
-1883
-1480
-1487
-1022
-837
185
157
-105
1052
238
32
641
116
418
597
878
531
112
1002
-311
-1346
-762
-1639
-1114
1038
1383
319
642
653
19
650
-833
-2406
-2372
-1306
713
348
1316
2332
560
912
1836
1261
-102
-1046
-677
-918
-1360
-240
-420
-2183
-649
517
-588
504
870
604
1293
739
319
-572
-665
708
89
245
298
-287
870
-359
-1203
-632
-1068
-164
5
26
625
73
-481
583
2533
1901
495
-633
-2323
-2232
-1152
20
26
-75
1037
1379
1649
240
-1261
-936
-683
1025
1260
295
-76
-1396
-521
-242
-1323
-266
94
320
563
-575
-386
64
-329
-508
-336
1161
1342
1164
1567
-686
-763
614
-395
57
1161
780
134
-96
-808
-1688
-1862
-1301
50
863
934
807
841
530
-100
-899
-1163
1137
1041
-1493
-440
602
-240
-114
866
819
-1102
-1623
567
1330
-217
-265
345
-529
-459
-210
-123
575
-513
-276
1015
519
529
-448
-460
507
-50
209
-533
-266
763
-134
746
822
-307
82
261
-1079
-2565
-1249
-741
-463
1204
821
815
-469
38
2275
-947
-1536
970
419
-86
944
1293
-231
-64
-184
-1134
-195
-9
935
1222
-199
-144
-713
-1061
-531
-388
672
522
214
161
-488
996
634
-738
-442
-614
-735
-1268
-159
23
-303
1083
556
1013
832
-23
39
-679
456
531
-33
185
-1041
-1437
-795
-369
-470
-482
-530
0
1474
1565
1499
1064
190
443
-62
-282
-528
-511
829
1121
1403
652
-303
-616
-1264
-1073
-2071
-980
-385
-2536
-1699
-1260
-616
352
-129
588
685
588
1166
1173
1677
3156
2739
1878
2369
1372
387
-451
-1919
-2624
-2199
-1397
-1130
-1252
-1145
-677
-2401
-3088
-1940
-1446
998
1785
2435
3292
1044
881
977
1105
2743
1599
211
168
-161
-336
-239
446
286
0
586
-920
-3052
-2898
-1740
-1411
-1782
-1578
-1168
-331
539
621
1214
1749
1568
1058
943
1628
1199
748
1167
741
466
158
65
551
-116
-396
230
-9
-727
-1923
-2592
-1641
-1912
-2904
-2634
-2072
-1656
-1374
1442
3373
2426
3557
3120
1347
1367
1434
1412
-148
-1110
-268
382
574
248
836
779
-531
-1038
-2401
-3205
-2153
-1847
-1942
-2171
-1698
-374
905
2853
3284
2541
1644
511
1155
1357
822
477
-740
-271
222
-958
-857
-869
-643
622
434
-382
-1127
-1297
-1642
-1786
-261
-636
-1242
-690
-973
949
2952
2482
1333
189
377
454
390
999
489
1009
1410
49
-72
-335
-558
-127
-299
-202
-884
-1369
-831
-694
-1300
-2298
-1559
-992
-1536
-413
103
530
1638
1827
3464
3414
1494
1285
-77
-1037
-1153
-1012
-220
-769
404
1203
214
148
-1157
-1861
-1173
-558
-114
41
-722
-2372
-1190
175
-51
472
251
1215
2020
1273
1423
1303
1339
1325
1400
1069
-1468
-1905
-982
-1609
-728
1
51
607
-23
-393
-441
-723
-1061
-1659
-1111
-1095
-1711
-475
902
1094
1803
2571
1351
105
965
2490
1667
75
688
-529
-967
-161
-2494
-1318
899
15
-251
-533
-326
-641
-916
-630
-1092
-1047
-1347
-2272
-1809
486
1496
1489
1536
1461
1657
880
2103
2214
371
1225
694
-1231
-2138
-927
-424
-1199
427
-120
-350
1052
312
-211
-1373
-1818
-973
-1995
-3032
-693
1500
1277
2264
2292
1429
1302
620
654
103
363
1439
1
-680
-684
-1371
85
-236
-1660
83
-457
-2071
-131
1566
448
-1070
-1639
-2304
-2137
-1483
142
1450
1784
4107
3592
861
390
99
-56
110
678
-74
-1337
-993
-199
992
744
272
-387
-2487
-1756
-134
0
178
41
227
-1083
-2347
-1319
-1249
-716
1481
2120
774
450
919
687
1219
969
1421
2069
-608
-1187
-514
-1483
-683
-313
-394
696
1111
602
-122
-405
-876
-534
-1060
-3484
-2466
-691
223
2518
2918
2533
1462
86
426
271
249
429
-67
-545
-1348
-1452
-984
-736
324
1465
1634
822
-184
-1001
-1372
-788
-1315
-734
512
-927
-1325
-1324
-793
1297
2352
2074
278
-57
612
31
666
2179
1877
922
577
-1543
-2488
-821
52
241
-365
41
1124
369
-435
-1256
-1946
-1867
-1854
-1193
-1527
-1802
-88
1285
2785
2540
880
479
394
1384
1460
1452
1706
-21
-1040
-1718
-955
557
-641
233
1954
-199
-576
669
-343
-1516
-2548
-2118
-1828
-1812
-445
-698
446
2041
1653
1375
895
1031
536
1136
1723
1323
2648
-429
-3362
-1267
-1508
-1637
222
1118
793
316
449
-623
-388
390
-970
-745
-168
-24
-485
-2671
-1835
987
1174
-297
511
2210
560
654
2628
1587
968
422
-1609
-1862
-1134
-837
-36
379
1142
1245
-857
-1320
-1146
-1691
-1085
-662
-282
-180
-708
-1125
-453
708
1137
1793
1193
995
1810
1640
2023
857
-122
359
-1161
-1835
-1231
-1023
95
1404
1199
-79
-421
-763
-1181
-550
-296
-361
-756
-824
-1311
-2852
-1682
-329
-94
1916
2535
2135
1835
272
-284
702
1719
1001
-1102
-950
796
825
278
380
168
-212
-934
-1397
-1309
-1448
-350
776
68
-1063
-1658
-1451
-1070
-107
849
1495
2417
1864
1267
1087
888
654
-512
-547
-673
-1053
-997
-1214
-166
52
505
1695
550
3
-97
-523
-59
-772
-545
-980
-3089
-2651
-1874
84
1206
1287
4165
3551
1576
345
-1387
-386
485
521
-324
-522
298
152
141
-233
37
-1172
-2001
329
208
-123
1429
569
-657
-850
-2511
-2897
-2127
-1880
489
2399
3320
3391
1768
1035
12
-219
-124
-506
208
-673
-402
573
-330
367
843
431
-38
-138
-79
-1736
-1314
74
-379
-210
-465
-1409
-1796
-1991
-1857
-29
2159
2210
1720
1625
473
-257
1486
2023
88
-672
-67
-561
-1591
-238
1070
931
94
-836
122
-172
-969
-602
-619
-7
139
-663
-2076
-1994
-275
66
-426
56
1715
1708
1642
2968
2449
1017
87
220
-218
-1910
-2548
-2071
-1514
-698
1472
1755
1003
866
-936
-548
164
-171
451
-431
-814
-1360
-2746
-2648
-860
2022
2511
1170
876
427
-175
335
1796
2288
568
-771
-1636
-2066
-217
627
714
702
616
1555
-328
-1692
-920
-853
-113
647
1759
832
-2193
-2810
-1483
-928
-584
1104
1106
243
667
410
772
1942
1947
986
246
-514
-1437
-1868
-1409
52
798
237
-500
-366
494
1181
1834
1006
-847
-1047
-1243
-2551
-2671
-1632
-1226
-711
1369
3150
3230
1397
-522
925
1430
526
995
-921
-1769
-1116
-860
462
-643
-494
1020
380
-529
-1536
10
793
650
2235
1602
-331
-3397
-3726
-2271
-2474
992
2868
1511
1394
1115
714
-43
613
2411
2783
1875
754
-993
-3624
-3621
-1036
239
-493
-614
944
1398
429
895
1219
-724
-722
181
-1423
-2188
-2665
-2855
-932
560
1313
1361
1401
2248
2206
2146
1249
-286
-550
-1232
-1608
-1283
-480
280
357
1544
1333
-450
-879
-318
10
-920
32
1989
289
-2101
-1966
-1549
-2890
-2417
1154
1763
318
1329
1902
1314
1843
2576
2163
769
-96
-528
-1679
-2692
-2267
-459
378
138
592
397
434
1022
323
584
994
-384
-1163
-1696
-2445
-2118
-1930
-1415
164
1086
2477
3003
1704
1465
675
358
776
452
179
-1444
-1279
-664
-1682
-736
290
395
328
667
266
-377
1
-770
5
361
-245
636
-1580
-2884
-1685
-1506
-95
810
1403
2057
1169
1484
2390
2029
1396
916
-736
-2225
-1199
-1304
-1715
-371
-648
-477
1264
1641
937
643
1269
1919
430
-1960
-2350
-2514
-2755
-2477
-2031
236
1929
2211
2442
1122
663
872
-294
327
1247
430
-476
-264
939
-631
-2142
-203
118
-1217
-781
1030
1177
98
858
312
-1509
-1081
-1274
-2284
-2669
-2025
582
1408
1367
2290
2597
2990
1427
409
1170
442
-164
-459
-153
-124
-785
131
220
-1091
-1326
-478
-610
-1885
-755
738
66
49
-237
-1013
-1852
-2061
-756
-564
251
1091
1122
1998
1930
2431
2061
779
889
524
-24
-528
-441
-366
-667
-673
-1544
-2128
-1189
453
978
542
392
267
-1137
-2993
-1711
-449
-626
841
983
499
630
372
1319
1669
1771
1538
192
336
167
-289
163
565
315
-461
-609
-1966
-1467
2
-1208
-412
-275
-384
471
-1749
-1437
514
-15
452
914
666
697
215
359
1477
2242
850
-413
122
-1043
-794
1016
272
-686
-466
-135
-1604
-1642
-136
-435
887
800
-1165
-206
-792
-1995
447
1285
1025
993
-426
327
35
41
1374
299
813
1049
1451
1008
-1401
-634
-692
-1108
-360
0
-55
-1719
-1073
-197
-1002
257
777
17
113
207
826
565
-459
227
310
258
138
-1241
-298
988
998
1363
1115
1031
603
-251
-923
-1162
-612
-1173
-393
1015
-486
-870
-589
-1011
-1180
-1278
494
697
553
1610
146
56
-4
-636
667
-175
-819
-328
37
921
670
1341
1807
600
-401
-225
878
-240
-399
783
-940
-1349
-501
-49
283
-757
-462
-214
-132
586
-1029
-1329
-430
-1228
-803
252
519
-45
117
1689
861
528
1481
-391
-702
166
412
1099
376
1291
1307
-942
-938
-838
-951
-1097
-652
146
-806
-374
539
-32
-258
555
1539
1048
663
835
74
-1145
-1589
-379
-509
-1540
595
2067
799
110
1010
973
-1989
-1542
-8
-2504
-1051
1291
495
625
985
1595
870
337
565
-1050
-1766
-1604
-724
185
-793
-394
1292
1666
1519
921
-26
-111
-393
-871
-275
-564
-885
135
381
506
749
447
-337
-975
-224
119
-121
-581
-1044
18
300
-181
181
605
339
-111
513
326
403
775
73
908
-328
-2251
-634
348
551
183
-387
-214
-290
634
745
-188
-1137
-986
1194
1007
594
1399
185
-253
-224
-398
-412
-1428
-976
763
875
-776
-1222
-126
-593
-878
491
582
-382
-158
330
555
874
531
1137
1834
286
-235
535
-708
-1072
395
-775
-1459
-68
-939
-827
757
7
-796
51
810
1052
1279
920
176
-1134
-1284
-274
-1386
-1433
585
1489
1202
470
-191
-77
742
-80
-254
428
-124
-173
-1329
-1446
-236
632
1576
653
512
385
-365
165
-403
-1242
-872
-59
587
741
-94
213
1491
927
312
-1190
-2135
-433
-554
-908
432
-32
-298
804
763
870
701
477
529
-482
-401
-353
-804
-674
-218
189
-739
-413
511
462
974
1313
785
-6
677
294
-1482
-974
77
144
-361
93
912
-147
-433
208
-471
-1093
-994
-1305
-1179
709
875
-181
1771
1744
-585
-235
-27
-921
-1359
-799
723
1238
357
254
1240
755
-440
-273
74
-411
-688
-306
640
1509
849
-167
-1095
-958
-5
-83
718
358
-197
839
-458
-1594
-582
159
-810
-1202
681
441
139
1349
63
-318
-333
-1712
-1126
222
1676
1301
762
1389
-288
43
432
-883
-155
-177
-338
-125
628
992
-727
-1041
-540
-569
-530
-920
-228
1126
1198
1494
1187
-733
-1155
-847
-366
472
421
367
256
321
-316
-980
-163
-424
-908
103
880
533
-186
-711
-1661
-1823
-178
1496
1481
442
1061
1418
-223
-199
-40
-1420
-1108
-73
590
1644
1088
105
501
885
1047
-214
-893
149
-183
-1302
-2032
-855
-113
-723
221
66
-345
-390
-646
473
576
-61
362
482
20
874
847
-526
157
288
152
660
127
235
-110
-600
-519
-908
-237
1045
1424
1137
735
-638
-1777
-1007
-599
-291
509
635
452
180
-116
-461
-516
-309
-270
-440
465
699
-488
83
-485
-718
224
-316
785
606
-94
39
-677
-223
-216
492
959
783
593
-1040
-493
211
-492
-630
-887
-189
813
994
788
599
645
243
-605
-590
-128
207
-168
-771
20
-296
-315
58
-826
185
143
-274
828
590
-69
-240
167
-101
468
980
-332
215
310
-427
-395
-1038
-250
678
340
43
-471
59
516
-280
148
650
260
70
-96
114
-18
-248
-382
-54
548
-197
-799
-1035
-517
297
85
78
-73
68
-634
-1264
41
618
-18
-250
1394
1175
-543
265
226
276
471
-365
165
860
355
-1314
-1179
-425
-967
153
830
1374
1986
801
-28
-743
-560
-615
-1714
-1303
-322
1154
982
285
1414
399
-1152
-997
-100
-1048
-2105
726
1287
333
1125
695
-243
-1029
30
247
-418
1025
674
-54
144
-394
-563
-642
-763
-605
308
1378
1454
349
-137
516
-335
-578
92
-1206
-1958
-1634
-755
764
1182
1069
608
576
1186
549
71
673
997
706
467
111
-153
-710
-2389
-1762
-1516
-3882
-2790
-15
1612
1728
635
1204
1830
1577
925
1003
1124
-89
128
684
-43
-1726
-2055
-702
-910
357
1665
526
780
1232
1186
1210
12
-1428
-2108
-2307
-2610
-3181
-2251
502
1470
957
1056
567
959
1859
1340
1375
1580
922
500
83
-676
-1448
-2250
-1886
169
949
1114
2481
2565
1087
-760
-1478
-1943
-2989
-1888
-667
-884
-870
72
1665
1095
-873
-1120
-1
1151
1760
1472
693
521
942
797
-854
-1696
-360
548
429
-231
-341
144
-609
-760
194
-390
-780
369
452
71
-178
-1587
-2206
-537
2031
2216
135
28
1018
652
-466
-636
823
166
-1074
512
41
-1244
-22
914
1294
803
270
84
-571
-847
-1537
-877
728
806
1045
1273
358
-1196
-2370
-3211
-2247
533
1123
484
717
2347
2556
115
182
88
-955
-917
-1384
-446
-400
30
1658
1040
1449
1723
935
964
-199
-1369
-1224
-1050
-1235
-878
101
-465
-2939
-3516
-1439
118
1374
2042
1552
2306
3438
2396
10
-1629
-2623
-2192
-317
-280
435
2286
1797
1619
208
-2356
-2378
-2093
-1109
526
1251
2613
3226
1177
6
-91
-2115
-2608
-2268
-1838
395
170
38
1078
192
1049
2482
667
-1094
164
730
-697
-1160
-648
-689
-1198
-8
744
-120
533
1428
946
-776
-923
520
405
441
450
284
738
800
-1311
-3333
-128
1510
-795
-524
1185
2788
1783
-951
-1536
-1636
-1866
-2277
-1702
701
1942
1976
1769
1187
1138
208
-1451
-1379
-1235
-987
666
1216
1123
1381
1049
132
-1418
-2482
-3219
-2955
-450
2791
3445
384
529
2548
1057
-459
-2632
-2016
888
-566
-790
995
678
950
811
-949
-147
1103
-426
-752
-306
-495
271
826
493
510
230
-949
-1201
-1814
-3050
-2433
218
2435
1114
96
2352
3604
1514
-1561
-2089
-337
151
-1699
-1202
1753
2210
1322
-31
-924
-241
-839
-1907
-1148
234
1039
1531
2094
2652
2068
1248
220
-2986
-4062
-3494
-3682
-665
2047
2367
1461
308
2072
1464
-2367
-3042
-552
565
-1667
-1133
1500
982
191
-98
81
637
474
221
164
582
1031
1729
1162
-16
-179
-1010
-1555
-2332
-2315
-1480
-284
3270
3166
213
134
118
-983
-1398
-255
1133
1415
1014
1489
1044
-839
-1019
-1730
-2550
-1650
-552
316
517
812
1842
2053
373
-172
-113
-558
-699
-2237
-3283
-3078
255
4151
3459
1147
-157
1574
1052
-2703
-2370
-262
564
81
-64
614
284
-283
-834
-245
911
-547
-905
1385
1078
655
1304
700
-51
-480
384
-222
-1733
-1618
-2079
-3055
-1859
2509
3789
1069
268
1209
723
-1994
-2102
414
829
532
915
1019
399
-820
-1217
-210
644
143
156
1900
521
-2045
-498
-686
-1265
1327
1070
-319
-117
-1054
-2061
-2906
-1594
2660
3062
545
-501
257
819
-1269
-1081
352
1630
3275
1009
-33
-27
-1837
-2456
-2326
1
1390
-197
-49
2400
2314
-555
-37
977
-197
-527
-1293
-1210
-1779
-3516
327
5367
1761
-3338
-671
2163
-487
-2890
-1536
935
2819
2714
-403
-917
666
-137
-845
-504
510
670
-216
-516
-518
-532
-643
107
834
1239
1442
274
-465
-716
-1582
-1219
-567
-1061
164
1543
623
392
899
29
-1492
-1499
-682
-501
-386
1093
3106
1887
294
305
-792
-972
-860
-544
577
809
1568
730
342
749
-1349
-1083
-2020
-2406
-3851
-8885
3786
17101
4886
-6556
-1917
2267
-2019
-5775
-4615
1408
8355
5260
-2156
-2001
543
-2877
-6158
-2495
2768
5087
3289
-1022
-1262
613
-2606
-3907
183
2792
4494
4575
1085
-2146
-2179
-2696
-3797
-1294
510
819
1191
618
1003
493
-526
-505
-1287
-1147
-121
-146
406
1171
1382
2074
1717
261
-441
-720
-1089
-1081
-21
746
465
828
618
274
539
-719
-2148
-2968
-3511
-4689
-2329
6403
8857
1439
-3747
-1720
270
-1533
-1442
955
4344
6135
2115
-2655
-3020
-2048
-2696
-2504
-250
2143
3026
601
-2673
-2257
-1376
-1662
1032
3489
1961
156
356
-497
-1443
205
1937
2476
1513
426
-827
-2572
-5156
-5550
3631
8558
1242
-2393
-1067
-1571
-2808
-3139
-1133
4007
6436
1866
-2792
-1826
-521
-2766
-2585
74
2870
4790
1509
-2031
-2276
-2800
-2240
629
2722
3305
3067
1227
-1071
-2109
-1279
-243
0
-247
-607
-744
-1685
-1486
-98
417
601
1216
1336
-213
-533
-54
-361
679
1810
1709
654
-223
-691
-1609
-948
-77
674
2534
1027
-505
-169
-1677
-4281
-7620
-856
10842
6396
-3271
-3036
-439
-1156
-2234
-2331
1098
6685
4626
-1720
-2618
-594
-1094
-2092
-371
2525
4409
1016
-4442
-4392
-1506
290
1364
3190
3620
1477
-596
-2814
-3747
-2087
584
2403
2157
1888
1142
-1746
-3611
-2743
-899
732
1783
2482
2403
699
-1021
-1339
-1487
-1797
-236
1839
1239
163
-92
-775
-1185
-211
1243
1562
1038
-722
-1515
-722
-939
-314
1163
1222
328
327
93
-378
166
-126
21
492
135
-698
-1256
-1170
-838
714
441
37
1468
908
132
478
-20
-551
764
1136
365
-560
-1871
-3133
-4607
1566
8927
3980
-3774
-4449
-1814
-1610
-1803
203
4386
7171
1458
-5755
-4328
-495
-853
-1066
732
3144
3452
-657
-3462
-2352
-197
935
1377
2032
2106
1829
-4
-1795
-806
701
916
1051
1188
-120
-2328
-3476
-2341
-660
848
1620
1219
1522
292
-1544
-1407
-1119
695
2701
1096
-379
-45
-701
-1035
-1504
-962
1321
1030
-752
-960
-242
-458
167
1588
1497
882
-555
-697
-768
-1244
523
1245
1335
621
-353
-117
-716
-537
-39
750
1150
674
954
-441
-1596
-1734
-2522
-1669
522
1388
795
1197
1263
527
-179
-1206
-662
-154
-80
-247
-14
1152
-213
11
1446
-14
82
-339
-1968
-1460
-584
610
1060
1067
1686
799
-160
-401
-778
-1150
-844
-87
-1465
-2331
1381
5086
1852
-2314
-1429
-1330
-1158
-515
-194
2314
2953
505
-1463
-292
289
-583
856
842
-352
-242
-818
-1239
410
1303
923
1815
1305
-548
-1630
-1307
-1180
-1805
-485
540
-124
-2517
-1887
4045
3843
-1650
-1801
158
327
168
-1245
-53
3509
2379
-1684
-2804
-228
1046
247
61
1120
2397
156
-2450
-2681
-1949
-803
-119
1625
2067
614
238
-216
-515
522
771
76
18
-561
-181
959
343
-366
-257
-175
-997
-1448
-1485
-1535
-388
606
1593
1377
1187
2014
-478
-866
1287
377
-44
77
922
518
-1002
-70
-1284
-1645
-3972
-6626
4827
11773
684
-6425
-2728
222
-435
-1576
-921
5059
7618
-1275
-5655
-262
1626
65
-57
96
1160
-574
-5676
-4384
1051
3697
4031
1964
312
-1334
-3000
-3529
-2192
2706
4438
2626
860
-1016
-1470
-2335
-2029
436
2854
3249
1578
166
-1309
-1952
-1919
-180
2419
1722
-206
-1925
-3015
-2188
-407
470
708
1648
1186
-179
-831
-1833
-1583
99
1198
1716
1146
-22
-850
-1419
-36
1705
1210
616
-10
-1447
-1820
-602
922
736
969
2243
1526
673
-827
-1997
-1454
-997
-59
-234
132
-29
-1019
-740
-94
2234
1787
1176
1807
-871
-2676
-1551
1029
435
-210
425
-619
311
-296
-865
159
-362
-125
404
-65
-236
584
-444
-902
287
426
1592
838
-541
639
1091
1509
796
-914
-1366
-2077
-736
619
-87
-111
-1448
-2105
-2494
-1883
3266
4013
-1334
-2334
597
1081
967
473
724
3114
1581
-2354
-3623
-1444
397
345
1547
2054
1653
1396
-89
-2546
-2355
-485
1144
2339
334
-400
-600
-699
-68
-1649
-25
374
-798
618
368
663
312
-378
85
-979
-1322
-1121
-818
368
572
-52
142
1141
465
-565
-29
482
1837
2415
1436
602
178
-532
-1507
-1416
-2646
-3109
-4951
-3955
8652
10771
-921
-4013
-1473
-68
333
-1888
-896
4963
3666
-3244
-3435
95
880
403
309
-375
248
-1313
-5471
-2275
3112
3392
3300
1914
-962
-1852
-2940
-3334
-399
2852
4012
2730
441
-1103
-1261
-1918
-2361
92
1077
762
1302
763
50
-361
-252
-170
-3
-31
-843
-1134
-1338
-526
922
687
359
662
-162
-1624
-1589
600
2069
1752
1767
659
-1128
-1477
-1789
-1887
-766
783
1240
674
310
-140
-493
-365
-59
1153
1596
858
1158
1283
1481
554
-1396
-1114
-1390
-1986
-1227
-424
46
144
905
442
-146
500
-965
-2019
-774
580
1724
1289
72
-297
-906
-1357
-820
670
1124
565
1078
423
-730
-646
-214
378
-42
136
798
-132
-895
-760
-177
-373
-494
1296
1837
1574
1954
245
-1395
-1247
-1092
-633
-292
-831
-584
36
-466
-790
-869
-13
1074
812
648
546
209
-470
263
1044
133
627
825
-615
-1651
-401
-172
-1463
17
692
1209
1186
-222
580
292
-667
-642
-721
-729
-323
552
1050
1034
708
852
-354
-1373
-1126
-1702
-1010
81
1294
1467
619
1234
515
-440
-1012
-1809
-1385
-1135
-376
524
675
1351
1431
945
490
-424
-253
-114
-606
173
208
-137
44
-723
-531
-89
-516
208
597
369
766
280
-382
-538
-1157
-1102
-95
136
621
1693
1114
720
295
-1154
-1262
-1001
-254
701
705
445
200
869
881
-170
-719
-1090
-2136
-2745
-1206
-135
741
2470
2592
1685
560
248
68
-986
-1349
-799
750
1505
1054
598
-829
-1609
-810
-536
-752
-528
-421
-1070
-1596
1148
3617
985
-770
-641
-422
666
203
429
1579
1622
315
-1315
-1240
-1309
-981
100
940
1569
814
-258
-545
-86
-221
-432
-368
-990
-1642
-3006
-279
3751
1000
-1468
-1924
-1146
1970
620
64
3465
2847
-196
-1932
-1796
-1021
-693
-334
13
1100
1038
315
-52
-309
1130
1304
447
-25
-1250
-1030
-831
-895
159
-385
21
2573
1835
-1193
-2481
-1839
-846
-322
1043
2261
2208
832
-717
-1064
-787
-19
-278
117
1377
1347
694
-982
-1168
-934
-1276
-182
-251
-1963
-1916
2233
3871
915
-569
-1098
-453
168
-595
455
2011
873
-1141
-1902
-1707
-561
-168
556
2514
1984
60
-726
-1169
-601
337
156
85
-397
-1384
-1945
-1441
404
1512
2425
2046
-8
-654
-612
-528
-72
1131
1585
548
70
-483
-1157
-751
582
1331
584
181
-299
-1854
-1344
-640
-1266
-1390
-2296
1090
4100
1099
96
-1538
-2000
-93
-879
1042
2388
1505
1292
-805
-727
305
-123
1016
962
19
-416
-1310
-1565
-1917
-415
1971
1120
-196
49
138
-651
-825
90
1107
1360
257
-228
-427
-1334
-1068
-278
200
1215
1636
764
141
-363
-1644
-2030
-866
-333
386
1526
1124
917
921
404
-572
-2133
-2482
-1417
592
2311
2604
1329
-327
-1060
-1890
-1859
-609
408
526
554
1346
1554
1135
966
559
-669
-1028
-978
-1674
-1050
-63
142
484
1247
353
-1183
-1303
-1890
298
2301
764
733
78
-404
290
-365
190
721
176
174
-134
-619
-433
49
755
1556
470
-1511
-1733
-1635
-852
1201
1461
1072
1603
910
105
-651
-1922
-1962
-1714
-1078
-371
375
1628
1472
1694
556
-1409
-320
-599
-864
417
173
1057
1723
882
752
-843
-1761
-195
-707
-1119
390
586
-364
-577
263
181
-389
-537
-88
491
15
-101
-57
422
983
911
866
154
-204
-126
125
-269
-581
235
-283
-530
-240
-596
-189
122
3
292
453
-388
-1143
-1582
-858
1076
916
443
975
981
860
9
-13
519
25
379
642
62
-729
-808
536
92
-876
-882
-1378
-409
191
428
593
-448
520
652
-635
-775
-672
30
-538
-855
-367
-434
256
489
1066
1371
1122
1033
-149
116
580
-678
-520
352
214
110
-225
-270
303
59
-489
-525
-54
-360
-599
-436
-656
623
123
-1010
131
202
183
2
-216
404
1054
2007
1761
1022
452
-988
-1491
-1129
-1233
-754
-504
-184
30
-683
-185
-373
-407
492
385
1411
1197
328
864
-410
-1526
-1040
-984
-626
149
403
858
1003
469
84
-607
-502
740
711
373
711
523
675
-151
-879
80
-669
-1165
-173
-23
-66
-178
-283
-257
-555
-766
23
724
687
482
296
827
735
620
864
104
-233
-945
-1534
-1192
-1537
-697
574
523
289
-482
-603
-267
-45
883
619
704
1656
657
-465
-231
-70
-560
-521
556
1218
1215
786
-288
-742
-801
-1284
-981
-296
157
386
267
-57
39
396
-490
-431
5
-579
290
668
838
1102
-215
-623
-592
-610
-44
-371
-788
-253
880
842
78
717
384
131
849
-74
-487
-282
-522
-1251
-1517
-186
288
-392
-409
740
390
-235
611
400
418
275
1210
2167
336
-638
-686
-694
-1005
-1228
-756
-149
355
468
955
128
-25
323
-860
-693
-1015
-776
901
1267
1373
748
-284
-334
-312
-163
172
338
1065
1224
419
-254
-910
-1247
-1792
-2227
-1391
154
1109
1556
1704
1172
475
-839
-1763
-1677
-925
370
688
1322
1825
895
487
-140
-1087
-773
-1071
-1457
-118
526
527
762
849
789
116
-460
-816
-126
737
344
361
417
364
378
-998
-1384
-149
-484
51
880
-257
-42
92
-617
-1019
-1260
-158
937
986
669
485
340
688
822
-80
-774
-1134
-786
-928
-872
310
-34
137
767
294
488
391
477
576
430
707
53
-544
-1255
-972
45
-359
242
600
468
716
279
-200
-335
-79
-801
-360
87
-719
-260
-591
15
769
263
691
176
-69
1080
687
-604
-412
-114
357
561
-346
-635
-326
464
315
311
211
-1002
-653
-110
630
639
-194
53
162
166
-926
-1013
142
-230
-330
-55
-84
-304
-452
-985
-1074
752
1308
591
523
688
924
322
152
207
-136
-154
-397
46
373
176
-493
-1201
-663
-94
-8
-344
98
147
607
1804
897
1602
1175
-923
-560
-774
-590
-345
-540
168
101
-1180
-1297
-761
-1450
-186
693
547
1181
152
27
472
232
-239
-237
542
67
841
1075
-768
-973
-798
-350
-56
-401
616
1295
929
349
-221
-470
-728
-752
-866
-173
869
885
598
-48
12
-294
-906
-328
-258
183
304
407
932
-88
-167
68
-390
-373
123
1062
445
-58
-198
-785
-383
-391
13
49
69
399
-1030
-260
838
9
52
-243
226
972
742
414
-82
293
-37
-1293
-1328
-1281
-637
434
441
1614
1786
-48
-567
-1436
-1347
109
98
240
665
773
682
-52
-576
-545
-990
-899
98
-325
50
1563
1047
85
-53
425
437
-350
-174
-15
-325
-103
470
674
-416
-456
700
-49
-612
-373
-611
168
796
583
354
-55
-170
-769
-1490
-1217
-448
1098
1449
733
517
-439
-381
-764
-1687
-624
-144
1040
2414
1263
170
-130
-1114
-1629
-737
-91
472
686
683
816
2
-480
-732
-451
173
540
602
-32
584
356
-902
-970
-212
698
-378
-898
207
873
235
-933
-331
-324
-134
994
1427
1423
89
37
-24
-1082
-718
-474
-177
-158
-238
-297
-564
-513
30
1430
1207
664
-231
-1330
-147
-438
-535
220
357
1112
-139
-660
258
204
736
727
607
614
-614
-1128
-1461
-2227
-736
1092
1049
614
-10
132
587
-162
-146
547
558
531
-87
-518
-275
-167
-355
-1044
-743
-714
-506
1016
364
550
1419
65
625
551
-676
101
-715
-1206
-119
-416
202
857
233
466
1300
1071
-76
-199
-313
-174
-243
-1169
-268
-455
-844
103
-169
718
888
-407
-831
-1002
-807
-990
-78
1344
959
777
412
-129
483
84
-680
-159
86
195
380
202
243
528
796
527
240
-186
-596
-61
-444
-1059
-938
-802
502
759
-18
701
436
-462
-95
-241
-1051
-850
436
543
242
385
-271
195
45
-437
264
-414
-700
-812
-338
673
1045
1574
682
531
11
-939
-769
-1102
-590
-962
-569
984
1463
1322
597
595
-190
-182
464
67
-150
-366
33
-1061
-2129
-2010
-1355
401
1174
2111
2395
1114
-251
-1034
-1183
-1200
-280
474
762
786
874
1020
-159
-492
272
-353
-675
456
185
-765
-900
-482
70
59
1704
1594
-142
688
-283
-1450
-1237
-1709
-1256
-1192
-996
189
788
1209
1581
1240
909
722
-17
-386
-588
-1214
-1221
-405
-694
-1014
1646
2304
598
953
30
-627
-323
-859
-369
-849
-885
125
130
168
556
1160
785
729
437
-184
665
-255
-349
896
-21
-507
-777
-897
-549
-403
40
-244
-502
-476
-407
481
1281
688
-367
-440
-707
-877
-617
-447
-137
41
729
457
652
2059
1698
1142
-375
-1524
-609
-307
643
484
-536
-294
-994
-1092
-858
-718
393
759
1044
876
621
799
197
281
-97
-345
-279
-1316
-854
-1005
-1934
-891
783
1299
913
1333
1467
1611
197
-1811
-1244
-1528
-597
238
-78
1150
-52
82
1066
-16
840
821
198
-353
-1416
-674
-671
-655
-240
-866
348
932
134
601
90
-314
684
636
-438
-651
88
208
-151
-524
-726
-306
117
697
915
316
738
1243
184
-1182
-1348
362
541
-319
679
8
-476
144
-520
-477
-92
749
1190
1042
838
-403
-793
-1132
-1489
-695
-307
-856
-670
826
960
478
-43
-452
1022
720
-1298
-901
223
51
-184
99
428
422
426
915
813
491
488
-137
-759
-690
-86
-135
-821
-764
-632
-307
314
-193
-755
-480
-583
-456
127
541
1250
1381
1302
1585
845
124
186
122
-506
-1269
-631
-111
-1100
-1287
-286
670
691
52
192
320
208
137
-740
-624
487
209
-466
-137
-225
-835
-327
408
862
1120
1193
991
-168
-711
-796
-1134
-1241
-632
63
303
1766
1636
424
429
-267
-511
-1090
-1465
-899
-861
-89
527
312
1012
1357
380
303
-498
-1324
-415
-736
-26
1274
931
1295
975
-137
-638
-1641
-1965
-938
18
695
582
572
597
4
-37
-209
-26
21
444
1566
1433
1628
770
-1123
-1733
-1712
-1431
-1243
-314
550
1247
1207
-291
-1080
-1760
-1198
-49
-272
414
955
989
1235
209
-1012
-682
324
570
593
440
120
193
-25
-301
-241
36
-111
240
1371
790
456
111
-977
85
-263
-1204
-98
210
763
428
-1118
-1412
-1101
-6
604
-217
-275
926
905
-363
-83
501
278
90
-193
-40
192
175
-323
-742
-672
-872
-445
-154
16
1023
1005
883
1304
871
332
-1216
-2251
-1001
-830
-456
250
158
1331
966
824
1400
-263
-518
-294
-366
60
-365
-138
33
-542
-1096
-790
-474
-733
698
1823
1570
1181
-161
-1797
-1761
-187
32
400
1878
1816
1195
517
-430
-1281
-1565
-1587
-1482
113
1370
1602
1714
966
50
-982
-1623
-677
203
619
805
64
-95
-29
-4
-237
-1370
-1439
-934
-108
234
460
1202
-39
-389
166
-363
-1024
-1805
-538
881
558
817
1515
955
265
742
-336
-1010
505
632
319
-127
-332
675
149
-821
-950
-429
684
766
503
679
659
-269
-837
-581
-683
-579
-290
409
243
-596
-188
319
-162
-682
-102
-242
228
819
-64
287
-206
483
1090
-1183
-792
-285
-238
380
-213
844
718
-486
-79
-531
-370
20
-295
342
938
1473
1380
581
-143
-928
-1381
-1801
-1157
21
823
1241
495
212
93
-683
-1038
-318
876
625
106
397
63
-495
-401
-248
-220
-134
22
242
360
709
414
-144
-4
-83
-41
123
544
464
-427
-416
-483
-329
-56
-1156
-1109
-198
-583
-239
937
1032
736
1278
1144
-350
-533
-490
-1013
-578
-864
-555
298
-184
147
283
-20
687
596
467
203
-649
316
892
-54
-430
-460
40
806
828
597
717
-279
-806
404
352
39
-422
-847
-319
-837
-782
-277
430
1419
427
142
558
-362
-672
-1131
-1946
-1625
-716
344
1159
1393
804
133
121
-245
-485
-448
-420
504
1070
102
-352
559
487
129
592
129
-312
48
67
-229
252
1163
596
-580
-807
-561
-298
-110
-545
-1305
-739
580
1038
322
-209
485
123
-686
259
1126
861
266
23
-546
-1867
-1477
-246
-795
-166
1352
1127
1010
572
92
523
292
-541
-1137
-1064
-179
1265
1420
847
262
-939
-970
-1321
-1182
-346
-526
506
1441
1711
781
-606
-568
-337
766
528
-161
90
-835
-369
69
-1057
-1132
-992
-1107
-600
-120
1005
2031
1277
979
715
308
696
-163
-813
37
850
426
-544
-931
-713
-239
-353
-37
-138
-522
-242
-491
207
547
263
266
248
1354
841
-444
-408
-424
-317
-946
-1893
-1739
-452
383
804
1755
1111
461
1095
218
-974
-1045
-1125
-581
76
711
1442
275
-29
516
-145
58
87
854
1409
820
483
-964
-1118
-909
-921
-613
-1077
395
1097
709
531
-465
69
-619
-2068
-642
-200
-952
768
1251
113
793
155
-278
190
-743
-421
-91
374
1569
1331
1024
602
-492
-1139
-1360
-1743
-1279
440
1139
923
819
308
231
348
-617
-1513
-808
595
985
1064
1365
760
-12
-545
-1107
-1533
-1495
-758
-252
525
143
-561
596
162
-95
519
157
-174
-574
1193
1400
33
729
-199
-567
138
581
607
-677
-72
596
388
-10
-1129
-562
78
-289
-516
-207
193
-520
-263
844
622
250
-36
-940
-1301
-847
-343
1
-118
381
928
379
388
286
442
616
-450
232
1336
818
-61
-502
-274
-548
-972
-1506
-737
379
-67
360
242
525
1216
232
112
-385
-859
-466
-480
372
610
-230
-315
-31
414
467
-378
-527
-27
505
446
-102
107
-529
-784
-408
-807
74
1042
1256
925
681
919
76
-431
-787
-1532
-731
387
373
954
1350
453
153
-65
-294
-630
-1006
-271
103
-4
23
-275
-1581
-1928
-1190
-1414
28
1146
987
1765
1684
1808
1831
953
-199
-1646
-1576
-630
-689
-508
365
-406
-668
821
681
454
-21
-980
-321
-202
388
1173
330
-355
-1044
-316
1066
865
438
145
-162
-855
-310
-9
-1057
-543
-732
-152
941
506
1136
665
626
553
-511
217
-490
-940
-689
-1480
-713
199
324
-40
239
975
287
25
187
-210
-111
839
1011
-500
-265
679
182
749
118
-748
-263
-966
-670
-888
-1249
359
538
357
523
65
267
985
65
-886
489
808
776
971
-18
-650
-1426
-1287
-613
175
1172
-61
-545
323
-641
-1463
-1446
-833
339
871
1729
2087
1485
718
-303
-595
-695
-614
-644
-516
525
656
231
257
189
-676
-713
-49
-274
494
269
-810
-475
-730
-1055
-541
774
1485
909
919
1024
868
687
-462
-1810
-1593
-755
-461
376
1109
450
-382
-212
318
-98
-1121
-523
730
1227
2187
1954
456
-1138
-2151
-1315
-1177
-1053
-28
29
434
842
935
782
-428
-1128
-320
67
181
1533
1709
729
-267
-1501
-1744
-1392
-575
249
602
662
150
-296
442
1093
-534
-869
403
101
-196
51
452
-415
-931
601
896
635
519
215
38
-587
-535
-684
-524
453
85
-246
-388
-811
-415
54
1121
1479
-152
-137
402
-781
-193
672
527
696
91
358
-592
-1717
-174
-168
-220
661
1058
620
-1206
-1807
-1150
-714
-993
-108
1118
1261
2485
2249
969
-22
-1422
-1861
-1497
-264
-17
-52
1092
1353
514
-758
-776
-106
-396
-163
615
825
1038
485
-290
539
201
-689
-792
-1262
-139
-393
-1764
-814
-537
19
1225
1159
1307
1283
1096
868
-516
-1579
-1539
-1285
-581
-48
-223
313
1474
1222
265
386
-58
-1171
-1369
-930
-47
343
882
1930
1660
1298
821
-920
-1830
-1886
-1714
-752
219
1100
1213
817
559
-542
-1121
-584
-291
-843
-451
1203
1485
1341
923
212
-250
-1115
-964
-868
-714
197
486
751
410
182
703
586
225
-853
-1070
-208
-1179
-1225
-740
-607
1093
1356
1443
1184
26
186
-604
-802
-1
316
584
-205
-899
-179
-22
-1202
-920
-442
-618
101
155
93
1071
1492
517
496
250
-293
39
-723
137
295
38
1288
272
470
142
-1090
-490
-1427
-830
1241
950
43
-421
-557
-180
-68
225
578
-101
-217
-173
-356
539
665
-661
-862
-164
-359
-128
-608
-730
1217
1138
223
-271
-936
111
925
688
665
211
-162
132
-298
-142
450
-594
-248
955
201
-756
-877
-472
610
1183
-144
-1115
-793
-252
173
-461
-674
-71
119
727
434
-779
29
231
-148
971
182
134
631
-64
600
189
-197
-265
121
896
44
578
520
-903
-1627
-1375
-542
-1130
-811
156
624
927
500
466
176
247
776
633
480
239
109
381
441
389
153
-266
-970
-1821
-731
-598
-1481
-1013
-1438
-7
876
1026
2050
260
405
688
-156
583
379
955
1091
277
-418
-910
-1191
-1463
-287
-181
418
1338
-8
104
-10
-873
-814
-679
798
1342
821
1039
14
-487
110
-266
-853
-1099
-670
-356
-29
-206
-1167
-175
670
-50
-199
532
1052
1136
1645
1094
-121
-1204
-1617
-1550
-1189
518
127
383
1009
-891
174
890
564
1005
-167
-300
-200
-238
255
-70
-97
756
438
-781
-422
-45
-175
-366
-878
-131
831
358
157
283
-470
-289
-352
-219
949
389
-27
-537
-431
712
452
696
503
-134
-152
-175
-272
-1146
-1331
-612
277
965
779
469
171
-854
-1075
-220
-129
64
217
367
472
635
1030
247
779
1024
-240
-498
-1141
-1121
-282
-353
-1262
-950
723
1222
1376
871
-176
-149
-255
-77
555
-90
-263
110
-892
-1387
-1066
-663
-422
-266
256
976
1491
1116
780
-251
-573
202
358
967
147
-165
220
-745
-1296
-785
59
-1419
-751
921
-241
301
49
163
1202
444
345
293
469
817
1488
999
-1252
-1378
-964
-339
-67
-778
189
-271
-639
-281
-1286
453
1013
264
1831
1137
478
802
-725
-1581
-1511
-1239
-592
-298
500
1808
1907
1014
-185
-723
-979
-1461
-454
255
151
678
780
-190
-1182
-228
458
8
199
111
45
37
-71
-565
-902
-383
132
1369
1580
853
697
-82
-24
-361
-1219
-812
-883
-562
-374
-635
510
904
517
948
701
-59
234
370
-499
-493
-274
-166
1247
630
-1330
-979
-562
-519
-842
-816
406
614
678
725
995
1504
664
-249
-367
-338
-963
-668
-598
-1078
100
139
-104
-83
42
967
817
638
-214
-917
-578
202
1060
335
282
691
511
-98
-1505
-2160
-2001
-396
1166
1028
628
256
270
405
256
-3
-799
-606
807
927
872
652
-273
-345
-967
-778
395
494
768
642
-409
-1122
-984
-214
696
182
-444
251
-79
-295
-694
-940
638
486
30
582
180
407
503
267
577
377
297
-27
-935
-1096
-967
-1335
-966
701
1643
1081
-139
-276
309
-793
-1084
-49
596
1492
1307
678
-214
-1310
-690
-189
-201
-328
-437
322
288
686
408
-725
-96
-275
804
1529
437
443
-1134
-779
55
-924
-926
-1291
51
410
312
766
-31
930
184
-264
122
-1232
-548
-183
324
852
541
1222
441
-446
-800
-686
-380
-744
-259
-613
-343
408
463
1132
326
384
844
63
-151
-530
194
123
-291
421
-176
146
458
96
166
-615
