1859
-328
-674
33
-698
282
664
13
-899
823
477
-1989
222
513
-223
467
-749
-738
1040
1094
-302
350
273
-896
-122
-102
-710
312
988
-348
-59
1047
-129
-437
-70
-856
-646
513
-69
-557
937
978
-191
494
93
-1421
-323
-521
-1579
-694
66
956
488
786
1690
962
1297
291
-456
632
-8
-1450
-1430
241
-536
-1683
-314
-869
-595
1185
543
63
1274
1020
-128
853
501
-998
-871
-719
-169
-180
66
551
342
715
388
209
229
-8
-737
-673
707
-867
-1583
286
-178
-886
1026
1344
-673
1310
1892
-874
-218
-215
-546
260
-319
-797
-988
-943
-1277
-549
721
125
425
1226
1726
2403
1001
-823
-334
83
-1166
-1398
-1051
-739
179
105
222
157
213
1023
858
1283
721
-383
-261
-627
-405
-723
-1050
-650
-756
-233
-335
-39
1214
547
-469
316
896
451
384
15
105
463
-742
-885
178
338
75
-59
-412
-969
-411
-150
91
871
-266
-252
500
35
568
167
541
814
-1257
138
1521
-356
-432
-426
-324
72
-1108
-435
430
-302
74
544
370
12
-586
-447
262
111
270
37
-256
1102
291
-331
242
256
1251
-411
-1302
-151
-834
-1137
-324
771
194
434
923
-101
561
-124
-749
127
-6
242
275
-245
-743
235
353
-1102
194
201
-1003
65
370
540
262
-114
537
-23
-199
468
-110
-1052
-381
479
278
474
519
511
281
423
633
-562
-693
-670
-764
-205
-334
-133
56
99
611
1085
53
-1133
-369
798
79
-1285
30
-254
-325
799
-1393
-80
511
-683
1047
-207
275
2359
261
-929
1116
898
94
484
-1901
-356
1388
-916
1
-661
-1969
-1113
-384
423
-626
226
781
-1460
711
2620
1025
1173
744
400
1090
-304
-852
81
-620
-479
-699
-1868
-398
-1679
-3542
-1838
173
2446
1939
1042
980
1885
2910
75
67
642
-573
-124
-1244
-1151
-537
-1575
40
997
-1345
-399
1493
-248
-1242
819
1318
-1058
741
1957
-680
-1990
-1204
536
-1121
-1
1858
-637
-379
1490
1589
-443
761
839
-1321
571
-126
-771
-220
-230
-44
-478
-832
-2684
-1052
630
-709
121
993
1214
1030
402
745
1552
1471
749
-411
-292
-669
-1395
1615
271
-2217
1082
495
-2300
-858
544
-677
-873
-538
-437
799
726
639
498
-40
779
88
-386
1203
665
-666
-10
456
-877
-1577
-423
-638
-318
79
-841
539
719
1101
1883
-1001
-957
603
-1382
-408
1475
-1759
-686
2541
207
955
1944
937
1278
-969
-1654
-831
-2085
-2168
-216
1263
554
-586
-421
78
326
947
-483
-1320
1210
1000
185
1006
473
-223
219
631
-1451
-602
1540
-1289
-1824
9
142
412
591
532
325
-267
-567
437
520
-46
457
-780
-1231
-95
-795
-70
1055
60
785
2183
1255
-717
-61
761
-1588
-1583
-1330
-1783
-398
-864
-799
-312
525
1985
1017
1035
2760
1487
-1012
831
104
-1751
1080
-756
-1691
-231
-1786
-93
356
-976
685
1726
1224
268
-396
-55
255
-543
-1733
-1566
-617
-670
-111
1238
873
565
2155
1848
-7
407
582
42
-449
-1023
-1509
-1868
103
16
-1771
-420
1571
1371
-1246
-9
1896
-772
-810
1199
1307
-774
-1268
254
-152
151
437
562
-502
-695
2052
-121
-672
919
-1153
-930
-214
159
-925
-688
536
-1087
51
-716
-72
2687
39
932
3069
207
-585
1431
-224
-1304
206
-1846
-1853
-149
-2276
-1934
2166
758
-1372
1958
1036
57
1762
801
193
466
-255
-1504
296
-1130
-2741
1028
-77
-543
1656
1029
416
652
1331
253
-685
-1373
-1706
-940
-1991
-1078
502
-621
998
1620
-4
2866
1596
-1363
1680
761
-360
605
-779
-1129
-1541
-1114
-440
-585
-208
488
723
-403
376
1136
97
-57
-733
-1016
509
682
-963
1009
1482
-1794
1230
2038
-2200
-251
1476
-411
-92
-7
-857
753
440
-2042
-508
-50
-2555
-788
1907
317
-148
1178
526
112
1029
1504
-100
-160
751
-714
564
-296
-2559
684
-92
-3092
-448
1720
-785
-1281
2491
1455
-628
2024
1624
-782
-17
628
-394
-998
-581
-78
-1731
-2116
375
-237
-949
677
1343
1071
356
-33
-185
1003
682
-113
1577
-116
-858
1306
-129
-2026
-1464
-876
-1605
-1074
587
1127
1154
317
142
1911
1440
-1119
0
840
-1180
-587
-163
-572
364
-171
-707
-354
-161
-280
-234
244
-1098
26
2085
-135
794
1476
-497
804
691
416
302
-1396
-203
52
-2104
-1290
165
-1039
-355
821
-656
714
1687
-877
223
1527
-178
814
548
-718
876
44
-720
300
-258
-980
-945
-313
-611
-266
439
-555
614
920
-1856
-14
2230
-529
246
1801
3
775
916
-958
-122
1101
-1309
-2308
-191
-281
-664
-496
-238
10
-432
336
769
780
1048
516
-102
211
-99
-1063
-683
-479
-227
-240
621
1662
110
713
1158
-247
365
-5
-575
363
-768
-1992
-105
564
-598
-491
404
238
-457
467
428
-152
-319
-341
1124
-459
-1876
1236
1121
-2048
-215
1912
-906
151
2147
-1082
-206
1541
-669
506
873
-983
206
-455
-1123
463
-720
-1211
8
716
742
-180
6
11
668
304
-1966
199
1279
-1052
-35
1172
222
-25
-232
-1182
-696
153
341
757
1042
535
-509
584
715
-673
-1269
-1833
563
540
-1436
498
1579
1014
50
724
346
-1199
24
-1509
-1410
782
-345
750
1378
609
1126
-843
-1617
1037
211
-1518
-241
-1312
-1341
1102
633
483
1676
980
-262
-352
-296
-585
-1027
-924
-291
149
929
1196
1200
1191
34
-742
440
490
-1406
-672
-20
-1292
-1470
-715
450
-418
-337
1510
316
29
1517
946
557
746
308
108
-708
-892
-443
-510
-373
-711
-551
-410
-374
-619
-422
1115
920
606
-18
221
1185
-238
364
712
-165
180
-252
-557
-647
-314
142
-262
-515
444
320
-565
473
313
-671
-614
24
617
-267
-333
237
-901
-1005
904
657
716
3116
1899
-156
-614
-1775
-1039
-1150
-2061
-800
-836
-778
559
987
1140
1373
1697
1566
870
43
-113
-336
-1656
-1999
-1258
-749
-782
-449
341
1095
1513
879
1048
952
-86
-100
100
-288
-1082
-828
-196
-354
-565
-71
56
-484
42
-473
-10
994
-203
972
1355
560
1681
520
-840
-234
-472
-1308
-1082
-774
-1324
-795
445
406
121
628
742
613
906
285
-154
247
-677
-559
167
-963
-132
-296
-1904
594
1577
322
1171
1290
538
581
454
-754
-515
190
-1749
-1805
-141
-654
-348
812
81
268
1438
921
829
-98
-1029
544
-272
-1249
815
594
-1278
-631
-187
-1491
-570
1033
396
579
1470
266
-418
517
339
-170
-634
-642
-153
-263
-127
-147
-113
16
811
624
-642
401
-102
-510
992
-138
-1118
-493
-88
-132
313
638
286
574
538
451
365
590
773
-570
-717
-43
-1110
-1277
-150
-1105
-1556
59
220
40
732
1128
1503
1224
-17
344
772
-899
-820
-63
-535
-516
-323
-319
-846
-404
833
529
291
1374
1038
38
721
-85
-1347
-596
-708
-1534
-1149
-327
-57
446
665
980
1836
693
-341
73
-386
-351
-43
-645
-333
367
145
71
113
-186
-152
320
167
-441
233
817
-269
-399
44
-852
-4
748
-1005
-401
632
-724
-509
793
573
16
443
411
1
586
416
-416
-309
-228
-424
-755
-441
972
712
-578
305
1198
-32
-174
291
-1108
-790
214
-622
-822
-242
322
-188
-178
670
81
394
1197
838
482
-30
-310
-540
-903
-843
-1568
-1325
359
-62
363
2042
1545
1047
796
770
513
-832
-686
-158
-1076
-1038
-469
-1301
-603
1168
870
335
325
62
-99
-18
-304
-315
355
443
589
332
-320
-143
-111
-232
-123
26
-8
-387
-842
-708
420
361
-1272
-764
341
-615
-200
693
793
1726
1565
548
120
556
596
-221
-263
-322
-167
-429
-1327
-1064
-495
-493
-970
-573
-103
-273
659
980
492
639
963
1314
853
195
44
-529
-496
-219
-725
-726
-454
-236
-229
124
652
-309
-165
1007
-45
-942
287
135
-769
171
-614
-518
1361
781
826
778
171
-362
-1021
2
-779
-1333
-347
-628
-49
289
633
1000
-16
270
720
-143
264
772
-447
-595
396
358
-173
-568
-533
154
387
-144
782
940
-634
134
-82
-1134
318
274
-475
-278
-428
-647
-898
-397
151
69
-466
-830
-215
517
961
855
993
1195
896
991
544
568
873
189
108
-433
-1179
-1183
-1919
-1964
-1102
-1104
-1110
-539
411
903
361
680
1411
1021
842
1190
1151
754
623
158
-783
-1024
-1342
-1175
-314
-255
446
350
-458
766
650
-379
83
312
115
-326
-530
-971
-998
-310
-396
142
437
-145
-228
-221
659
1266
50
-168
861
607
646
1234
890
640
429
71
-631
-1463
-1152
-528
-1150
-1566
-945
-1431
-1084
419
-83
-92
1306
2007
1434
346
1037
1521
419
219
174
-37
-1
169
444
76
-188
-980
-1135
-331
-1414
-2067
-1230
-1130
-1672
-1154
139
1043
1927
1127
-37
608
1798
2670
1907
405
-434
-813
-151
772
-22
-654
436
56
-1313
-992
-79
-590
-1364
-1392
-2395
-1988
192
278
-247
571
1009
1640
3172
2833
1226
677
459
139
-407
-870
-550
-701
-1597
-1235
-228
848
1176
176
527
369
-686
-682
-1881
-3160
-2852
-1240
603
636
-319
-907
766
3966
3485
1356
954
162
772
1821
827
-111
-717
-683
-481
-749
-661
-949
-2285
-3092
-2150
-1187
-145
329
-880
-373
1764
2708
2336
1332
1242
1535
1246
1378
296
-1233
-1359
-1299
-277
71
-333
-47
-403
139
386
-423
-234
-474
-1931
-2343
-844
-248
-554
-1223
-2373
-368
3856
5089
2103
-506
775
2640
2204
459
-1181
-1762
-740
512
-231
-2083
-2279
-1437
-1440
-1188
-1063
-1431
-1211
-470
1706
2795
1895
1861
1263
1581
2539
553
-589
226
-62
-837
-944
-1054
-1192
-144
400
295
79
-761
245
465
-1637
-2343
-2604
-2105
963
2170
-1090
-2925
-261
3517
4304
962
-1117
1104
3920
2843
-760
-1738
-1025
-122
681
-344
-2155
-2302
-653
-260
-695
-831
-1666
-501
1488
767
-1087
-1420
948
2303
216
-713
923
2450
2341
837
505
1314
1066
755
460
-1195
-1905
-1250
-1689
-2018
-1779
-2184
-2534
-2355
-516
1295
-231
-1603
-382
2166
4463
2544
492
2690
3885
3135
757
-1744
61
1185
-1236
-2404
-2139
-1757
-1769
-2198
-2373
-2288
-969
424
-191
-1220
78
2349
2758
2168
1383
1357
2064
1509
272
-343
327
196
-968
-586
-886
-1179
135
222
-460
-268
376
-692
-2851
-2973
-1337
779
-611
-3887
-1490
3169
3945
736
-631
3558
5469
2659
-407
-799
1739
1252
-1857
-2768
-1832
-726
-1709
-3164
-2604
-1131
60
-119
-532
120
510
1026
1455
709
1553
2955
2020
1156
596
370
721
-67
-693
-306
45
-734
-1435
-431
-339
-1165
-726
-1231
-2848
-2707
-393
1217
-1602
-3486
73
2854
2256
-344
509
5154
4606
1300
925
2269
2307
-136
-1717
-2198
-2047
-1572
-3581
-4420
-1597
-959
-1397
-135
-60
844
1610
632
1304
2143
1757
1517
1720
1861
1206
72
-576
4
369
-434
-421
-109
-532
-170
-377
-1855
-2360
-2720
-4110
-2584
1538
201
-2691
286
3286
2791
419
1048
5180
3768
-15
546
1727
1196
-1220
-2242
-780
-704
-1980
-3199
-2293
-632
-1426
-1864
-1141
-249
632
118
551
2062
1423
892
1722
2004
2208
2024
1370
1085
1061
291
-1509
-1554
-218
-592
-2103
-2052
-518
-1131
-2739
-3052
-1668
721
-1683
-3705
336
2741
2040
151
2271
6826
3655
747
2340
2489
1018
-1905
-1799
-974
-2067
-1954
-2764
-1737
-694
-3017
-2770
-557
132
-1058
-999
1804
2285
1885
2196
1894
2980
2250
117
951
1505
-40
-966
-539
-41
174
-244
-1482
-1077
-1033
-3014
-3497
-3876
-1715
686
-3339
-2577
2653
2618
1481
1873
5186
5035
1187
1887
1828
1559
718
-2155
-1459
-1544
-1639
-1385
-2639
-783
-949
-3078
-2036
-64
86
-2005
-338
2415
691
195
1818
3229
2889
1323
1420
1739
1563
483
-418
307
-480
-1942
-2035
-1508
-831
-2286
-3276
-2427
-2211
-334
-1381
-3415
311
1727
922
1241
2732
4911
3218
2972
3367
2611
2165
-901
8
250
-2802
-2868
-3639
-3050
-3341
-3932
-1632
-844
589
-274
-231
2974
1368
859
2225
2028
1755
245
1215
2459
1548
1093
-170
65
741
-738
-757
83
-715
-2996
-3808
-3241
-3844
-1925
-1694
-3456
33
2148
1594
1064
2236
5152
3307
2371
3060
2397
1980
-819
-272
644
-1665
-1783
-1787
-1975
-3383
-3806
-1682
-1334
-1047
-1433
-655
1671
339
195
2255
3098
3063
1777
2112
2497
1448
536
-35
843
-339
-1907
-1641
-1328
-1276
-3690
-3003
-1859
-2981
365
-732
-2540
1434
1081
987
1801
1353
2937
1798
1588
2986
2530
1469
-515
149
26
-1828
-1227
-1113
-1513
-2106
-1934
-1566
-1539
-1228
-2534
-1166
876
-178
312
2055
3024
2191
1785
3057
2343
1300
580
130
654
-632
-1079
-479
-755
-1232
-2755
-2605
-3060
-2802
-400
-2618
-2429
650
351
877
1196
3040
4596
2297
2541
3434
2012
738
322
263
-877
-1206
-1801
-2329
-1596
-3148
-3524
-2178
-1584
-1737
-1820
1621
2196
299
2393
3024
2026
1560
1885
2614
1330
490
12
-407
-234
-1195
-1079
-507
-1089
-1881
-1865
-1223
-2826
-1699
18
-3219
-1649
1394
745
538
286
3116
3841
1569
2608
3214
2415
228
-341
1152
-804
-2248
-1593
-1629
-2300
-2885
-2343
-1923
-1344
-1965
-1871
1696
1989
686
2203
3246
2664
1325
2142
2673
1063
-125
-552
67
-1154
-1755
-753
-1321
-970
-1471
-1845
-1892
-2101
159
-1782
-3332
469
123
-1040
681
2367
3364
2648
3620
3639
1996
2029
476
491
485
-2296
-2931
-2423
-1972
-2888
-2931
-1157
-930
-645
-1200
-141
1799
720
905
1892
2011
1311
758
1772
1942
1474
1158
1232
758
-419
-439
-628
-1204
-2655
-3501
-3118
-3580
-1264
-1126
-4190
-1226
898
212
1773
2361
3546
4110
3814
3654
2007
2322
1315
-843
241
-397
-2517
-2520
-1847
-2746
-3664
-2499
-1666
-1497
-1616
-1102
1054
1159
493
1832
2644
2600
1924
2059
2532
730
566
1809
1201
-168
-1214
-1126
-1764
-2474
-2411
-2124
-2080
-2372
-528
-2097
-3830
352
1123
46
1262
2956
4019
2676
2817
2984
1932
1919
277
-777
-226
-1609
-2484
-1574
-1969
-2277
-2041
-1895
-234
149
-1253
-879
674
657
-210
478
1639
1707
1734
2245
1911
1309
1251
1274
1164
-181
-845
-259
-871
-2091
-2195
-2294
-3274
-1352
-937
-4258
-2297
551
-263
380
1596
2638
3780
3410
2374
2265
2435
1438
-351
-150
686
-1307
-2708
-1526
-697
-1616
-2073
-655
-291
-1525
-2012
-449
338
-1004
-375
1205
1463
1444
1798
2723
2826
2080
1156
518
354
-553
-1399
-1345
-1402
-1913
-2115
-2231
-2858
-1336
316
-1866
-1527
1193
375
870
2366
1920
2977
3089
1300
933
1258
909
-413
-935
-153
-204
-975
-2049
-2186
-1094
-1526
-2468
-1009
399
-1091
-1181
1317
1497
781
1379
1843
1615
637
216
839
1039
40
-302
321
255
179
-573
-845
363
-341
-1432
-1691
-1915
0
-5
-2444
-774
880
-1133
-626
1386
421
683
1949
488
1027
2687
1678
397
-495
730
1469
-994
-1304
-242
-995
-1216
-785
-1190
-1047
-248
-423
-479
-120
-367
-916
-617
341
607
1121
1403
1073
1466
1755
1260
61
-198
106
-846
-1124
-518
-592
-988
-577
117
646
529
-1426
-1427
842
676
-556
-657
-703
-711
-109
-777
-1128
1402
1633
-283
684
1780
1244
923
831
633
399
17
-772
-952
-729
-583
-153
-410
-100
-120
-930
-152
-223
-1033
-544
68
144
403
1504
1677
612
-154
-172
17
43
-117
-535
-227
-155
-212
768
323
-1500
-2001
-904
284
-220
-1088
-178
559
680
835
554
888
1372
1279
773
446
141
-285
-788
-1493
-468
-100
-912
106
480
-512
-608
320
369
208
952
1316
788
-502
-519
-342
-1604
-1745
-776
-410
-138
720
1339
1590
1163
720
767
-110
-203
143
-1176
-1811
-475
563
-245
-1154
-401
279
-650
-1395
-393
844
593
444
819
885
1772
1744
218
-476
-219
34
-108
-769
-1427
-652
-66
53
83
-935
-96
319
-720
-302
-402
229
880
-130
174
760
605
771
176
-964
-294
1471
530
-870
581
884
314
778
-202
-491
356
-470
-1517
-1243
-235
526
-89
-2113
-2310
-75
38
-1146
-623
144
1073
2084
1448
187
1097
2593
1761
706
-104
-332
655
-211
-1364
-1532
-2205
-2083
-374
775
-954
-868
1439
858
-317
-791
113
1163
281
611
157
-588
661
727
437
271
765
1158
-213
-247
-367
-873
-386
-961
-699
403
-139
-1174
-232
1118
-33
-1185
-920
-455
471
1196
530
-36
1161
1338
61
-139
-489
-813
-555
-753
-373
-7
229
808
646
453
604
972
411
-544
-581
-1070
-937
-658
-592
-237
-584
-478
-313
279
518
53
908
1364
1168
1127
1520
1113
-462
-404
-606
-1337
-433
-463
-1382
-624
155
-317
-518
-113
-195
-529
1013
1347
-587
54
122
-1038
727
1345
-546
-454
471
-236
-390
-4
196
860
268
-157
1065
29
-1167
687
7
-1374
571
536
-850
-477
-104
-399
-665
179
865
487
441
490
203
-261
-260
104
-291
-285
93
-142
203
609
338
251
96
-295
-268
-533
-1055
-1015
-1073
-513
212
287
755
648
-259
-392
725
343
-353
1669
994
-1100
233
711
-419
-7
838
-301
-662
427
2
4
568
327
252
148
-470
-749
-561
-1185
-1581
-911
-434
-34
891
811
710
1489
398
438
1022
-710
-270
419
-332
-377
-1275
-1280
261
377
290
978
696
12
-527
-402
86
-317
-623
-375
413
511
-32
194
-330
-596
94
-340
-323
571
41
2
1222
1158
513
190
-252
-561
-615
-1005
-1399
-1057
-649
143
781
561
629
1108
801
193
1183
1424
-15
-608
-335
-113
-844
-809
-19
-498
-500
73
123
-42
-266
213
538
-252
-496
-532
-694
-489
-705
-305
299
892
978
1070
2343
662
-706
629
-422
-1271
-277
-10
-868
-1085
33
219
-675
-1035
0
333
-839
-464
293
111
1035
1657
917
1299
1300
-492
-160
391
-1228
-1027
-369
-841
-242
617
212
-234
896
885
-451
-168
82
-496
-467
-515
-821
-249
-20
-262
16
245
501
132
116
436
375
934
466
-473
-272
448
108
-1092
-580
7
-353
-313
-58
55
-683
-830
-38
233
796
1188
661
331
403
575
187
-313
27
-234
-597
-203
76
299
-77
-164
-98
-803
-597
-124
-532
-677
48
493
383
748
1096
884
420
293
55
-374
-459
-605
-603
-701
-165
-315
-1267
502
885
-1096
-380
757
304
271
1009
1119
390
161
345
-282
-854
-509
-736
-779
46
224
92
285
345
115
72
214
550
499
-209
-184
-175
-606
-449
-252
-202
-80
-245
-48
535
-142
-256
465
-193
-3
470
127
425
477
397
176
257
955
153
-808
-383
-569
-1068
-1159
-1074
-546
-196
529
410
-304
1068
1190
321
1194
935
189
-221
-783
-429
-540
-721
-266
-49
-157
-683
192
879
15
921
1040
-458
-17
39
-1242
-1301
-156
98
-273
506
781
192
460
627
-93
-227
188
-285
-33
358
-522
-184
43
-133
322
-524
-563
197
511
991
100
-192
-105
-907
-317
-226
-707
-487
-556
19
268
78
620
864
1260
1336
234
90
493
-388
-1014
-1045
-816
-260
-679
-387
826
949
662
190
394
362
-153
374
-255
-738
-289
-931
-1211
-950
-244
135
13
495
183
191
828
830
1213
738
-283
10
188
-250
-176
68
8
-50
-265
-378
-557
-715
-128
-22
-451
-644
-276
324
-62
108
802
520
361
758
768
-17
-344
-435
-907
-756
-8
525
342
629
1088
510
-57
-134
-64
-539
-697
-339
-577
-439
-294
-283
-36
187
548
88
-218
-140
-340
72
258
159
-26
-168
-146
128
1138
472
-259
865
322
-372
-21
-657
-591
-103
-510
-284
239
0
-163
419
795
246
-415
-482
166
62
-139
644
264
374
929
-156
-168
447
-248
-640
-571
-1040
-867
-367
-661
-350
627
970
284
138
816
236
-143
596
151
-318
250
-643
-1160
-136
-667
-519
691
-13
-18
771
-422
-457
1116
695
389
624
95
410
201
-524
-243
-73
-168
241
75
-403
127
-387
-493
653
-551
-1048
-19
-476
-152
229
-185
657
715
-281
-46
390
172
270
779
380
-783
-815
17
-402
-1365
-476
152
-497
347
1202
1079
1285
706
260
458
-645
-1046
-14
-558
-1053
15
8
-818
-530
299
212
-232
574
1240
738
139
-426
85
793
70
-226
22
-441
-636
4
-208
-1051
-438
258
80
342
467
-26
-142
175
457
400
-7
136
239
-213
-217
-111
-24
-238
-884
-505
123
-406
-250
707
-125
-533
587
171
198
616
-108
340
255
-248
488
303
-396
-272
48
173
48
-141
183
-117
-338
503
-204
-721
-19
469
523
-708
-296
776
546
947
832
714
213
-611
121
-871
-2702
-1519
-1875
-3651
-878
1708
1131
895
365
1059
2809
2920
2275
1077
-311
-1376
-1468
-147
396
-461
-2205
-2705
-456
104
-368
568
104
-261
26
890
2532
1392
-598
-445
-60
-310
129
340
-538
-427
-131
-22
441
677
514
-715
-610
430
133
735
856
-667
-467
-333
-1350
-1153
-2485
-4012
-1268
2655
2712
161
-535
511
2864
4862
3663
1363
-690
-2433
-2138
-1
372
-1703
-3582
-3775
-2005
172
1465
923
91
387
401
1781
3684
1677
-1514
-943
196
280
568
-176
-701
-1286
-843
1617
2834
2171
384
-445
-216
-471
-684
-2004
-3333
-4281
-6258
-4407
1122
3554
2218
-815
-393
4861
8014
7448
4325
805
-1123
-3079
-2448
-178
-2265
-6751
-7649
-4260
-612
1430
2426
2256
1299
1303
3740
6055
4629
-453
-3749
-2662
-1384
-243
-320
-2181
-2695
-1253
1735
3073
3591
3092
-404
-1173
708
999
-879
-3175
-4718
-6312
-5479
-1805
2243
4064
1221
-1667
1712
7774
9158
5715
1622
-1772
-3861
-2513
-824
-2707
-5539
-7210
-6104
-1025
3235
3672
2186
920
2586
4602
4985
4859
1032
-3690
-4552
-2769
-695
-741
-2872
-3645
-625
2268
3179
3757
3490
1874
-1046
-914
1530
-173
-3968
-5096
-5191
-5955
-3649
1553
4383
2555
-896
588
7026
10374
6695
597
-2145
-1984
-2481
-2688
-2603
-4000
-5915
-6592
-2352
2788
3436
2102
82
1095
4324
5130
4048
1501
-1705
-4655
-3223
1010
85
-2374
-2445
-1207
1635
2897
3212
2946
96
-364
1282
935
-329
-2378
-4662
-5400
-4590
-4378
-2987
1100
3862
3389
771
1809
6403
7956
6107
901
-2888
-1636
-1303
-3970
-4805
-3265
-4458
-4593
-118
3263
3252
1137
368
1842
3527
4366
1862
-1250
-2293
-4950
-4649
1008
1486
-1666
-1462
826
4318
4776
3577
2353
-329
-103
-1060
-2407
-978
-3969
-6825
-5007
-3350
-3262
-2089
3318
7065
4479
1736
2871
6313
7617
3721
-1094
-3314
-3681
-2708
-3881
-6012
-5044
-3550
-2817
-213
5324
6102
704
967
3730
2057
2475
2496
-2103
-4336
-3520
-2554
-875
-413
-1087
-763
1050
3433
4131
3107
2101
412
-85
816
-933
-2261
-3155
-5515
-4333
-1004
-2345
-4892
-269
4749
4776
2797
323
2914
7217
7622
3219
-2680
-3042
-2559
-3855
-4197
-3760
-3376
-4804
-2908
2147
3670
3900
2006
-515
2950
4276
1350
192
-1599
-2673
-4022
-3288
1147
381
-2170
-284
2676
4125
3598
2131
831
270
-192
-906
-577
-1049
-4185
-4721
-1822
-1162
-3058
-3204
2293
6588
3835
570
-276
1153
4099
4844
828
-3632
-3224
-2529
-2567
-1199
-1041
-1632
-2140
-1208
2312
5119
3696
-467
-1548
719
2504
1962
-1595
-3112
-2715
-3526
-49
2647
464
364
343
670
3937
4186
-65
-1570
396
-379
-1002
214
-1276
-3678
-3692
-2104
-1116
-2342
-4457
-1394
4840
5801
2109
-1691
826
6948
7369
3418
-1979
-3621
-1632
-2712
-3353
-2696
-3549
-3624
-2275
667
4990
4950
-225
-1097
1494
2554
3375
864
-2567
-3399
-3158
-685
1073
585
-1099
-2789
292
4376
3640
1304
599
532
188
1269
-86
-2983
-1677
-2066
-2099
873
-217
-4228
-6233
-1073
4934
4082
1167
-2557
-1660
6368
10444
5131
-2292
-4291
-3029
-2206
-1598
-1194
-3504
-6163
-3042
2580
5671
4146
-592
-1566
1053
3792
4806
964
-2852
-3828
-3641
-202
390
-1655
-1008
-2639
-1158
5506
5292
196
123
1166
191
2066
1626
-1787
-1964
-2429
-1740
717
-1867
-6310
-5527
39
5323
4402
-856
-2531
1229
7166
8510
2419
-2955
-3155
-2088
-1593
-1967
-2953
-3450
-4010
-1835
2967
4313
2568
275
-924
2200
5478
2620
-1542
-3046
-3504
-1851
189
819
-1166
-2419
46
1251
3523
4152
-88
-1683
-555
1956
2151
-1361
-2360
-2104
-1871
-507
-26
-1314
-4422
-5640
-310
6046
5671
145
-4165
-427
8258
9707
2384
-4872
-5019
-1174
-420
-1772
-2528
-2571
-3902
-2194
4455
4867
1482
127
-1063
1338
4125
2617
-2145
-5006
-3487
-1315
288
460
-106
-1475
-641
4237
4919
2388
-50
-2253
206
1377
-362
-127
-1571
-2465
-995
-450
-330
-193
-2291
-5284
-2060
2595
4035
3649
-2623
-5070
2641
9882
8123
-652
-4727
-2639
-288
942
-1551
-4800
-4375
-2894
379
4188
2514
-772
-1631
546
5133
4647
31
-2569
-4116
-2965
914
873
-834
-37
-889
329
4257
3439
714
-1050
-1231
1771
2089
-2042
-3254
-1265
-1267
-363
1453
-257
-1360
-1367
-3274
-3522
-916
1966
2568
79
-2367
282
7626
10040
3585
-2244
-2548
-985
495
-838
-4365
-5081
-3438
-1427
392
935
450
-589
-134
3146
4454
2132
-254
-2713
-2461
785
736
-968
-617
-257
256
2863
3573
936
-387
-522
13
-65
-1025
-1547
-2688
-1346
509
665
1367
158
-1419
-599
-701
-3560
-3389
394
1985
1782
-554
-2238
2163
8155
7261
220
-3355
-1559
784
500
-3483
-4630
-2261
-2485
-661
2593
1302
597
1689
1361
2036
2965
251
-2806
-2859
-2042
-734
-1295
-2754
-981
754
1693
3963
3728
1245
1513
1636
574
347
-1843
-2476
-11
-740
-2409
-813
-343
-1234
-1374
-1364
-1397
-3374
-1964
3124
4405
1654
-2047
379
5337
6154
4425
-1793
-4573
213
1709
-2484
-4778
-2936
-2582
-2713
333
2383
1112
-49
1026
2012
2274
2321
-458
-3120
-821
1729
166
-874
115
-1073
-407
2553
1318
120
215
-511
122
358
-252
-1495
-1798
-334
228
447
774
676
-16
-52
98
-2013
-4125
-3982
-233
3171
1151
-1349
-1805
1145
7626
8260
943
-4139
-1805
2106
2208
-2240
-5204
-2274
-1686
-1259
2285
1015
-603
-186
111
2328
2034
-1179
-2934
-2252
-100
1413
222
-1655
-438
910
1682
3082
2049
447
439
1056
1310
-253
-2421
-2757
-1611
-314
564
116
-381
613
1589
484
-1321
-2416
-4186
-3446
143
2676
2183
-2538
-3734
2649
8000
7175
917
-4073
-301
4561
1681
-3273
-4988
-3446
-1411
134
798
-1320
-2105
-824
1625
3915
2367
-809
-2997
-1034
1832
755
-618
-972
21
1704
2831
1544
-1368
-90
1864
1072
335
-917
-1709
-2215
-2166
-23
1
-1506
160
1783
1046
1046
303
-1803
-1241
-1909
-4343
-646
3537
1345
-1865
-2770
1558
7761
6150
638
-1417
274
2305
285
-3719
-5371
-2826
-1383
-2532
327
658
-3374
-1055
3490
4038
3468
837
-248
1804
1272
294
-1016
-2244
-1163
-1014
-391
811
90
-890
609
1759
128
-333
-118
-358
-11
-89
-617
-363
364
173
-373
-584
-257
-180
-1781
-4166
-3343
117
2958
3419
-892
-1781
4451
7768
4306
-949
-1885
1494
3993
1016
-3786
-5745
-4618
-2456
-2148
-882
-1082
-3701
-2396
3009
4409
1083
729
418
1364
3162
529
-2330
-1498
2067
1059
168
2298
1054
1221
1941
35
-1825
-1792
-1501
-1920
-893
-285
-984
-693
942
2354
1737
-221
277
-531
-1531
-1073
-6469
-5125
1249
-521
-1586
-1326
1090
6889
8708
2968
-837
3446
3930
2543
803
-3861
-3924
-2780
-3009
-2059
-1880
-4979
-3742
1907
1580
570
925
1138
1612
2300
2888
150
-760
-141
1765
1191
-3203
-1000
430
-1085
611
1371
-1442
-2443
453
863
523
-286
66
1905
2440
2711
410
613
1236
-1896
-4709
-4667
-3881
-4554
-774
2157
263
-2545
-1132
5522
6961
2917
-1414
1014
4901
2201
295
-858
-1734
-2198
207
897
-2584
-1504
-2806
-2329
1635
-1556
-2860
-803
-357
1976
2761
177
156
3242
2187
-922
1823
2060
-1399
-585
197
-442
-2934
-2509
508
419
800
-1332
17
3211
652
383
-1496
-2798
1026
868
-2042
-2421
-2949
-3541
-295
3979
4351
-242
-2780
1566
6913
6412
-511
-2729
694
1808
818
-2258
-4139
-3372
-574
891
-1936
-3026
-2793
-1853
2083
2672
230
535
727
2266
3298
-683
157
914
-1788
907
186
-2156
283
2086
726
-1019
1631
676
-2725
216
1758
-941
-2611
-530
490
-2604
-2457
771
1499
367
1196
2535
-363
-719
1356
-1493
373
3459
-1912
-4660
-1370
1405
1162
-158
-1506
-895
2400
2962
2699
353
-3177
-716
2102
341
-1797
-586
-1531
-2372
1496
-301
-3305
-28
3275
2902
823
1502
1460
-85
-574
-1824
-1685
-1701
-1117
1042
-249
51
1121
-436
958
877
533
938
-1464
729
2639
40
-1132
-934
992
646
-1831
-448
176
-1797
-2349
-3117
-2438
-535
-258
468
-808
-333
4782
5222
1359
71
3058
4548
214
-1745
-672
-1596
-1143
-1453
-3055
-2407
-1850
-651
1554
1200
-901
190
1888
375
-805
-188
1373
-381
-798
1303
-1142
-303
1305
890
702
-870
1555
-52
-1871
473
-2387
69
2657
-703
2230
2452
-1354
-18
-271
-1105
505
-160
-1994
-1917
-86
-388
-2228
-1178
-842
-1675
1274
1670
-1319
418
2180
2503
2868
2016
1756
502
1175
1198
-1623
-1959
-1934
-2372
-2264
-1072
-1519
-2693
-192
1280
1403
835
1206
4071
2801
-24
216
3
-1768
-2189
-1397
-1734
-660
534
-6
1505
1866
-246
146
1491
757
-881
-29
965
-630
-142
-803
-2638
-316
-713
-1539
1615
380
-1031
1542
1577
511
-128
354
1577
-759
-2026
110
-1826
-4340
-488
939
-469
2637
3546
1187
1860
2732
-823
-1060
2030
-923
-1122
419
-2129
-1414
-1128
-2344
-1230
-327
-1013
-857
1404
2193
762
559
1698
445
-147
1177
-105
-1074
-599
797
1321
-792
-554
77
-1141
-574
304
483
507
234
1040
445
-557
769
-397
-845
360
-1836
-1857
-388
-738
29
1361
1085
-760
-38
903
-615
473
1174
-1143
-685
1917
560
-1879
-328
572
-703
-71
798
-206
415
1434
53
801
1106
-976
-799
-459
38
-278
-1070
405
-49
73
830
-674
-923
-532
182
-755
-898
740
-869
59
1724
636
1272
1878
1131
238
894
-721
-1413
857
-2279
-2903
88
-430
-1580
-1704
1238
1812
-64
1449
2261
1108
166
461
-106
-1463
-563
-956
-1930
-882
-1358
-1719
82
1444
492
-219
2848
3125
-109
1478
2333
-1381
-443
1295
-2508
-957
1499
-2332
-2254
-506
-178
-1187
-1643
1610
763
134
2480
929
-245
720
524
-1107
-780
211
-991
-21
1403
194
-861
39
1269
-208
-982
-292
-606
-131
-75
-134
-514
-539
935
415
293
685
851
1266
-480
-689
-61
-426
-66
-279
-1360
-1468
498
561
-138
827
611
217
-312
-148
164
-742
239
869
-331
-7
632
-346
-1042
402
1699
162
65
1762
-601
-1812
801
-191
-1855
-704
-337
-544
-920
-50
524
-281
1322
968
12
1365
406
655
1155
256
404
-992
-1569
-669
-1453
-860
41
-942
522
378
-873
1712
1566
864
1310
60
-103
-666
-803
-537
-1260
-1265
-239
261
-1395
-570
1317
-97
-71
330
333
1511
1515
609
-151
1629
1787
-1289
-825
-171
-1676
-1872
-838
-1257
-1819
816
1360
84
1587
2280
965
860
1505
-686
-2168
-391
-1129
-1706
38
-1105
-575
1584
740
171
34
981
511
-825
687
241
-505
-62
-347
-483
292
778
-1020
-509
193
-1200
-755
177
1047
452
108
999
-70
-851
559
1418
107
65
524
-42
-173
-1389
-1211
-87
60
385
-352
294
452
-1427
104
929
-405
789
715
-86
716
270
-325
371
93
-724
-33
-661
-776
-22
-1933
-1392
664
716
564
824
1568
1526
1064
-217
-1011
-210
-643
-1755
-1148
-567
-769
344
141
505
1723
1074
1721
872
196
657
-971
-1185
-554
-1156
-1662
-431
-348
-490
1034
602
783
821
73
9
-242
725
-199
-798
878
26
-1391
-486
635
-320
-744
277
403
207
-214
-53
535
296
362
517
-466
-299
685
-594
-254
873
-27
-373
-1036
-789
-324
-76
437
74
893
721
366
608
335
351
-934
-425
253
-210
490
-536
-672
393
-364
-1070
-219
708
-887
-859
1556
231
-1142
393
1116
391
-667
247
285
-988
481
-153
-1270
1229
871
-968
599
1520
170
-280
139
86
-8
208
-187
-709
-111
-357
-1161
-436
147
-526
-296
780
-500
-1075
837
1279
962
-184
36
2106
194
-797
1077
-297
-1233
-584
-1310
-1078
-213
-649
-926
522
1231
481
799
919
905
511
-39
435
-689
-1386
-1041
-344
169
-752
242
493
275
810
-177
311
157
-195
563
265
66
141
856
-350
-1581
115
-700
-2102
306
1447
-575
-76
1280
-494
-516
1004
690
665
790
-312
-595
468
-674
-1686
-172
-473
-487
462
-361
-170
789
1225
1016
14
232
664
-992
-1501
123
20
115
690
249
856
515
171
481
-1344
-1414
67
-1229
-1067
950
364
-624
-326
522
-167
-796
1748
1766
-730
-302
757
-343
-733
675
992
450
-1569
-1818
792
-183
-501
1122
925
1152
461
-187
-270
-312
520
-483
-1794
-1452
98
-219
-2268
194
1341
-625
1152
1625
-53
1030
2094
676
53
801
-175
-1608
-1082
-919
-2288
-994
328
-627
393
952
1317
1760
-39
-1269
-744
979
597
-473
786
-6
-1247
382
847
-658
-45
287
-1551
-342
1151
-895
-883
1358
405
-964
521
765
-237
-6
1413
2108
-833
-1572
678
-1459
-2540
-252
136
278
179
-187
421
704
818
173
110
1656
1149
-50
70
-669
-512
379
-924
-2112
-762
-269
-1703
-124
2058
1290
1107
529
-226
277
-712
-1415
-403
-48
648
1277
-305
8
1190
-109
212
-531
-2243
-90
602
-1019
65
857
-668
-803
969
2095
-305
-943
2024
704
-735
-626
-373
424
-1264
510
1701
-719
-449
-970
-1624
-921
-296
-355
-765
760
891
-44
2035
2504
427
1948
2172
-1059
-281
94
-2045
-1900
-2380
-2015
364
-638
-1491
283
358
-48
-261
706
2528
2354
2115
1099
394
-277
-2181
-767
-838
-2570
-423
401
-710
-234
944
1151
764
694
1287
1041
-706
-239
-315
-1697
-1608
-1137
1401
686
75
3513
-355
-2334
2022
-754
-3488
45
743
-2704
-1161
2853
118
-613
2873
1976
128
385
603
-805
-1243
-733
-1298
-793
-1068
-436
653
1180
2681
1242
1405
944
-2171
-907
-114
-825
-1516
-1368
-859
-1379
1023
288
-1024
1457
319
-248
386
346
505
-320
1408
672
-1234
1599
1948
1077
1122
-147
-242
-616
-1079
-1665
-1952
-652
-1398
-1187
678
280
176
485
793
-174
-764
1509
-87
-1197
1322
-39
-753
1055
1486
416
162
1633
702
-14
-11
-1370
-615
-1014
-2091
-566
-598
-1042
723
2002
766
-1664
-953
941
-976
-1078
2420
1774
-33
2195
1735
-1330
-583
-168
-1574
-885
-898
-1812
-652
-357
-1278
-173
1572
2030
1716
1889
1740
1032
808
-1103
-1956
-182
-914
-2103
-595
-415
-1642
-301
498
160
1443
1774
1784
736
-583
-140
-852
-566
-568
-964
975
-5
-2040
-609
1779
1555
-362
310
603
-56
282
-858
-183
362
-2503
-1243
2060
349
-817
1532
1482
-126
303
-594
-2276
-1490
-310
-1012
-941
1320
794
572
2300
1005
790
650
68
136
-949
556
-712
-2945
112
545
-1141
286
1235
-46
812
1208
-334
262
-153
-145
101
-1486
-868
-570
-1078
268
845
-197
-267
254
347
579
221
563
580
-600
-81
1058
377
-748
511
827
-1291
-879
-165
-1079
-288
616
-30
306
1556
745
-566
292
103
-581
0
-1443
-1160
564
-1152
-1386
127
318
439
781
1212
926
565
1314
1506
88
-479
-608
-1433
-660
-224
-195
553
-632
-1131
347
1111
193
-968
337
367
-891
9
-83
-125
0
15
716
-212
265
607
-680
480
1148
-172
-449
329
37
-893
-677
288
228
-965
222
1110
-1076
-730
423
280
917
-490
-988
342
-188
459
1041
492
1191
403
-569
-117
-741
-935
-819
-875
-72
-452
-548
-166
-256
754
743
377
483
531
427
-195
1201
1630
454
232
-550
-95
53
-1018
-987
-1031
-927
-991
-999
184
674
566
1160
568
-684
-180
377
1
-286
-57
74
-866
-956
223
469
176
626
1287
1443
1185
1013
565
-904
-748
-423
-2058
-926
-106
-1264
-455
-483
-560
-57
32
1026
943
1448
1648
-862
-357
550
-1256
224
1082
-730
26
270
-1136
-400
1293
862
-222
449
766
-386
-864
-792
-1093
-523
71
-739
-830
702
1076
-134
-151
-130
-462
1033
1132
365
1386
-111
-1223
605
-21
-329
765
532
-160
-1172
-313
643
-427
-1078
-583
422
401
-342
-633
411
187
-1738
-341
575
-462
453
612
231
706
507
-176
-494
2
395
503
1180
1046
537
767
-141
-983
-818
-1626
-1816
-593
-905
-1392
113
814
944
1254
1315
2239
1695
221
710
553
-1498
-1880
-1137
-1768
-1724
-967
-766
-552
38
805
1466
1411
841
1164
168
-233
1380
175
-896
182
35
-1033
-248
921
-426
-463
242
-537
-688
-515
584
655
-564
149
192
-547
226
597
155
-250
-406
-506
-754
-1042
-501
880
520
197
892
420
584
742
223
779
981
-41
196
241
-1573
-862
-102
-1080
-460
-942
-1683
-842
309
897
445
834
1009
864
1446
1138
548
-190
-884
-1025
-1595
-2183
-1376
452
750
727
1473
492
-46
600
57
223
777
-86
-400
-67
59
136
-695
-671
-182
-1187
-652
227
60
344
-27
1087
1257
-469
393
104
-431
-151
-1516
-69
692
-712
510
468
-274
929
1563
1020
-701
-992
409
-326
-1851
-584
1229
-794
-1438
1090
2
-822
448
196
153
443
424
-645
-630
238
58
718
-29
230
1311
-42
199
297
-136
99
122
76
-814
-367
-551
-664
707
-71
-391
35
56
-5
-461
218
290
-249
-28
313
352
106
190
20
343
24
-1356
-1016
-589
-506
-51
250
606
909
1462
957
871
1355
243
-447
-325
-495
-1767
-1635
-8
-916
-1206
-126
-152
338
1043
700
721
1194
585
472
120
-643
-141
-716
-1140
-305
-62
-88
-355
-687
144
1455
590
-8
826
-459
-565
856
-53
-50
598
-286
103
900
357
-459
-686
-621
-1270
-906
7
-544
9
790
-344
127
1023
-208
313
1005
13
-135
-400
157
481
-432
260
936
-228
-942
410
60
-1365
-133
60
-386
611
674
186
265
215
-31
41
-208
-392
-269
47
688
-357
-1332
-243
-434
-617
664
817
452
-292
-70
471
-497
342
1025
-21
-149
238
149
-84
249
182
116
-380
-641
136
-428
253
848
-1181
-1051
231
-485
-647
-182
-58
723
-337
-162
2867
806
-688
2206
272
-1827
-167
-199
-1059
-766
372
-203
-1076
441
439
-786
-244
729
311
-11
760
1057
495
-583
-565
82
404
-527
-1526
357
31
-1280
664
866
-257
422
704
-490
183
1071
-851
-830
1182
243
-1123
503
123
-1793
788
1842
-1384
-560
1221
-799
-760
64
-345
753
1173
-143
-134
878
-814
-562
1068
-836
-693
-327
-642
20
-101
439
-135
401
579
156
2047
-86
-1477
907
124
-1431
-1108
23
262
66
1283
1401
769
1023
-228
-1256
-675
-1199
-1542
-889
-602
-392
-648
-577
647
1273
1386
1399
832
776
-391
-1296
584
165
-1025
803
815
-699
50
829
-62
-140
-132
-1073
-638
-332
-1187
-690
541
-112
-459
1550
1728
-18
65
906
-365
-1804
-617
-87
-705
-85
957
657
-399
634
1066
152
491
321
-439
-1014
-196
618
-675
-688
57
-661
240
1759
2
-892
901
131
-1497
-294
277
-609
152
400
-278
-34
-208
30
-130
-722
285
710
230
608
1208
1090
-129
-761
466
216
-1273
-1063
-806
-721
17
571
240
188
1432
743
-1140
5
716
-807
-473
187
-129
231
37
-599
27
472
-816
-401
478
-364
342
602
421
885
118
91
224
-231
-79
-655
-659
244
-768
-1113
226
166
200
984
472
-158
440
496
224
-272
-953
-385
-804
-1064
-354
-516
151
710
999
1471
1121
1421
1089
-737
-430
277
-1283
-1651
-1287
-987
-82
-509
-171
1193
465
124
1460
760
-215
414
-201
-596
118
139
-286
-104
234
-439
-620
-84
-177
-216
-25
2
385
397
-257
448
967
-606
-756
1170
813
-500
670
772
-449
-360
-954
-1199
-173
-475
-928
-243
-158
-431
-153
389
808
720
567
550
626
933
574
-135
106
-126
-1007
-304
-234
-2023
-1261
720
-312
-571
1239
1125
532
1508
1851
468
-185
279
-421
-860
-1054
-1905
-1223
-659
-1075
-600
421
1281
483
-92
1033
775
305
479
-168
-101
328
-256
-66
413
-451
47
847
-168
-423
178
52
-1087
-846
285
-193
57
475
-77
591
1190
90
119
690
-749
-1056
-664
-1512
-1469
-273
276
-148
730
882
-40
1161
1162
-106
286
592
332
634
844
135
-364
-205
-378
-997
-1595
-1647
-485
485
158
420
668
253
-285
-925
244
1007
-184
17
646
82
-238
-353
-253
230
153
142
327
249
244
248
517
194
0
376
39
-262
-997
-1141
-340
-501
-674
-491
473
793
-273
348
1256
748
94
-252
-466
-252
205
-781
-940
405
494
9
-231
498
187
-632
503
214
182
800
-151
-116
-133
125
273
-915
-342
58
-1041
-751
160
82
233
635
266
792
883
-13
569
227
-555
167
43
-315
-181
-825
-1038
-238
146
191
94
216
643
-41
-762
-684
-456
427
691
125
342
402
-20
-433
-339
467
-113
-383
642
445
497
491
-151
-280
-654
-338
52
-661
-669
458
516
-806
-95
1459
247
-548
558
331
-963
-494
640
-496
-1061
64
-343
-424
1205
1486
386
590
268
-1099
-214
269
-522
7
117
11
272
-94
-138
260
100
-815
-921
-204
-219
-379
-345
496
989
225
877
1229
-74
-409
160
195
-442
-813
-610
-31
-348
-1228
-834
-241
87
588
912
660
1022
1518
183
-81
75
-683
-291
-344
-252
-335
-770
435
578
-125
48
-229
-378
23
97
-23
27
216
865
529
-577
-39
-185
-1362
-872
-363
-630
-443
427
1251
913
599
1258
1158
38
-367
-476
-1019
-481
343
-284
-479
80
-930
-993
965
-22
-928
1502
1771
482
-95
-457
-22
-685
-909
175
-283
-135
490
-419
-510
-238
22
114
-565
617
644
-533
866
379
-306
964
423
550
1039
24
-571
-349
-88
-586
-266
-200
-1132
-280
-355
-1322
-362
-366
-804
530
991
237
900
1713
1438
1313
622
-500
-716
-438
-1486
-2407
-1545
-1858
-512
2949
2598
709
35
650
2261
1806
-1170
-3123
-2117
-1034
-92
491
-1211
-699
2238
2369
976
-202
-2087
-1743
713
122
-1411
-368
1269
2677
2345
512
-231
-581
-663
-759
-1574
-2144
-1284
525
720
149
-15
-27
391
889
1053
-42
-162
837
1414
1262
-858
-1487
-628
-731
-569
-654
-849
30
1147
1041
1213
1063
78
-80
-281
-520
-2024
-2840
-2581
-1689
3071
4307
1420
215
-753
1637
3026
-1069
-3436
-2757
-934
1144
1157
-94
-1242
177
3219
2128
-999
-2225
-1810
109
666
-1445
-1710
698
1197
773
720
-348
-912
297
1887
545
-883
311
1366
1571
245
-626
-255
-591
-542
42
-425
-1228
-185
1143
857
-149
-521
-472
-1263
-2314
-1840
-849
-3094
-1151
6453
5182
33
-545
-1122
611
2456
-577
-4283
-3764
893
3864
2675
836
-681
605
2951
530
-2753
-3914
-3336
-289
1743
248
-1351
467
2473
2703
1183
-2095
-2854
-1049
154
134
-401
-101
1353
2539
1902
31
-1436
-1230
-158
302
150
-376
-462
913
1868
632
-867
-1007
-134
-401
-513
-162
-919
-944
-1182
-683
-2553
-2073
5186
3440
-1023
-100
-563
2388
3795
36
-3628
-3727
-61
907
986
1016
-1202
758
3557
1318
-557
-2364
-4147
-1580
505
-720
-821
1164
2252
2051
1635
-684
-2381
-595
644
184
-30
-276
66
1352
2014
799
-1022
-1104
-152
-213
-367
-379
-855
916
2319
504
-599
-648
-515
-837
-1449
-2001
-2262
-2299
-2737
3316
7941
2022
-1128
-1702
-1238
3822
3596
-1877
-5702
-4098
1564
3173
1715
-446
-1756
1335
3541
2178
-1771
-4634
-2775
-918
890
746
-1425
-192
1231
2065
1185
-458
380
-636
-272
1358
248
1179
1524
440
137
-1754
-2049
-1070
-364
84
-635
108
937
1707
2009
349
176
-674
-1962
-1133
-2000
-3142
-4651
-3985
5314
9321
3266
-843
-3566
-823
4439
2737
-2533
-6801
-3260
2224
3737
4542
-232
-2905
942
2903
1539
-2267
-4539
-4364
-1973
1142
1279
677
-218
941
3058
1479
6
-486
-1223
-578
1349
1959
135
-841
-91
465
811
753
-592
-1630
-1270
311
1033
192
284
-662
-854
317
-379
-2321
-3971
-3485
-5125
-96
10909
7824
1780
-818
-4092
560
3910
-75
-5171
-6645
-1858
3179
5887
4552
-1353
-1892
1361
1907
1993
-2057
-7584
-5716
-260
1073
1651
3285
823
-331
1772
2389
705
-2114
-1119
291
-194
1512
1392
-1162
-1210
-690
-539
527
317
228
387
682
1766
1440
293
-496
-797
-1791
-2514
-3731
-5485
-6494
-3018
8428
11285
5882
2262
-4176
-2391
3690
2637
-2092
-7322
-5910
-1182
3205
6823
3172
-1966
-1837
600
2555
1034
-2924
-5698
-5354
-1574
2563
5236
3041
-1164
41
1918
1503
591
-1101
-2765
-2487
1041
2965
1347
-93
-856
-594
675
1431
639
-1427
-1755
-806
783
2537
587
-813
-1274
-2546
-2034
-3210
-4453
-4819
461
9799
9216
4217
-1389
-5298
-997
2342
1479
-2263
-5538
-3984
-849
5254
7894
2587
-664
-1265
-1135
571
686
-2999
-7039
-5422
-1571
3128
6434
2761
-389
-640
-160
1856
1860
-567
-3096
-3161
-773
2100
3478
1999
-739
-1749
-149
1195
1356
816
-1138
-2927
-164
3127
1275
-454
-1963
-4134
-3660
-2377
-3910
-2032
6404
7086
3435
1995
-1533
-858
630
1235
749
-3865
-4841
-2683
575
4732
5025
2523
-397
-2033
-1453
-681
-896
-2909
-4360
-3162
-801
3413
5552
3329
930
-559
-121
1072
1455
-200
-3637
-3265
-734
625
2566
2517
-250
-2125
-819
1523
1125
700
467
-1210
-984
757
1284
-230
-1012
-2753
-5480
-5133
-4327
2044
7810
5738
4816
-212
-3310
1530
2677
1463
-1254
-4181
-4818
-3276
2840
5717
2896
826
-1079
-2441
-1070
200
-895
-2524
-4268
-3712
1016
4648
5177
3616
422
-1958
-1911
313
737
-1261
-1990
-1821
-807
1678
3600
3253
830
-1696
-1890
-465
680
813
-104
-770
-1240
-9
1407
291
-295
-2144
-5003
-6835
-4965
3365
7508
7100
5098
-1711
-2490
1071
1926
2727
-347
-5009
-6784
-3895
2346
4925
5417
3232
-2433
-3648
-1226
298
-44
-1496
-3319
-4742
-1057
4255
5553
4295
658
-2979
-3494
-193
2593
1532
737
-1139
-3307
-411
2789
2367
646
-1410
-2600
-1341
885
1524
1782
900
-1370
-561
740
690
1071
-1058
-3870
-5162
-6433
-4177
3218
8241
7629
4063
-1416
-3402
-704
2142
2865
682
-2979
-6331
-4725
278
3278
5195
3711
-495
-2348
-1738
-363
850
522
-2339
-3860
-1835
69
2426
5078
3019
-900
-1572
-986
-815
58
1340
402
-1685
-1818
-1031
361
2073
1331
-229
-37
-638
-574
2077
2754
1267
370
-908
-2222
-1657
-68
-427
-2573
-3522
-4738
-4419
2009
6786
6589
4681
-961
-3485
-160
1934
2980
2232
-1950
-5655
-5879
-2395
1635
4335
5538
1940
-2254
-1823
-1225
-160
1716
-268
-3234
-3073
-1579
667
3323
3492
1788
448
-880
-1816
-892
816
454
-659
-1100
-1568
-449
946
1337
1899
1052
-715
-899
179
754
664
459
-393
-892
-489
-434
67
1096
38
-1946
-2190
-2568
-3251
-1899
1449
3222
2461
2832
1736
-327
1185
2017
994
-12
-1626
-3574
-3601
-892
55
1086
2862
1404
509
560
205
581
467
-993
-3277
-3120
-1493
-778
872
2093
2111
2250
2007
1374
432
-668
-1637
-2086
-2279
-2799
-1818
-256
847
2901
3279
1644
314
434
754
-254
380
14
-2374
-2246
-1323
-55
1070
1550
2037
-80
-1505
-847
-1178
-886
-794
-635
240
-448
-535
270
1377
3000
2120
171
-246
-387
-1581
-1826
679
788
-1088
-46
-166
-734
1588
2045
994
363
-719
-940
-1377
-1126
-160
-383
-328
-235
9
347
1117
1736
663
324
-509
-1710
-1357
-1015
-377
341
886
420
546
1570
151
14
1279
340
-554
-318
18
-618
-613
517
96
-1125
-1303
-447
-537
-956
553
704
-288
474
757
730
1043
174
-209
266
-297
-699
-966
-1258
-319
142
878
1645
1008
559
-300
-465
-248
-544
-314
-667
-161
438
222
415
354
447
233
-124
-384
170
570
-563
-415
-402
-670
-2
-401
100
1411
473
-430
619
255
-107
-145
-1723
-2046
-2717
-1645
439
1012
4193
3248
349
1640
422
-201
691
-140
-1157
-3093
-3059
-1800
-1396
298
1678
2512
1960
514
1088
726
-178
-331
-1102
-1261
-1565
-1506
-1103
-289
1311
1379
1768
2178
1226
478
278
245
-851
-1065
-1232
-2414
-1886
-1085
-391
634
1421
1049
-124
323
918
992
833
18
-510
-854
-493
164
339
55
-586
14
625
29
138
424
-51
-690
-537
217
166
130
347
306
54
-523
-369
-258
-404
82
-106
-191
496
214
-254
101
-369
-1307
-467
699
70
15
683
25
108
715
994
1149
241
696
834
-641
-1005
-1039
-813
-1744
-1816
127
-43
-198
494
925
922
763
1515
1521
1205
144
-1141
-1390
-1199
-235
-586
-1116
-559
-93
491
277
515
1143
658
142
303
429
-626
-583
458
-661
-480
205
-1448
-1746
-1180
-125
1200
1926
1651
-291
439
1179
-153
585
984
-393
-1204
-422
-599
-962
-102
-25
708
490
-1041
-1040
149
776
319
609
102
-1035
-876
-509
260
89
292
1503
252
-114
1234
84
-820
367
359
-459
-36
-369
-505
459
-321
-174
413
-375
215
103
-532
-109
-120
-873
-1718
-788
9
-85
1265
1300
504
741
-164
378
1675
856
701
-314
-1663
-811
-1034
-1240
-11
549
1061
495
-719
334
453
-1020
-462
-99
-129
394
-845
-1140
328
588
1106
1817
1217
236
-199
262
-167
-874
-312
-431
-925
-1029
-813
314
1388
1100
772
761
-303
370
779
-1308
-1841
-1304
-578
-1715
-2877
-615
-42
120
1788
1164
393
2178
3319
1662
594
1729
1835
-534
-1980
-1659
-1404
-1506
-1790
-1244
-1099
-812
-276
-405
355
515
1650
2648
1524
1446
581
-113
-803
-1851
-723
-1437
-1281
272
-923
32
1385
1202
2231
1627
528
481
-218
-1083
-1460
-472
-257
-1598
-1055
67
-339
-209
1489
1238
-655
-325
-1068
-1835
-646
-927
226
1435
52
325
1075
250
1662
4030
1990
119
967
-526
-1274
-548
-1692
-1803
-1923
-2279
-1270
-1533
-1104
-785
-619
1707
2102
2487
2600
1208
1613
759
-145
237
245
-118
-1614
-1711
-801
-1372
-2021
-599
137
-782
763
1440
1157
2989
2501
472
87
524
183
-1722
-2427
-1400
-1698
-2706
-1709
-75
-1396
-1423
1969
1503
577
1796
1683
1690
649
2214
2376
-611
1304
445
-1036
799
-985
-2389
-1954
-1897
-3108
-3247
-953
-113
-47
994
2408
1904
1363
1782
1595
2151
737
-187
839
-905
-2808
-2167
-1214
-597
163
-583
-346
775
964
2645
1570
-25
1340
1171
23
-1549
-1755
-520
-640
-1968
-3091
-2117
-1047
113
1100
-862
-768
1938
1375
985
2810
2438
2358
3082
705
-768
311
-289
-1939
-2591
-2810
-2459
-1628
-1936
-1219
960
373
-273
1435
2615
2021
676
547
509
678
684
-256
-116
241
538
51
-933
-1252
-1730
-956
70
-893
-929
2054
1845
-35
1672
730
-437
622
-496
-1837
-2314
-1550
-1737
-1746
937
645
-713
675
853
433
1387
2210
2368
2253
1852
614
-758
-1043
-1111
-1565
-1490
-1059
-1086
-858
-604
-1551
-1062
1146
366
-520
683
-776
-1376
1446
2124
402
1274
3454
1895
250
450
-450
-734
-454
-945
-1704
-1307
-321
-907
-571
668
-76
158
975
-480
-279
1069
228
-895
-1630
-2050
-867
890
364
351
660
-1022
1382
3064
238
1021
2281
587
-811
-940
-140
5
-1167
-1599
169
-498
-2521
-1009
-757
-787
618
-300
260
1792
925
374
1118
1875
674
-45
1072
-439
-1130
703
122
-365
-169
-512
-136
-853
-597
870
299
-347
219
266
-434
-277
-654
-2012
-1512
-1040
-1519
-289
1232
869
498
1271
1151
85
1143
3169
1699
-259
214
29
-932
-1186
-267
314
-211
-945
-1471
-1140
-1279
-1043
46
-86
-899
-41
1396
-267
56
2431
1055
732
792
-241
283
-81
173
674
-23
314
-113
-967
-27
565
-943
-1384
550
277
-373
871
435
-100
-1278
-3377
-1853
-529
-1696
392
2041
128
791
998
139
2588
3516
2582
1554
-55
-909
-1924
-1783
-509
-1291
-1820
-290
-1238
-2918
-828
634
208
1091
1683
1009
1004
535
-694
-204
555
-262
-713
1227
1871
75
362
696
318
455
-253
-444
-827
-974
224
-370
-814
877
-130
-864
795
-882
-2856
-2247
-2463
-2735
797
3680
1434
725
1650
1336
1840
2833
3054
1611
-376
-2196
-2701
-2512
-2145
-480
-16
-514
-1266
-1369
425
1129
634
1301
1168
-386
138
-23
-943
560
577
281
266
-691
-56
777
886
630
604
155
-54
509
-908
-698
453
-919
-1057
537
967
-107
387
29
-2185
-3135
-3435
-1693
127
1909
2257
3
1037
1143
571
3590
3919
2026
1057
-1764
-3409
-2006
-2188
-681
927
-800
-359
-1204
-1833
1158
1426
1280
1097
-1873
-2597
-1227
-308
978
1376
1284
1386
1005
1469
2678
2066
895
729
-2103
-3799
-1419
-1003
-960
-470
-867
-462
36
1506
2662
1778
-192
-2000
-4809
-6528
-2092
1417
3248
5684
2084
-98
1004
1303
5317
4587
-2261
-5210
-6590
-5244
-654
1500
3420
3177
672
1422
1513
1389
3059
-186
-5952
-7393
-5477
-1413
1125
1241
3390
3155
854
3207
4683
2475
801
-1372
-3478
-2988
-1619
-1060
-199
165
-30
644
1516
3693
3008
-746
-922
-1766
-3390
-3165
-3354
-4979
-5651
188
5033
7008
8510
3402
-180
75
389
2163
-879
-5903
-7192
-6871
-2635
3781
7190
7280
3349
-978
-499
375
-1498
-2213
-4684
-8081
-5518
-905
4796
7512
3439
2292
1777
259
1989
1848
-239
-2920
-5409
-3062
1183
2035
1903
702
-1855
-1088
1670
1585
591
528
-1306
-1389
200
246
-449
-3216
-4516
-5884
-3531
5231
8055
7203
2656
-3013
-1288
-15
3023
3628
-4544
-7284
-4806
-2099
3972
7120
3144
-907
-1022
-162
957
315
-1749
-4421
-7004
-2990
2598
6248
6946
961
-1622
-2170
-2061
2440
1825
-1473
-2345
-1957
-374
1620
3927
2069
-2011
-2045
149
1428
1637
1108
-1129
-2615
198
1758
118
-49
-2613
-5137
-4994
-5051
1667
6978
5129
5441
890
-3456
1099
2766
680
-2693
-5974
-4952
-3379
1480
8230
6433
1397
1570
453
-1857
75
-2847
-7430
-6469
-4902
674
5544
6431
4833
-766
-876
1064
-344
1008
1347
-2884
-4343
-191
2112
2332
1497
-876
-1960
-1623
1052
2185
646
-1059
-776
1563
1428
1407
1281
-819
-3832
-4182
-4525
-7370
623
7423
4667
3911
-800
-3557
-2015
334
5909
3229
-4248
-2756
1269
3630
7299
3653
-3174
-2735
-3427
-5761
-2474
-1238
-6564
-7219
-947
5336
8528
8343
5029
-871
-1491
1369
1481
579
-2934
-4840
-4071
-2421
790
924
582
-295
-2380
490
3422
3988
3947
1134
-457
2057
3372
-902
-3457
-3322
-6065
-7003
-3721
-2922
-5750
2376
11225
9223
9098
832
-7010
-1954
1169
2670
556
-6402
-7343
-2329
849
5149
6075
-821
-2195
-681
382
2355
1021
-1680
-4880
-3607
2664
6239
3801
681
-2607
-5418
-797
1945
-636
-1745
-1297
-40
1375
4741
4541
-949
-3665
-2624
-821
1004
815
-1558
-846
671
685
3763
5140
712
-2857
-3154
-2851
-2512
-3493
-4666
-3847
486
7725
8981
1287
-3551
-1279
193
3142
6768
1057
-6884
-5371
-199
1255
4085
4196
-3024
-4005
-317
-393
146
-519
-3161
-4833
-3103
2778
6249
5568
796
-4351
-2940
528
3594
3377
221
-158
184
2483
2084
-2593
-3897
-4716
-4737
-846
2073
1894
1348
957
1741
4632
6244
1867
-3054
-1559
-2800
-4665
-2808
-4442
-5995
-6025
-151
8285
8598
6196
92
-4373
851
4766
4780
1998
-4359
-7211
-4103
2236
4031
-247
-3117
-4070
-1794
1522
2093
909
-1700
-2220
-212
5199
8457
3370
-1818
-4019
-3914
-2775
-1498
61
-2445
-3574
542
3861
4707
3258
804
-1306
-2233
883
3541
1026
-1120
-1628
-1227
820
564
-886
-1829
-2042
-760
-587
229
272
-3042
-4869
-1519
5278
6437
3428
1124
-5688
-6078
2779
5812
4020
-821
-5018
-1650
338
1371
5758
2805
-4163
-3608
418
1490
73
-1778
-3759
-5270
-1104
5619
4571
1017
-2
-2490
-2650
1010
2305
7
-987
-771
139
2430
1605
-113
-619
-2972
-2636
2236
3907
1386
502
-107
-1330
200
2358
465
-2510
-2920
-2919
108
1279
-3079
-2325
-1511
-2944
3264
7600
3819
-489
-3670
-3154
1822
4737
4036
-72
-6180
-5558
1791
5660
3645
517
-2222
-4122
-1974
1399
68
-3518
-4304
-2136
462
3554
6606
4848
-549
-3699
-1250
2120
-187
-571
373
-1924
74
2848
1901
-545
-2341
-3403
-2136
2045
1421
-115
650
-320
-607
1991
3465
-548
-708
387
-3306
-1095
2581
-1178
-5128
-4027
-1883
1658
5349
5221
-276
-6082
-1919
3582
4295
4131
-99
-4848
-3115
2741
4632
3587
440
-4207
-4169
-1215
58
-945
-2099
-3094
-2717
-4
4489
5712
2008
448
-2306
-2039
2579
1982
-18
-1742
-2251
-1203
826
2743
467
-3064
-3632
-116
2098
1438
1451
1337
513
900
3401
2757
-555
-2180
-3555
-5007
-2275
1024
-2661
-5543
-4168
512
7421
9239
5306
-2491
-3702
1544
2524
4050
2326
-5179
-7855
-4607
335
3968
3085
-1199
-3543
-1628
1784
2872
1784
-2
-2590
-2348
2605
5575
3139
-186
-4243
-5904
-580
2110
-230
-424
-1078
-2185
775
4910
4147
-559
-2766
-1426
55
1257
1993
886
-1050
-1220
1084
2146
1052
-557
-2652
-3786
-2732
709
-41
-3092
-4083
-5242
2264
8383
7107
5850
-2690
-5552
1141
4127
3132
-1030
-5323
-7997
-3805
4337
6034
3616
526
-2149
-2305
861
2468
-1044
-3632
-3367
-2986
1314
5374
2930
280
-2244
-3470
-1026
2259
3728
-89
-1428
841
598
1150
2670
700
-4115
-3531
-313
1331
2038
-1260
-1483
601
410
1972
2809
452
-1997
-1514
-514
-176
-686
-2052
-4949
-6807
1457
7441
5187
3511
-3212
-5492
662
4096
5009
2317
-3837
-7112
-1790
4916
5679
3768
-716
-3627
-3624
-1435
2561
0
-5299
-5227
-1862
2497
5500
5377
920
-4026
-3915
157
3261
2176
1445
151
-2817
-239
2922
1487
-641
-2552
-3753
-1922
2079
2262
311
468
-326
282
2992
2480
-359
-2470
-2758
-1498
248
-94
-2381
-3848
-5643
-995
7274
7447
4632
-1455
-6034
-1336
4417
6082
1213
-4638
-5990
-4164
888
5073
4766
-340
-3243
-2104
-1051
1871
2344
-1087
-3326
-2584
202
2166
4205
2887
-3631
-5076
-972
1318
2233
2201
48
-1799
137
3069
3228
1342
-2172
-4037
-922
1817
-78
-77
1736
77
-955
-138
1708
2116
-2242
-4255
-1837
-235
-33
-1587
-2373
-4210
-5698
2827
8497
6728
6239
-1165
-5421
249
5290
5908
-1061
-7774
-7576
-3354
1481
4635
4441
1048
-547
-1663
-1537
1074
645
-2930
-6896
-5257
2094
5858
4952
1958
-1258
-1017
-205
260
2793
2760
-1984
-3899
244
1855
1852
2071
-2200
-3161
-158
348
-497
-694
545
134
-1030
970
4146
3382
-2241
-4630
-1844
130
212
-2455
-2271
-2239
-4824
3007
6977
4719
5469
-2784
-5445
923
3598
4214
538
-5264
-7574
-1038
4585
3482
4506
1285
-5445
-5674
-999
999
-1534
-3194
-4405
-3005
2569
5043
6860
6347
-312
-1258
1993
2105
3200
1680
-5172
-6450
-464
560
-705
63
-3150
-5759
-2557
678
1696
3404
3103
2262
3060
3350
3066
711
-1727
-4164
-4982
-1751
338
-1335
-3334
-3473
-5047
-2042
4931
7361
6270
-1384
-2971
5319
6233
4184
2364
-3395
-8006
-6736
-837
3076
2543
-34
-2792
-4891
-2815
2196
2448
-1107
-4623
-4811
1156
7417
8718
5553
2010
1477
-314
-1795
259
-1455
-4034
-4717
-5919
-1290
1527
-1179
-146
-606
-2288
2062
5788
3186
1293
2445
1289
-440
829
1330
-1867
-3079
-2272
-3454
-2183
535
-1765
-5154
-4370
-2195
2728
8213
9698
6248
-1682
-2440
2265
5072
4553
-2871
-6245
-6422
-5706
959
3610
1789
-1085
-3424
-1895
951
2362
1679
-350
-5658
-6030
1158
4001
5378
4380
-1245
-3024
-1294
2185
2348
-1324
-2195
-2560
-646
2956
2598
1063
-125
-1162
-1161
-254
2013
2511
-480
-724
1116
-2
14
1183
-341
-3213
-2770
615
-33
-1959
-2148
-3444
-4034
-4159
-657
6361
7632
5284
3667
1654
1486
3158
5182
1375
-7392
-8855
-5705
-4100
-1075
2376
1376
-2339
-1696
553
2742
4497
388
-2516
-1133
-924
2317
5510
2212
-909
-803
-1565
-1842
3493
5310
-3587
-5133
-282
-1821
-899
1222
-118
-1861
-2267
-275
474
2534
4524
1116
-72
1946
1366
413
919
10
-2927
-2548
-594
-1225
-461
-677
-3700
-5477
-4519
128
4234
4656
4600
3795
1684
2422
6086
5209
-2616
-6318
-5396
-7830
-3439
2477
-546
-245
400
96
4523
3942
1330
1668
-3432
-6654
-1088
805
-154
2647
2281
-912
583
3684
2131
-503
-2276
-3586
-2607
-1020
-496
636
1635
-1258
-902
3598
3340
1930
2188
1965
-1248
-2515
648
-650
-1821
-950
-1922
204
1209
-194
-106
-2582
-3771
-2129
-4550
-4646
1670
5255
4644
3681
1625
2318
5271
3669
1419
-1916
-5501
-3185
-2418
-3138
-183
139
-1509
1317
3331
2572
3531
1959
-1687
-3987
-3260
-1185
-1729
-1309
-1246
-1395
-517
41
4148
5452
1662
2011
1925
-588
609
-1575
-5688
-4260
-2446
-1630
1098
3958
3710
4296
3459
879
2385
211
-2101
-1495
-2828
-3343
-4196
-2461
-768
-2097
-648
956
-1972
-2983
3002
5563
1193
-880
1158
1613
1162
4014
6039
2751
-2616
-3183
-1692
-1561
-1662
-1684
-1011
-4173
-2354
2757
1293
2259
1347
-28
425
-422
1035
-1081
-886
-708
-3012
-735
-119
2350
2930
-314
49
870
900
-543
263
384
-2069
-1518
69
1836
43
-765
1260
-877
-312
1911
1372
1188
-282
-1162
-236
575
-352
-2901
-1711
-470
-2090
-824
-597
-946
634
905
2828
3322
-234
-937
1414
1251
-284
83
-44
-1193
-719
-163
534
1499
-136
-490
-551
-1633
-334
975
2196
-606
-2107
510
-952
109
1040
-943
-614
528
992
130
1025
-389
-1413
401
-958
62
737
-913
-626
-676
204
1419
1126
1420
1396
-212
941
745
-2365
333
1059
-2618
-1358
-239
-1278
-247
433
-609
-814
-827
-1605
323
1515
-530
938
2535
489
1259
2537
89
518
2367
-1622
-2385
1336
-844
-2148
642
-408
-1867
291
-138
-1552
590
802
-757
-1093
-202
871
119
728
1852
254
-1147
262
1186
-192
-874
-563
1057
117
-1780
952
-462
-2321
1910
1195
-618
1407
509
774
814
-1931
271
792
-2983
-457
1739
-1874
-847
2195
-960
-2147
1375
450
-2141
1422
3325
-210
510
1302
-952
69
-705
-1567
1147
-92
-1856
127
387
161
296
-65
863
144
-918
-467
231
265
-1604
-361
1120
46
2035
1296
-1593
-522
-780
-1572
0
-199
-1672
-518
1638
507
36
2446
1160
588
1882
-594
-282
796
-605
-396
-1091
-1184
-282
-809
-1031
-324
-309
-783
1247
1636
-146
1109
768
-1186
-1021
-548
66
-198
-1092
133
1416
154
269
1093
230
-112
-1102
-172
577
-966
641
1611
286
-608
458
964
-621
325
-424
-1056
180
-1229
-953
-511
-598
-262
-990
350
561
-1269
1077
2820
245
1083
2139
-70
-366
-410
-490
-533
-1576
-1080
-85
-609
-420
263
-595
60
1149
534
643
280
-334
485
931
-816
-626
2127
-331
-1498
2201
-178
-1274
2446
-137
-2542
657
427
-2322
-695
466
-641
290
-179
469
2242
-829
-833
1271
-841
-1144
-623
-420
100
-1104
-328
1300
-110
-543
2375
1678
-1085
238
629
401
334
254
1817
436
-1161
182
-263
-2883
-2324
-444
-992
-511
50
995
1463
474
1418
1385
424
451
978
44
-1492
-419
-639
-776
-509
-2248
-1290
608
235
287
1315
1422
1001
-25
-257
1003
17
271
702
-1595
-547
30
-1427
-638
158
476
-439
-440
1383
282
-964
-311
417
822
-821
-708
1223
156
-754
310
1486
776
-1238
-85
1000
-1002
-991
955
1522
-273
-1471
540
840
-735
-586
134
109
-18
173
-226
524
240
-1048
-60
190
26
-1061
-986
-129
-1844
205
1901
-803
-808
2345
1665
-2324
103
2973
-134
-797
2313
2108
-2087
-1363
1217
-988
-1293
221
-48
-396
-662
-552
114
289
-630
19
2105
487
-675
875
60
-544
-1461
-1603
1088
-377
-2134
1335
1708
-1993
-1583
828
1104
1051
820
581
1057
1259
-482
-130
1177
-108
482
-269
-1398
-322
-236
-454
-1919
-1124
332
-1144
-924
861
1053
-298
-128
1238
1317
-363
-161
2321
641
-1938
-593
1100
-688
-1398
1630
-18
-1742
756
-410
-1434
644
339
-1338
364
2451
987
642
1193
-26
518
767
-1661
-2485
-1196
-639
-605
-1058
-1587
-231
878
739
1201
1500
1254
1313
2191
896
-1821
177
651
-3170
-1104
1350
-1079
-585
948
12
-1067
-15
-77
-2812
-1079
1919
237
-1166
1273
2518
-428
-169
2706
643
-1162
958
-408
-1052
873
-1968
-1685
1005
82
-612
-964
1026
1984
-584
-224
2159
50
-2253
512
907
-1575
-1159
671
663
-712
-267
1901
1240
-1836
-480
1165
-968
-1579
-1244
-688
-243
-9
1122
1582
1394
661
29
111
-392
-530
352
-416
-1334
286
373
-941
1257
2408
-346
-110
1655
171
-1508
-763
-670
-2152
-41
1399
-612
-304
261
-545
-1016
-427
556
848
257
-35
702
132
918
1303
-581
64
-146
-1085
177
598
-919
-691
1229
-672
-1097
1002
-857
-1260
531
-65
-385
478
-5
996
2646
-700
-864
2181
-582
-1262
524
372
781
-552
-1163
-254
-1292
-1517
750
219
-1995
261
1109
515
1180
-173
1287
1544
-503
1120
706
-743
-646
-669
-933
-2313
-1225
-273
-511
1183
473
-24
1572
1694
878
482
289
-2020
-1528
637
-1769
-1647
1071
683
-407
378
786
98
1050
1486
955
788
1245
259
-2339
-526
252
-2050
-1243
-261
-585
-1344
-590
1075
710
-1073
-754
2493
1852
248
1071
-171
-136
574
-181
84
-437
-1672
-494
460
-714
-335
271
-138
-208
-439
678
678
-564
537
420
40
228
-1004
308
254
-930
953
306
-115
1215
35
-556
-354
-458
651
-522
-1790
1143
1212
-441
398
405
275
-442
-809
20
239
-686
-1069
547
118
-593
608
-43
-813
334
357
-608
902
908
-756
221
174
-366
137
221
246
-382
-99
720
501
166
-187
127
1109
1205
-455
-846
785
-622
-2568
-660
274
-2006
-922
2059
-284
-1456
664
805
645
756
930
399
215
178
-878
-43
520
-797
-895
496
77
61
1694
346
-459
392
295
-1207
-2394
175
1196
-728
-1134
455
749
-336
693
-70
-1171
256
-91
-1000
712
1665
317
963
382
-104
1703
-71
-991
100
-440
-1073
-291
329
-1206
-802
-139
-949
73
1019
1120
167
196
1627
-186
-924
1369
354
-1364
-1314
-1151
273
80
-554
737
-352
254
2453
-439
-831
1676
197
-823
-596
-1173
-545
529
-872
-553
1436
-1352
-1511
1769
-24
-1473
754
980
190
712
813
1982
934
-1183
1344
1286
-2293
-1859
309
-768
-1670
270
1095
-670
-659
2077
828
-1069
-83
-96
-29
-1203
-292
1338
-525
-2
590
10
602
768
724
-556
-767
384
-697
-1619
-556
-343
-680
1027
1662
569
590
-288
-372
579
-194
-1014
-746
841
521
-975
-481
-328
-289
-207
-100
22
528
556
-149
1777
1207
-770
107
-247
-76
-113
143
-189
-1628
1143
1436
-330
668
662
402
-520
-725
-542
-334
338
-1178
-1503
-1566
-1361
-435
-976
221
559
820
1359
215
1039
2009
2193
951
552
834
-1835
-763
418
-1656
-502
223
-522
-717
-687
390
-71
-1194
-334
83
-113
5
-179
40
492
598
234
1079
994
-812
827
505
-1892
459
1380
-784
-676
524
-633
-112
1455
-326
432
1024
-299
-8
-667
-85
-97
-928
-641
-142
182
-1265
-171
79
-823
557
-1418
-1194
993
230
604
2003
1754
-584
474
2822
911
-891
-288
-399
-2522
-2021
-46
287
530
-525
-916
-372
-501
111
1044
1063
149
75
814
1026
728
-172
-1191
-1049
-145
713
898
-20
-22
268
793
753
-1862
-1770
53
-1606
-2069
956
436
-1116
1981
2007
424
1528
1231
637
657
328
-600
-306
-224
-1895
-1803
-397
-1056
-3111
-2122
-598
470
1894
829
888
1275
1156
1606
1835
2391
1158
-306
-1572
-1153
23
-1810
-1122
1007
-739
-2261
-800
-773
-1286
862
1681
895
64
447
1240
190
13
-204
-108
150
-835
-50
-630
-927
1477
966
-128
27
150
524
104
636
630
-859
-1017
-260
308
15
-69
382
120
-607
-540
686
431
-391
-444
-227
121
-1313
-827
-200
-1596
331
855
-164
205
-505
-715
40
2002
1311
75
1859
1276
441
-721
-1009
713
316
653
55
-767
-636
-1123
-293
-1219
-1452
103
92
-42
0
328
274
275
767
1029
1379
784
-183
364
169
-1487
-1457
-728
-504
-1008
-783
354
-239
164
491
-61
751
729
350
987
558
32
1749
635
-752
248
-742
-240
-491
-1012
-207
-1227
-867
167
379
-418
-531
147
-411
-768
-231
1107
389
364
1406
-391
-97
1287
171
88
733
-577
-585
683
-21
-198
459
350
-484
-618
789
240
-1423
354
844
-1418
-313
-133
-1307
-212
-344
-518
307
638
-204
-8
1049
1
125
618
19
360
595
-58
-719
289
715
-108
498
1329
305
-1419
-659
153
-959
-780
-103
-55
120
555
307
-424
422
458
-642
-311
-291
-356
387
68
-372
195
-226
-722
-63
195
344
169
-642
-78
1392
209
-443
1760
375
-1580
16
232
-483
365
1078
585
177
56
401
-349
-1728
-488
-196
-1164
-357
597
-12
-346
947
853
537
161
-248
387
-708
-519
501
-362
-496
675
881
-764
-43
182
-1325
631
507
-1123
-212
-437
-792
-617
92
785
961
893
453
2061
984
-1035
420
-961
-2017
-621
10
151
-147
410
957
397
-309
483
196
-553
296
-1131
-1170
-134
-631
731
757
-98
386
139
266
390
-301
242
884
-351
-1112
-5
328
-532
151
1317
446
-1149
-477
804
171
29
-245
-421
31
-842
-193
682
-242
-458
-305
-149
-265
-332
248
348
-15
-61
911
1158
-120
242
364
-648
426
506
-578
-63
-444
-1043
-176
-368
-486
848
-33
-263
1955
1189
-407
-754
-248
833
-810
-1211
528
-358
-998
-98
379
369
-294
74
1071
77
-242
736
144
-379
-233
283
261
-453
621
95
-1169
286
-334
-1098
381
-64
-622
353
850
220
121
735
-386
-319
721
-196
-224
-43
131
165
-827
-404
62
-55
54
495
354
-692
570
608
-1148
-275
225
189
-21
-295
672
223
33
513
-354
-467
45
50
-23
-105
-437
-212
410
275
336
551
114
-156
62
-115
-222
-153
-641
-609
-642
-808
-245
434
1035
486
371
1502
761
-493
-522
-804
-394
-42
-599
267
164
-676
772
920
-59
110
248
92
-300
-807
-880
-109
-503
-515
1065
588
298
1033
256
-827
-414
579
-347
-942
-38
475
492
99
255
-95
-685
489
699
-210
82
-315
-877
-347
-131
352
96
-723
307
1072
416
-271
161
893
-710
-1179
118
-529
-596
162
408
-135
-143
1476
1072
100
3
-608
-761
-187
-138
-934
505
1325
-34
289
360
-486
-360
-163
-940
-831
-593
-571
530
382
148
323
582
538
701
1888
305
-517
458
-66
-1216
-1991
-521
-326
-691
455
453
34
444
1603
817
522
67
-1301
-54
-1164
-1002
600
-870
-180
220
76
572
104
453
364
129
-72
-494
-26
205
-165
-173
215
742
794
223
598
435
-353
123
-694
-1662
-547
-6
-765
-1019
-272
936
504
-951
245
1090
321
54
157
1333
539
-423
576
45
-322
19
-660
-1117
-253
-643
-1118
431
306
57
1325
1563
5
-73
876
-845
-5
1101
-1033
-1034
-481
-781
-769
-294
90
296
171
-146
1084
875
-221
48
-35
43
-207
58
676
-72
157
494
-685
65
911
-648
-374
179
-1290
-1070
38
-438
-459
240
311
691
753
939
1386
530
-294
-312
32
-267
-796
-961
-709
-512
-1167
108
1094
663
849
269
575
272
-444
-119
-258
89
-8
-3
-106
-340
-209
-1033
-183
1026
-200
-791
322
445
-106
532
338
-625
528
845
-824
334
1307
101
-263
-582
-205
-533
-821
-301
-556
-35
-63
422
608
-308
474
663
291
43
-115
403
-145
-600
182
-257
-687
233
-283
62
688
-264
-50
28
351
118
-315
165
-488
-5
168
-234
329
20
-456
-534
459
659
-210
-3
249
-47
-435
261
228
-385
533
736
419
196
-279
-788
-1173
-364
324
46
-264
192
759
-184
-761
-222
252
401
-419
-144
726
188
-130
-306
263
392
-288
1106
762
-496
295
-385
-338
28
-813
-506
-542
-225
367
424
-131
-543
667
289
81
255
-802
531
1114
-358
-424
313
-361
-806
264
42
-85
-5
-167
933
790
-622
-733
297
256
-110
-15
-392
99
304
-395
-701
-292
1037
574
-651
175
347
-177
-191
126
236
-489
-193
-145
-128
189
-1039
-364
1127
545
61
571
691
387
680
160
-455
-615
-341
-98
-1117
-663
-412
-1248
-705
111
895
645
492
1433
972
223
518
149
-677
-643
-197
-425
-860
-312
171
486
450
-289
265
772
-209
-995
-230
190
-270
565
357
-535
-369
298
405
-753
94
876
425
201
-630
-48
-409
-872
445
343
-420
-355
760
173
-711
361
138
261
202
-139
603
-2
78
105
-383
408
198
199
92
-969
-701
-630
-970
-295
158
-187
115
1230
1260
393
262
941
677
-504
-716
-809
-704
-404
-820
-297
179
-223
472
1102
216
23
689
222
-212
-229
-144
-73
-541
-481
-317
18
114
-45
649
-7
-328
457
-81
155
508
-134
-150
395
431
-527
-65
398
-809
147
804
-544
-240
357
-288
-733
-11
488
24
-102
-234
-240
-160
-218
-338
-897
-356
603
316
322
671
338
741
1369
7
-571
686
53
-1174
-569
-180
-661
-624
-696
-187
1341
409
-332
1023
304
-165
198
-21
-274
-1141
170
1298
31
95
964
742
-418
-721
-240
-407
-661
-133
719
295
32
-3
-859
-1183
-1623
-1955
-1336
-315
370
575
883
1375
2119
2067
1129
1211
1378
583
806
216
-1929
-1744
-1045
-1686
-1696
-1066
-743
-1006
-183
1104
642
236
704
995
1462
807
179
762
-485
-1315
-37
294
-238
44
528
47
-137
-470
-736
354
732
-105
111
1111
146
-456
521
463
-467
-834
67
-1005
-1966
-783
-1580
-1785
-827
-495
307
966
1087
1095
1719
2048
1887
1995
1872
1040
304
189
-1152
-2536
-1787
-1186
-2314
-2308
-615
-574
-1005
-236
576
1089
1533
2156
1969
1487
746
-127
274
-148
-804
-421
-367
-595
-848
-106
273
22
489
412
130
500
943
50
-379
108
-309
-492
-1452
-2554
-3311
-3110
-1624
-984
711
1559
1868
3318
2958
2449
2217
2450
2384
1046
382
-1270
-2779
-2259
-2093
-2510
-2147
-1227
-563
-340
26
740
412
-117
928
1856
1473
648
509
368
-638
-267
607
-93
-146
71
-414
-554
-702
-165
378
297
931
714
83
601
159
-487
164
226
-348
-534
-1200
-2082
-3045
-3459
-1884
-504
1275
3235
3098
2858
1551
899
1764
1193
1321
1065
-310
-1040
-2257
-3281
-2681
-1990
-1699
251
1167
436
707
173
92
1139
1156
952
858
300
-974
-1309
-294
-665
-593
1381
1983
970
339
720
173
-664
302
-33
-1395
-1519
-1045
-409
221
1221
1311
1217
1253
-266
-1303
-1859
-3988
-4763
-2328
-976
583
3361
2868
2316
2645
2365
2912
2544
1942
807
-2093
-3989
-4123
-4168
-3392
-727
1843
2680
2230
1527
1165
464
-256
191
-193
-1372
-1438
-1932
-1970
-840
1008
2423
1868
2212
2119
-221
-1244
-418
-330
-950
-460
-580
-1481
-601
1438
1666
1469
2894
2193
218
-690
-1553
-3072
-4101
-5025
-6959
-3880
-424
2025
7139
5793
5006
5284
1596
2258
1884
95
-1221
-4766
-6358
-6691
-5495
-1225
2966
4415
5126
4772
1468
-389
-470
-828
-1029
-1913
-2231
-2683
-3969
-1995
898
2249
4725
4260
2090
1741
-357
-1811
-1109
-1588
-2428
-2140
-2131
-1302
1177
3026
4096
3908
2572
1614
395
-1703
-1977
-2927
-5717
-5180
-6654
-5831
678
3945
7790
7956
4568
2929
-235
742
1751
-722
-2205
-4477
-6647
-6443
-2969
1597
5772
7261
4608
2471
-107
-2878
-2375
-2631
-3008
-2155
-3179
-2640
-547
1562
4294
5058
5352
4161
361
-1322
-1617
-2731
-2394
-1780
-3369
-3732
-774
1511
2347
3735
3487
2164
1263
-90
-189
-470
-2004
-2069
-3494
-5293
-3315
-3957
-2158
3899
4613
7433
6234
46
514
-706
-643
1725
-448
-2914
-4060
-4297
-2923
560
3799
5930
4994
508
-1596
-2002
-2773
-1933
-1738
-2809
-2549
-2338
-673
2170
3555
4561
3618
1444
-236
-296
-212
-772
-327
-1644
-2187
-1137
-1447
-335
2116
1857
554
1077
1233
1290
1171
197
-1247
-2166
-1470
-1476
-2308
-1298
-1516
-5224
-2008
3041
3060
6292
3678
-1160
-410
-12
2534
2859
301
-1353
-3650
-5130
-2906
1364
3682
4110
1212
-1486
-1626
-2240
-1259
184
-711
-1958
-1837
-1089
950
2916
3361
2908
1121
0
-640
-241
808
8
-740
-2126
-3104
-1193
190
536
1373
819
430
962
1199
1665
971
-69
-1186
-1337
-949
-589
426
-2073
-3879
-4752
-3577
2396
3951
5190
4053
-1057
-152
1104
2390
3850
370
-4049
-5391
-4031
-1900
1892
4598
3258
193
-1935
-1052
758
1275
220
-2127
-3797
-4211
-2160
2254
4060
2634
956
-545
-216
1441
1986
1493
-267
-2323
-2267
-821
487
1196
301
-936
-918
-133
1376
2758
1934
-456
-1258
-672
-661
108
564
-987
-1878
-2711
-2871
-3454
-3637
2070
3902
3361
4809
319
269
3101
2221
2592
632
-3385
-6471
-5001
-1752
-18
1889
1159
807
1468
2053
2422
1461
595
-2808
-4353
-1655
-443
573
1054
-117
-51
1174
1971
2161
1829
342
-2088
-3346
-2015
-767
-1060
-911
-775
24
2034
3436
3544
2387
1547
352
-853
-474
-520
-1358
-2407
-2797
-1626
-225
-876
-1571
-2226
-2883
1606
4146
3451
2498
-1965
-1269
1656
2905
4080
637
-3062
-5089
-3176
779
2254
2553
-361
-1754
441
2551
2551
-40
-2487
-4712
-4549
-1623
1419
3049
1674
-188
73
2265
3078
1791
820
-2099
-4085
-1663
-48
458
676
-929
-1098
923
2621
2595
1621
575
-601
-437
524
211
-1098
-2243
-2635
-1287
179
509
-749
-2728
-2624
-4216
-1554
5123
4387
3382
825
-1180
3763
5334
4455
1004
-4177
-6136
-5123
-615
152
-1066
-800
-1485
478
3562
4935
2348
-1425
-2761
-3270
-595
43
-2553
-1945
-977
800
3274
4780
4894
1215
-806
-465
-435
-43
-2073
-4073
-4055
-2777
16
2248
2287
1207
1782
2893
2869
2071
544
-1936
-3214
-1578
-859
-454
-624
-2090
-2073
-1705
-1494
-1954
1573
4098
949
1879
639
-787
2827
3739
3198
-973
-3732
-3004
-2522
456
-669
-1336
639
-64
2163
3570
2022
-393
-2839
-2282
-1413
59
203
-2132
-1469
474
1621
2205
1993
1311
-376
133
1472
381
-319
-1452
-2838
-2229
-682
411
442
356
-92
1165
3264
2564
1696
51
-1620
-1026
-857
-1350
-1390
-1217
-1119
-471
-796
-2150
-3616
-2308
2920
2997
1518
1694
-267
2941
5563
4037
1650
-2983
-2818
-2150
-2493
-133
-2181
-3203
-1223
460
2937
2181
894
-710
-1142
1041
922
690
-1488
-2139
150
-368
1116
1785
-85
-55
1367
2490
742
-1712
-3395
-2957
-1371
-961
325
-483
-450
2938
3943
4000
3041
1176
182
-1365
-1384
-2235
-3655
-2336
-1891
-1598
-21
957
123
-898
-1435
-2311
1813
4670
269
-876
457
1707
4534
3734
311
-3010
-2548
803
-506
-1379
-1265
-3649
-2263
1531
3469
1921
-319
364
925
1083
505
-1370
-2711
-2236
-1049
-412
447
-258
-165
1351
1755
2616
1560
124
495
-669
-1008
-361
-1766
-2093
-960
57
1322
1062
1174
1500
1081
2058
1292
-477
-1409
-1901
-702
-1482
-2598
-826
-568
-1340
-2050
-2831
185
3325
2065
753
338
756
4047
4901
1853
-342
-2535
-1966
665
-650
-1938
-2533
-3146
-763
1199
1152
127
-868
354
2308
1885
138
-310
-568
-542
-210
-829
-129
16
-810
766
1624
710
-197
96
532
-402
374
-350
-2168
-799
-804
-639
1087
568
379
1837
2256
1429
-71
-13
1631
-262
-1851
-832
-1943
-2057
-2017
-3018
-2803
-3349
-1169
3265
3858
2485
1153
1509
4569
4644
1808
-849
-2814
-1175
255
-1321
-2825
-4152
-3503
-373
1477
678
-134
576
1906
3005
2828
1360
-464
-910
-78
-556
-1929
-2217
-1892
-1232
572
1490
645
253
762
1273
932
704
221
-1407
-1181
384
-28
-1137
-995
-136
1089
1471
436
578
1744
1732
664
-595
-779
-559
-1704
-2774
-2475
-2536
-3206
-2465
-153
1849
1434
-278
781
4198
5687
4150
2641
1949
423
263
228
-2829
-4810
-4033
-2694
-1454
-1521
-2474
-1352
1362
2334
1996
1092
791
1574
1174
1113
864
-312
-386
-57
505
-104
-990
-860
-1002
64
491
-434
-450
-566
-43
772
45
-464
-276
175
806
121
144
964
567
594
82
-141
493
136
359
-195
-1526
-1507
-1578
-2557
-3331
-1877
752
1229
139
662
2037
2749
3787
3043
1048
957
952
-251
-1314
-1674
-1668
-1748
-1358
-530
-1237
-2054
-847
69
499
620
-132
272
1353
1459
1268
838
169
513
846
-57
-856
-647
-147
-498
-732
-1050
-1545
-263
188
-418
819
1113
181
901
1691
1171
92
-83
870
275
-1056
-1053
-928
-1230
-1319
-72
1155
153
-1065
-765
-1335
-2496
-1366
161
1019
1172
207
586
2003
3292
3353
1986
810
140
898
386
-1973
-2241
-2109
-2836
-2059
-884
-1153
-769
123
150
631
737
517
1100
2040
2461
934
-852
-271
800
126
-1328
-1737
-676
-366
-1090
-710
151
691
543
-373
-212
1236
1384
709
636
-259
-538
-336
-177
825
199
-539
-643
-756
316
18
-855
-152
651
778
150
3
170
-2033
-3248
-344
845
117
682
184
6
1262
1819
1400
880
1094
1312
909
-1380
-2867
-501
-519
-1278
145
-913
-992
-441
-112
1486
1547
730
-748
302
1253
-1075
-453
526
-603
-961
-410
-479
-794
739
1612
1205
980
545
-104
-684
-327
-156
-928
-624
-397
-1201
-530
23
529
1259
818
1148
788
672
553
-739
3
141
-1979
-2715
-156
881
-1355
-1057
1285
1541
712
1540
643
-1675
-744
434
-36
-1618
-2064
728
1649
411
1806
1773
-16
352
-290
-883
-1130
-821
-141
-1861
-3
1437
-1128
216
1414
122
221
571
919
368
-762
192
1573
130
-2635
-1881
32
-414
-271
-461
-208
165
-730
645
1226
705
1612
1216
184
195
86
208
737
-1059
-1587
559
-685
-1773
-295
-1469
-1465
1180
730
713
1388
496
391
-530
528
1685
139
-778
-1287
399
-224
-2068
422
-166
-1558
45
329
442
166
-102
1544
2072
724
464
-281
-1004
392
0
-844
168
-622
-1827
-345
195
-62
1464
-376
-1906
873
947
-316
879
1416
-724
-1125
-302
-1087
478
591
-1276
508
1014
-1531
48
2655
1126
302
-165
-274
-473
-884
707
-37
-221
-90
-975
-771
-1815
-817
379
475
642
456
866
992
2527
1355
-855
538
-38
-1732
-1743
-1034
-594
-1149
-976
-664
-1123
840
2183
1098
1799
1365
184
-127
-730
-243
45
-1214
-948
1015
-1494
-1110
2493
629
91
222
619
639
-373
-515
-909
1231
-1500
-1973
908
-1914
-391
463
491
647
-912
2110
1539
-279
996
255
-823
516
1268
-1049
-958
-9
-493
-890
-1802
473
2102
-1646
-1182
2192
-1091
-1834
928
828
1152
154
-28
803
494
742
598
1633
988
-2002
-1520
378
-1123
-2671
-883
-300
-1050
212
684
224
1424
1218
300
1398
279
-772
-219
-964
325
803
-580
-140
-818
-1702
-51
1416
965
392
-189
233
1175
-995
-776
1807
1078
245
-1217
-1094
794
-924
-2030
-1228
-74
783
108
772
1543
1121
-118
-1528
-334
1177
457
-510
-181
-997
-810
1536
-368
-884
798
-426
1168
590
-1895
-54
464
321
34
-790
563
1325
513
-988
-536
1142
-535
-2102
-380
1629
647
-905
-278
-84
18
-167
-379
339
216
806
2116
1227
-911
-596
-354
-1796
-854
366
-336
-753
205
465
291
1394
369
-862
959
357
-1461
874
752
-923
275
-1073
-1231
100
-582
318
1578
349
-717
495
305
-200
-249
84
1015
-426
180
1322
39
-1299
-1363
833
540
-799
-420
-427
-204
-91
-338
328
842
-315
29
404
-752
226
807
-270
1276
2745
-557
-1763
-919
-2631
-1290
516
-300
-456
-273
284
1684
1655
1394
2910
1387
-766
-280
-192
-1028
-2351
-1578
-1844
-1875
580
-253
320
1683
836
2126
977
-127
1941
-623
-2682
406
414
-1552
-1112
-190
391
605
234
-509
-41
542
-46
486
784
737
952
-281
-1245
-1248
-389
143
446
922
-630
-1217
-195
654
57
-1154
292
1399
219
-1282
1269
1998
-2295
-485
2276
225
-2218
-1053
1963
87
-1750
-890
438
-347
-1572
849
1567
1342
1149
18
484
355
-991
-1019
-307
-654
-399
394
1337
775
-731
476
298
-869
151
297
-1006
-708
-176
-1276
-439
964
709
-366
82
657
-318
955
-369
-872
1746
-814
-1360
998
871
209
-347
409
516
73
605
659
-575
-1231
-113
-766
-461
1403
-300
-946
366
-275
-240
446
-590
-1076
-238
-303
-39
318
-323
-162
801
1133
501
777
1548
967
-659
-937
715
-96
-1312
-183
98
-646
-299
929
-773
-991
1355
-833
-1782
503
425
-709
523
1571
-485
424
919
-771
1140
546
-1027
21
650
-178
-1538
-249
-398
-473
885
-630
-653
163
136
-67
-599
-92
627
1936
1738
10
151
951
-50
-982
142
-714
-1874
78
-55
-1184
60
454
-175
-321
919
1965
-129
-1380
-152
-155
-647
-370
-341
539
719
-778
349
1174
-189
-52
571
676
-74
-743
-366
264
-410
-398
1290
36
-1267
-572
327
547
-1082
-496
939
538
114
-186
49
-433
-852
872
1524
-189
-53
1257
675
-438
-949
-753
40
-74
-1405
-749
-23
-1348
237
1284
-473
1259
2339
0
73
675
-115
-245
-338
-979
-1438
-122
467
-104
1160
1431
369
138
-270
-417
-708
-2150
-2147
-903
34
369
-428
244
547
552
1639
334
-77
1373
1595
180
-27
1535
332
-980
-447
-140
-941
-1398
-626
-1052
508
1164
-1117
68
1145
279
-344
-1699
-1479
-326
-758
-800
282
1414
2165
1119
-33
1142
2258
1154
107
852
123
-1848
-1482
-225
-81
-1710
-2461
-443
-568
-1506
-186
79
-159
435
1737
1978
1714
2532
237
-498
1090
-735
-705
-916
-2090
-952
-1603
-1161
1018
1207
684
425
-154
101
1362
1111
-57
-1668
-1887
-450
-453
-644
-136
1705
1599
-12
1590
1981
678
-343
-493
146
-1230
-2673
-2293
-37
541
-1190
-819
182
1406
2474
1929
556
-36
1208
354
-1750
-1415
-895
-1527
-1032
938
191
-803
770
595
-323
265
1222
873
607
874
267
901
-266
-1826
-104
-539
-1961
-907
-330
-1453
-588
1063
-535
-792
1533
1951
777
1642
3203
1574
-774
-1597
-1192
408
684
-2771
-4034
-861
-145
672
761
-611
2005
2109
647
1260
-382
-1557
-1115
-553
-521
-817
724
1401
185
1184
1649
-695
-806
766
567
-1138
-2205
-1316
-583
37
996
633
366
574
306
122
-556
-434
-703
-1827
-234
-439
-498
2433
327
-805
2309
1854
458
830
2185
2171
-384
-353
887
-1001
-2141
-1468
-1449
-1298
-2573
-3922
-2882
-2753
-1710
1092
3165
4210
1794
818
3351
3855
2531
-1667
-3205
1925
2160
-2182
-1687
-540
-1360
272
116
-2324
-630
425
-379
726
27
-342
1428
26
-1210
1030
538
-499
342
-798
-584
11
60
311
-1351
921
2913
-756
-941
824
-72
1018
1492
-1449
-1767
286
674
-439
-2473
-1211
997
-1497
-557
2809
528
-130
2110
1920
-701
-2261
292
791
-929
-626
-442
-100
-245
-583
846
1235
-211
936
2111
-246
-1146
945
1390
-2069
-2842
-2147
-3594
195
1543
-2611
-700
3707
3296
1250
2291
1930
-656
504
1670
-153
-1614
-1178
-684
-1417
-1532
-1241
-374
-457
-1629
770
1439
-487
991
1109
359
1485
1218
-802
-1473
197
-423
-1124
8
-133
560
526
-83
201
-338
105
582
211
58
938
1898
-60
-949
-63
-1321
-1686
-828
-611
-20
106
-360
118
748
829
306
-1406
-1411
-13
121
604
1032
1111
1040
1528
2021
250
572
1279
-2099
-3609
-1448
-503
-1671
-979
898
994
482
442
1082
906
719
68
-1080
-87
-1661
-3870
-1276
150
-119
2190
2538
1014
3025
3825
729
-454
1504
-25
-3014
-1128
-2849
-3945
628
-1737
-2911
2703
2580
615
1670
1254
1831
1506
-1761
-3767
-4731
-1499
628
-2122
-211
1725
1766
3534
2932
1659
1141
1000
698
-875
-2615
-2580
-1404
-1409
1249
3229
-879
-1022
3177
1184
-2716
-1137
-699
-2996
-470
716
-1612
-34
1851
1652
1385
1299
364
128
1916
825
-1580
-1001
-174
-2070
-2255
-79
-142
-3
-1464
-1082
2375
1172
401
779
284
801
781
430
-47
-60
-865
-693
912
142
-787
-367
-492
307
632
-2526
-1717
2140
1281
238
997
1826
519
-1145
165
137
-1951
-3369
-1466
578
-1168
-986
1139
1618
1337
1547
2572
1310
-325
318
-416
-1272
-1084
-529
-185
-2032
-1215
1449
74
-981
374
1201
1210
166
-469
1078
1355
-1138
-764
1269
-597
-651
1062
-906
-824
652
-575
-1077
-155
-428
-765
421
385
517
696
1006
1826
-556
-1005
305
-555
-1383
-955
872
49
-802
829
238
-1080
75
1159
225
-142
387
1418
415
-1380
294
-960
-2825
109
1170
574
1004
280
55
1211
553
-389
1139
696
-1792
-253
-81
-2695
-81
-1
-1893
1914
2334
-177
-409
541
1001
-318
-260
-591
-1956
-1439
-24
-298
-760
1007
130
-179
1952
1622
1719
1050
192
-42
-1213
-666
-488
-855
-868
-1004
-98
-540
-1602
819
2185
-127
792
1570
-1012
-489
698
-29
-204
-906
-1155
297
-231
-783
848
81
-583
303
1287
2337
1292
1176
1076
-326
-1162
-2159
-1453
-1388
-1742
-655
-440
-319
-220
1020
1453
329
902
1250
1702
1170
-602
-264
-600
-1583
-806
-345
-16
1081
209
-945
350
-11
-1046
-391
-1157
-1439
574
1275
290
903
1663
1633
1834
-100
-705
-228
-1717
-1017
-498
-1673
-1786
195
1572
-333
167
1363
-31
-288
705
1257
-139
-732
523
700
-276
-107
734
-323
-718
-240
-388
-112
-279
-1265
-1084
493
-1
-253
1588
2239
1637
531
868
749
-1664
-1808
-921
-2930
-3379
-427
144
573
2372
897
901
2891
1565
265
139
-655
-682
-845
-1730
-1217
-45
334
438
337
156
73
25
-383
-843
-408
-9
-1
27
-187
163
1283
2020
1141
-297
352
589
-1611
-2015
-721
-63
-198
-1455
-572
1333
590
28
983
1438
220
-486
538
231
-781
-241
-37
-344
460
184
-946
-423
-451
-1971
-1439
1321
1369
370
1394
1156
688
584
-139
-95
312
283
-1134
-2132
-1357
-759
-797
-318
545
282
695
1723
1013
755
1290
293
-1139
-1078
10
858
32
-782
-176
-815
-1499
-613
15
-136
417
1060
-273
-448
694
249
328
1096
495
-927
-686
1582
1696
-755
-417
-101
-2371
-1208
559
-418
-626
-51
620
958
204
-218
959
1230
291
-309
19
962
-369
-574
373
-1597
-1726
-159
-262
-28
329
59
638
827
337
778
359
-188
186
-342
-647
-362
-907
-769
478
457
279
723
209
245
582
-450
-575
388
-291
-855
612
207
-1455
353
1247
-150
426
79
-1054
-640
250
563
-879
-974
1288
1086
-1079
149
1573
-822
-512
1547
-299
-1458
-437
-227
62
202
-198
150
758
621
237
842
486
-962
-201
-139
-1504
-932
-240
29
1148
1506
343
504
846
-1134
-909
124
-447
288
-156
-997
-725
-595
-278
-93
1000
1066
1006
1776
389
-550
-471
-803
-1240
-571
-156
-1089
555
798
18
1345
-199
-430
825
-474
-591
-289
-765
-328
689
1186
1531
1636
304
-901
-948
-831
-1528
-2395
-1196
95
-59
689
1540
1628
1460
1194
732
-719
-340
60
-1729
-1123
-865
-645
950
73
1034
1607
-235
214
-162
-303
628
-596
-1312
-134
99
-793
-462
149
758
790
-13
173
-13
-31
-510
-553
779
-500
-804
4
-1525
-887
1449
1716
1686
1672
-330
-557
1310
101
-1380
-546
-129
-548
-828
-222
-208
-1237
-76
1305
-32
-669
485
388
-894
-83
944
22
606
804
-706
173
551
-1182
-960
-532
-370
533
286
883
1302
428
1179
1255
-622
-898
-62
-950
-1110
46
-827
-1537
-3
530
-664
-186
1678
1123
-670
-65
1145
1133
288
-1165
-1032
-86
-20
-856
-906
600
-21
-109
1295
849
36
-630
293
569
-1383
-1008
220
-748
-354
1607
771
66
516
743
1503
-127
-232
998
-947
-1050
-211
-1280
-1359
-462
-688
-1170
-81
1028
1538
950
-234
463
656
-29
57
-384
-544
-440
-35
1034
837
-546
-422
1089
-318
-1181
1209
-63
-1270
934
8
-1201
178
-27
-626
-86
-150
-438
-908
-50
1717
730
55
797
647
1052
229
-1084
-229
-103
-620
-155
-31
82
-63
-552
194
112
-751
-18
137
-269
36
743
847
-1009
-1334
-64
-271
404
999
-145
-90
487
317
768
830
-138
-103
533
-1259
-2201
389
717
-555
-87
97
97
246
591
1319
1140
-603
-852
596
-1004
-1782
882
700
-816
-683
-596
323
382
-424
-163
-421
531
1514
-245
-972
441
1125
361
34
-10
-479
352
693
262
858
61
-908
-542
-913
-813
25
-4
-6
444
-310
-409
203
-1290
-1161
223
736
1112
-67
461
1325
55
475
1048
689
729
-728
-1155
652
-634
-1810
-682
-1970
-1662
586
-290
-290
1953
1597
659
1208
1112
741
-236
-528
344
-435
-1407
-867
-1008
-1453
-106
763
298
126
88
233
230
618
1400
965
511
485
-590
-90
1073
-617
-1379
-639
-943
-1775
-1498
-6
-840
-787
1962
1604
480
2089
2465
493
-105
192
-832
-1711
-1778
-1640
-1748
-1155
267
135
-34
1710
2582
2065
1335
217
55
628
-207
-903
269
-404
-1753
-601
-419
-566
-870
-1201
-82
-506
-634
272
-108
-503
590
1137
45
814
1902
876
49
1251
1509
-227
-36
-87
-1139
-1826
-1562
-551
-1424
-329
2034
1071
557
1663
453
-522
102
-1292
-1289
-261
-506
-821
-1468
-354
217
355
954
763
1997
1729
465
139
-265
261
-660
-1706
-1014
-1049
-862
-504
-646
412
1086
485
948
1924
1365
-301
-234
750
-297
-1249
-584
-274
-1282
-819
585
-267
-341
407
75
141
796
848
-272
-378
429
950
-215
-1677
-358
-160
-311
490
368
405
-484
370
1698
-28
-769
-2
412
-49
-913
-966
-328
456
-106
-619
493
577
29
692
605
-604
-199
595
-538
-485
734
770
-185
-1152
79
81
-1180
255
206
-1141
-544
727
1141
-26
-474
857
1347
161
-308
-50
-68
214
-125
127
368
-1294
-1162
400
-52
-636
-148
267
-23
-611
-257
40
-494
-144
1392
1678
614
934
983
151
159
206
-140
-1500
-1575
-565
-721
-977
-1348
-33
886
603
1218
378
312
611
-281
-104
-236
-527
-510
-1091
-656
1087
1199
758
1243
686
105
-102
215
188
-981
-635
-311
-1461
-1176
260
-203
-681
301
279
176
82
-568
413
1918
458
-739
1451
1453
-561
451
1210
-1700
-2313
544
-686
-2551
-418
512
23
784
1099
849
927
189
416
1297
-36
-804
90
-42
-1024
-1411
-523
-170
-1241
-472
680
239
734
1032
497
453
429
-415
-537
549
-335
-797
344
-505
-978
208
150
-401
300
760
510
302
398
979
85
-569
933
-42
-1856
-420
-63
-1436
-340
1041
63
-276
-299
-615
366
181
-2
1120
981
489
413
352
383
-241
-893
-4
165
-1095
-279
798
-6
-519
-487
-580
-1018
-902
528
756
83
677
1032
326
-318
323
513
474
566
-1199
-781
-339
-1814
-607
198
607
1548
558
-14
954
717
-995
-533
651
-425
-636
151
-386
-716
-217
26
-622
-649
1247
917
-633
1099
1061
-1527
109
2403
100
-940
284
-430
-662
-507
-630
126
-1129
-1321
1140
457
-574
252
199
542
1124
767
-267
495
1592
234
-262
-478
-1207
-1237
-1313
-761
-104
-109
-601
-184
661
478
1136
1472
273
507
1158
-226
-624
219
-590
-1494
-1042
-230
41
-43
-253
-114
672
949
536
-62
280
866
137
-558
-311
-220
-1193
-343
803
-727
147
1067
-236
310
279
144
751
24
-796
-1027
-498
-35
-6
161
-128
-925
-650
23
110
1686
1216
-481
829
805
-462
-631
641
712
-1200
-721
80
26
-927
-1062
777
239
-211
61
-197
450
486
170
-70
83
577
-44
-1235
-904
798
1663
579
-553
-224
-126
-478
-1132
-304
771
-363
480
972
-32
735
831
354
56
-751
-1216
-994
-1093
-884
-665
-815
93
90
592
1575
904
1270
1144
93
394
331
72
747
-145
-823
-306
-1514
-908
-172
-1273
-628
-438
-221
661
369
299
1538
1810
-441
-437
1613
-263
-2496
-251
1271
-373
-477
856
345
-627
-723
-766
-369
-630
63
1745
127
-910
431
639
476
718
636
-131
48
-277
-1493
-188
110
-1589
-462
713
-312
296
1233
322
58
1015
257
-1297
530
673
-1911
-138
1149
-465
118
802
-136
-463
586
642
-988
-959
287
2
-902
-512
396
632
431
-233
785
1029
-1148
-235
167
-1086
-400
3
200
-144
553
720
-180
1073
277
-582
818
280
-1640
-1188
708
-415
-1042
400
541
331
592
976
1012
371
-1185
-788
451
-708
-371
53
-808
-223
-455
-824
596
1177
-184
-845
341
531
-110
1072
1359
700
1226
99
-952
-946
-1586
-1152
-1032
-579
548
384
564
726
1358
1416
206
720
-138
-1865
-1370
-761
-565
-847
-313
360
474
1163
213
-350
440
91
313
658
393
-166
-892
125
789
286
331
-203
-922
-846
264
283
-937
-460
672
791
-697
-981
-17
-300
624
907
184
602
706
-116
-635
819
460
-1288
-561
-86
-132
-732
-647
1088
524
-250
318
140
-371
-747
600
687
-380
970
569
-251
488
95
-412
-717
-777
-964
-467
493
-27
-26
209
-389
-185
-219
-287
755
658
339
1383
1562
-121
-1237
-419
-700
-1034
-219
34
401
29
-136
19
3
872
1024
259
174
377
-989
-1587
-729
-209
418
215
826
693
-805
19
237
-814
-913
-126
1008
585
113
1022
977
-93
-773
-267
-37
-1041
-466
-48
-858
-558
144
888
-74
-500
1266
993
568
790
-62
-386
-408
-178
-292
-940
149
641
-926
-466
532
-94
