-867
-65
737
-1046
-539
1598
723
454
1538
1386
934
-284
-973
-2076
-3262
-1447
-1124
-1514
512
1482
499
659
2326
1698
1035
1351
696
295
-255
-317
-1399
-1917
-944
-1817
-1013
1050
876
11
154
120
-912
-906
-864
205
1821
382
-387
640
578
-28
155
1183
1488
1497
1239
249
638
-523
-3291
-1588
-872
-2850
-599
920
9
-250
-220
937
309
-654
14
455
703
-256
79
1648
1345
171
-600
215
1467
275
-1201
512
656
-1196
104
364
-1260
-1321
-724
-455
-588
-417
-567
281
1467
576
1034
1629
-221
-612
512
58
-1770
-1657
307
-204
-737
1380
1700
101
45
221
-150
231
-553
-572
775
-514
-708
576
-400
-1323
-433
-188
-1360
803
2420
52
598
2089
481
-1383
119
1061
-1855
-687
388
-2665
-838
1247
297
1649
1934
577
216
-499
-429
163
56
38
-1066
-1639
-1185
-1283
-433
-124
221
1027
202
750
881
-218
653
-85
-251
1427
78
-791
228
1616
2166
-188
-1010
-202
-1659
-2774
-549
469
-2321
-2086
767
1592
1203
1190
1858
1334
627
368
187
-213
-731
-95
-659
-1593
-1300
-638
-231
-490
396
1064
83
-362
975
1435
-253
-765
448
766
-549
-569
817
1543
915
-674
-1121
-1359
-1075
-343
70
157
-880
-24
896
404
571
488
487
161
549
872
-11
-74
9
-29
-768
-2674
-2456
284
-232
-1163
1727
1352
-141
442
686
1546
837
1196
1533
-911
-1048
-747
-1368
-1515
-1260
719
1410
-314
-326
1147
427
-764
-499
59
748
-270
-582
1425
384
-1017
293
369
357
451
-369
-932
-1149
-68
-477
-1269
53
-223
95
1161
1011
1593
673
-931
192
963
-949
-794
1306
597
-901
-671
599
163
-1414
-108
802
-1274
-1764
2
522
253
666
225
-547
807
1504
-43
15
9
-578
-94
-573
-15
473
-317
474
972
-68
-677
334
211
-668
-19
-756
-575
536
-660
324
1738
-859
-1708
369
90
-186
1154
599
-447
381
383
-1298
-572
1369
645
-767
-466
681
940
441
-838
-862
1024
-284
-1698
345
-15
-1260
62
386
-218
358
1387
810
-344
382
929
-97
-1554
-692
337
-1388
-577
1390
1152
838
627
-772
-2285
-294
689
-1183
-519
1496
1819
36
-880
145
589
-560
-1048
905
1104
-575
-240
618
329
52
-145
-806
-567
227
26
-158
12
-90
499
1109
359
-113
-311
-1862
-2599
-755
98
-1353
-435
2127
1716
683
1109
1486
1435
575
-356
-654
-377
-446
-857
-885
-1025
-423
-135
251
1144
1113
1157
270
-521
-595
-522
-446
-1084
-1033
-1090
-59
443
-993
-749
302
1880
1943
873
1657
1359
120
-522
-875
-381
-486
-1796
-986
932
318
-736
-506
-93
194
137
-841
-43
1550
641
842
1027
-556
-1248
-885
-92
-345
-63
1234
1008
-515
-314
1313
-122
-1092
-38
-832
-267
330
-1159
-605
257
-478
-283
223
-120
-317
161
1316
1399
30
897
1809
-137
351
1007
-1947
-1962
-325
-1215
-610
784
621
230
65
283
301
-329
-851
88
1014
642
732
436
-436
-909
-753
110
335
-630
-753
794
329
-539
407
416
293
-107
-423
-484
-708
-697
-1285
-264
421
-540
-198
744
1537
1040
455
1022
929
340
-463
-301
756
522
154
107
-1128
-1107
311
-893
-1671
64
-842
-2879
-849
1994
1008
-269
1188
1672
279
701
1516
124
11
745
-229
-948
-111
1090
80
-1383
-1500
-1447
-1531
-1767
-332
946
1084
1772
1225
246
466
614
-525
-1228
-461
19
-201
-416
264
719
296
516
1037
74
-1010
65
1063
555
-492
-616
-963
-2353
-1023
462
201
666
591
1084
1258
-151
415
1305
-477
-925
-99
-1627
-1890
-696
-383
212
-62
530
1502
616
901
1733
1318
51
-902
523
1095
-1662
-2234
1
-478
-1220
377
851
198
-648
-1008
352
246
-1063
99
1075
1066
702
14
957
361
-1263
-526
-153
-1376
-936
715
0
513
1230
-115
570
556
-56
-43
-314
294
-2
-739
-1343
-996
76
-309
-432
315
379
-193
962
1835
218
576
1186
137
6
-729
-651
-570
-2079
-1663
-1335
-1024
1027
1779
1573
1147
812
1190
1216
90
-974
-504
-336
-451
-467
-1071
-455
180
-281
-152
468
334
-340
234
650
297
648
-859
-1570
1030
823
-1446
-1507
-472
-496
-1089
663
1435
-440
-119
1538
1825
953
273
836
933
-177
-336
463
-400
-1675
-950
-973
-2322
-1695
-664
-815
459
2364
1883
1109
2322
1903
62
-371
-639
-1144
-1803
-1286
-1119
-1620
-27
-60
-185
1685
2134
2269
1980
1426
558
-762
-722
-1093
-2238
-2148
-1236
-1369
-876
680
245
128
792
668
646
16
372
591
-635
190
685
-595
178
972
590
1249
818
-252
362
243
-1245
-1868
-1311
-258
-441
-1570
-207
952
-125
643
1598
731
260
291
-40
-644
-1298
-1342
-153
287
723
1803
493
-312
500
111
110
637
1058
732
-690
-710
-869
-2173
-1073
821
397
-361
50
282
-387
-869
-34
260
-1154
-598
1193
852
509
1085
1617
1288
144
191
338
-606
-956
-631
-416
-1174
-1881
-720
-418
-1022
-477
186
1110
894
609
1100
-194
287
2487
1568
-82
183
61
-1336
-1794
-275
146
-1213
-7
946
-1131
-1298
68
197
-74
493
650
63
623
532
-125
589
822
-11
-58
-170
-1045
-117
449
-991
-620
582
163
-363
34
244
190
918
286
-1160
221
1461
349
-160
176
-453
-1474
-1392
-1564
-1132
432
71
345
1788
677
-78
1274
1057
-64
473
461
-457
12
545
-537
-1330
-726
-642
-1026
-807
-836
-256
1112
765
663
1086
-234
394
1069
-24
284
-4
317
616
-797
-592
-182
-267
-677
-1496
9
1004
-339
-168
1296
1045
-558
230
1049
-1177
-698
581
-952
-1066
-149
191
-121
-239
-55
73
1009
899
930
1453
-34
-1219
-1438
-1592
-1015
-906
-297
1168
1077
1471
1831
407
341
635
142
123
245
-428
-1460
-1200
-1179
-1099
-747
-633
751
624
-33
237
254
1111
162
-315
886
-93
18
937
-172
-688
240
-314
-1849
-121
888
-753
630
973
-411
1481
1448
-497
-682
-748
-501
-597
-815
-1039
-412
997
769
881
444
-284
82
-190
64
5
-108
534
406
-1518
-1789
1131
40
-770
2187
859
-1098
511
913
-944
-629
1002
-443
-1347
554
1464
857
210
-352
-352
-618
-828
-474
-969
-357
312
-304
-543
-1264
-852
566
1050
1486
2205
1628
345
724
461
-617
-935
-368
-210
-1847
-816
305
-1516
-1491
295
869
-364
631
1436
-431
352
942
253
793
605
185
331
70
-762
-849
-777
-1780
-1873
-741
-408
369
2051
2270
1096
714
1657
948
-209
38
-799
-1131
-1371
-2010
-897
-855
-1421
-154
-357
-482
2189
1975
280
1739
2391
1109
33
13
199
-954
-1806
-1369
-1258
-1558
-1579
-527
918
430
-7
699
256
-144
1109
1167
-409
764
1647
-282
-272
415
-718
-1019
0
-438
-514
1328
1233
200
530
97
-306
804
-13
-1938
-1006
-1965
-4036
-860
91
-1551
2472
3872
649
1113
2262
1258
526
422
-390
15
632
-2599
-2852
377
-1587
-2547
1098
1006
-386
1647
2276
769
818
430
-1964
-1303
659
-1279
-1906
465
560
-831
-56
171
-829
1107
2006
1049
1261
685
1298
619
-1996
-1422
-795
-827
-881
-1619
-73
880
784
1480
40
-528
755
710
-744
-1652
572
515
-1582
-288
155
-336
-775
-438
1451
698
161
1563
1487
940
944
1162
661
-1110
-1152
-457
-2634
-2848
-578
-207
-216
-378
346
1795
1213
686
963
-422
-1412
-878
-1620
-1747
-820
172
1234
714
1853
3009
1923
2042
1411
736
344
-1176
-628
-212
-1697
-2852
-3274
-2821
-3368
-2996
-349
1200
2612
2847
2112
2788
2361
1249
751
603
356
196
387
-274
-226
38
-507
-228
61
-106
-763
-2532
-4721
-5263
-3541
-1866
713
4157
3306
1517
3418
3314
710
-129
-945
-2267
-1116
603
170
129
1577
2726
2373
1442
764
71
-493
-1100
-2063
-3092
-2477
-3140
-5133
-3167
-197
1826
3525
3210
1620
1371
2176
950
-790
-2419
-1786
1317
1121
988
3093
3856
2730
1194
-35
-2526
-3334
-2087
-3259
-3738
-1614
-2970
-4894
-1659
1752
4123
4867
2873
1036
-329
497
311
-1597
-792
-93
783
2105
2082
2839
3380
2417
1327
-671
-3288
-4019
-3651
-3752
-4313
-2906
-1052
-1782
-543
2344
4888
5395
2403
713
84
118
-207
-2544
-2696
-512
1060
1248
1217
2099
3404
3592
2217
-220
-2153
-3546
-4120
-2765
-3086
-2625
-2753
-4620
-1572
2218
5000
5523
3280
1542
885
1379
-698
-2173
-2904
-2184
1042
2108
3521
2874
1758
1692
285
-478
-2354
-4124
-3916
-1349
-734
-1641
-1304
-2652
-1179
1962
3432
3686
2295
56
-1731
-533
0
-906
-1955
-1230
2680
3809
3798
3818
2460
1103
-1280
-2954
-3210
-3573
-4656
-3007
-263
-668
-186
-42
-1361
-288
3615
5567
2856
733
-308
-313
195
-2097
-3859
-2830
-343
1565
2920
3287
1923
688
592
1470
355
-801
-937
-1741
-1422
-1914
-3221
-4538
-4358
-2383
821
4857
3975
1464
1462
2314
2893
1003
-1014
-1581
-406
948
1453
1828
963
386
-7
143
560
-1086
-3256
-3679
-2867
-2417
-1930
-2425
-3552
-2163
2476
6251
5264
3041
1734
1103
905
369
-957
-3991
-4081
-345
1774
1523
1361
1475
1274
2085
1725
75
-1274
-2720
-2444
-1668
-1316
-2390
-3987
-2515
475
4355
5640
2262
-373
-1403
-943
302
-650
-2343
-2451
88
4143
5441
3392
2150
1887
274
-393
-644
-3013
-4403
-4363
-3847
-2666
-3335
-3854
-2030
1093
5131
6883
5173
2416
1259
1514
964
-487
-3354
-4407
-2171
-14
2303
3394
1712
-72
932
2318
930
-1163
-2514
-2774
-2950
-2515
-1800
-3373
-4096
-1459
2780
4817
3887
1740
-317
735
1662
875
740
-1137
-2038
673
3092
3695
2050
-378
-715
-278
233
-1126
-3530
-3200
-3519
-3259
-1652
-2519
-2528
616
4526
5854
4766
1983
-1411
-1692
-878
-850
-526
-922
-1694
122
3633
4346
2612
768
86
105
-340
-746
-1784
-3159
-3250
-2795
-3138
-2897
-1718
-181
2706
4829
4174
1735
-730
-1034
217
1046
280
-1573
-1393
30
1715
3681
3004
1885
678
-377
423
-1023
-2715
-4151
-5712
-4070
-3073
-2823
-679
2475
4738
4126
2989
2567
1561
506
349
-51
-1333
-1291
-1098
-867
1829
2978
1694
752
-348
-528
-818
-1974
-2459
-2484
-2598
-3078
-2621
-1539
71
2547
3230
3164
2779
467
136
1562
448
-1002
-940
-679
-236
883
2420
2319
855
664
381
-760
-1321
-2711
-3441
-2940
-3849
-3444
-1446
648
3329
3993
3391
2679
811
167
556
-228
-1033
-892
-968
-978
1253
2496
696
464
1134
163
-921
-723
-977
-2887
-3273
-2762
-3186
-2248
561
2666
2895
3188
3101
1739
1170
1061
-139
-977
-988
-1264
-871
137
584
781
1601
1821
250
-281
25
-1492
-2797
-3118
-3467
-3484
-2819
-687
1380
2059
2382
2645
2828
2264
1801
2096
1443
60
-794
-989
-833
-807
-564
353
442
-432
-374
455
-151
-1857
-1898
-2053
-2836
-1710
-401
-21
759
1788
1199
243
1240
2187
1796
1668
1663
160
-705
-444
-910
-464
456
748
572
241
649
-9
-1655
-2100
-2335
-2613
-2499
-2485
-1289
690
1235
1295
1916
1587
1266
2243
2210
759
-68
175
-129
-534
559
1268
583
23
604
734
-390
-1035
-1182
-1584
-2537
-2872
-2499
-1991
-886
-200
443
1062
1082
1268
1878
2419
2114
525
-556
734
778
-30
1272
1796
897
-591
-875
-229
-1294
-2112
-1733
-1551
-2199
-2180
-484
170
-34
631
1189
1621
580
-837
477
1115
663
1090
961
717
482
884
1488
793
455
681
-211
-672
-187
-1161
-1975
-2049
-2855
-2900
-2335
-1444
-317
94
832
1142
712
1216
1044
1387
2614
2138
2003
1628
1144
1310
310
30
132
-869
-2018
-1669
-841
-1454
-2051
-2391
-2025
-2033
-2365
-435
1031
804
1241
2083
1746
1100
1602
2427
1952
373
570
946
-920
-1657
-574
-530
-1208
-510
-129
-393
568
1012
289
-885
-1349
-924
-1111
-952
-321
-557
-1139
-558
52
-131
564
1563
1813
1227
1347
1659
604
684
1376
831
-38
318
277
-1063
-377
-358
-1895
-1683
-1464
-2267
-3036
-2348
-628
332
448
866
1539
1246
1119
1809
1898
1463
1852
1348
-12
647
292
-1523
-1105
-386
-1478
-1630
208
342
-896
-260
438
-717
-1186
-130
63
-341
-330
-161
-194
-830
-564
350
142
1102
2192
646
794
1635
102
64
480
-66
143
159
194
91
-611
123
528
-1491
-1629
-738
-1970
-1792
-480
-367
231
1167
675
333
224
-542
477
1080
88
427
928
1229
1686
1050
764
1170
-386
-894
582
-747
-2117
-1597
-1531
-1877
-1806
-942
-927
-521
859
876
337
850
1595
990
807
1315
1004
345
-519
-332
-12
-202
226
105
55
489
442
596
1037
169
-1051
-187
-212
-2356
-2476
-1204
-1514
-1760
-370
437
-245
-180
1253
1707
1114
1965
2302
1027
864
1059
875
240
-409
10
-45
-270
-984
-1550
-685
-809
-952
-1682
-2594
-1129
-473
-512
428
1152
698
261
664
-18
463
1917
1441
871
649
298
949
1846
1219
398
-151
-236
-177
-1549
-1401
-1283
-2481
-2150
-2181
-2011
-1092
-282
699
1157
1454
1032
36
667
2223
1512
779
1542
57
-820
550
164
-281
524
653
455
314
473
475
-490
-1584
-2035
-1722
-2269
-2947
-1481
-379
-84
442
330
788
713
444
2299
2485
890
1250
1392
581
1002
1371
191
-608
-367
-333
-514
-813
-999
-1138
-777
-1106
-2547
-2077
-1489
-1394
-143
454
794
228
-125
1655
1868
1389
2305
1940
1091
633
180
605
-407
-1420
-66
-167
-654
267
44
-940
-812
-30
-565
-1712
-2175
-1542
-836
-914
-426
-336
309
1414
1160
1427
1930
1851
1642
1720
1733
1080
3
-642
-480
-398
304
-258
-1463
-658
-478
-1561
-3031
-3268
-2335
-1273
-234
-228
-256
184
1797
2506
2043
2697
1966
616
936
1513
737
107
275
670
438
-682
-60
-619
-2106
-1932
-1813
-2164
-3255
-2632
-1633
-143
1063
354
1742
1800
1827
3396
2277
762
327
100
-812
-703
185
148
892
1694
1178
549
532
-118
-1596
-2803
-2877
-3740
-4791
-3498
-1297
470
428
1769
3582
3014
3714
4129
2968
956
389
-327
-3019
-2054
-380
-17
1079
704
999
1747
-433
-1769
-1138
-1662
-2919
-4712
-4232
-2572
-855
1186
834
2488
3997
3550
3390
1215
306
294
-377
-1021
-1364
520
2145
1506
1309
1841
879
-688
-1812
-2205
-2295
-2509
-3742
-5000
-2807
-112
1086
1484
1943
3256
3545
2244
6
-179
-185
-1894
-1532
759
2082
2017
2778
2704
1616
1778
1012
-2038
-3572
-3039
-4091
-5386
-6400
-4224
110
2250
3361
3037
5091
5654
2557
600
-1451
-1435
-2370
-3769
-1815
724
2387
2207
2927
3710
2173
908
-896
-2100
-1451
-3413
-5003
-4660
-4802
-2701
-350
2701
3381
2639
5375
3465
303
-176
-659
-1442
-2907
-879
1356
2094
2802
2794
2722
1922
765
-1325
-2133
-1884
-3751
-4291
-3166
-5763
-5185
842
2644
3683
3398
3526
5236
1269
-894
-1287
-1500
-1630
-3454
-128
2988
2457
2433
3371
3362
656
-791
-798
-1960
-2790
-3578
-4191
-3467
-5660
-4612
1854
3649
3510
2656
4478
5052
-1101
-1871
-427
-808
-1808
-2257
1603
3306
2981
2904
2511
1640
-892
-1293
-1087
-2567
-2930
-3543
-2795
-2843
-5633
-955
3494
1924
2653
3593
4215
183
-2833
-337
-1161
-2207
-1471
1880
4087
2428
2820
3672
2303
-275
-810
-756
-3099
-3369
-2774
-4764
-3302
-3412
-4555
1959
3298
2488
3988
2743
2900
107
-667
-193
-1833
-2210
-1769
1908
2527
2278
3741
2900
2106
690
-382
-1345
-2989
-3024
-3684
-4426
-3037
-5319
-3337
2268
1095
3438
5003
4302
2500
-620
1972
-312
-2637
-1512
-1093
350
646
3826
3258
679
1886
1046
-1296
-2995
-1966
-1798
-4755
-2639
-1031
-5473
-646
3890
565
3110
4585
3109
-202
-994
488
-3298
-2264
-282
-738
1182
2910
3882
1977
1844
3112
-180
-1349
-216
-2661
-3983
-3987
-2329
-4067
-6408
1794
2070
-254
5577
5047
2520
738
1599
101
-3281
-579
-1299
-1540
1619
2934
1888
548
3034
1641
-948
810
-1775
-3640
-4418
-4901
-2442
-6495
-1925
4797
-845
3718
6662
2197
2055
1412
1246
-1950
-812
995
-2921
25
2404
607
1085
2064
1894
-1275
-771
291
-3263
-3115
-2319
-1211
-5001
-7246
2886
1410
-849
5429
3250
3861
4219
1965
-76
-1935
63
-3106
-3281
-145
-1002
2333
3160
1350
1409
2030
1795
-2697
-1418
-765
-3661
-3786
-5848
-485
-1221
-2519
5780
1027
2009
6380
1401
486
-407
-110
-2864
-1936
2417
-1167
154
2935
2825
2031
1303
2017
-2815
-3785
-2551
-3162
-2955
-7871
-2113
2027
-3098
3506
3814
1570
5303
2992
2045
2054
1789
-1735
-2086
1034
-3931
-1013
3820
-485
-896
1635
2129
223
233
-482
-1844
-3307
-7890
-3128
-776
-3643
2149
1168
466
4982
3820
2809
2496
2934
-68
-1556
1396
-1133
-2262
-295
1307
611
66
2262
504
-1188
-3570
-3138
-3036
-7752
-795
1589
-2298
2438
2280
2868
3038
1360
3391
1737
765
-501
-21
-797
-3561
2215
1336
-1573
2332
1592
613
526
99
-2327
-1766
-2479
-7263
-781
-709
-3854
2112
-32
44
3998
3819
1739
1014
2543
-563
-284
401
-1372
1081
-617
-274
2713
1156
679
1275
760
-2262
-683
-1630
-7601
-2043
-2152
-3721
1543
-1696
1896
4133
329
2113
2675
3088
674
1318
1122
-761
1888
-1578
176
1804
-2418
221
1529
-86
-3407
-1523
-1533
-6966
-5
-367
-3875
1922
-199
2019
2951
-634
3389
2866
915
2569
2387
-1052
-175
2208
-2793
-1526
1273
-176
132
-2
29
-2393
-1403
-3442
-3427
1216
-5558
33
4627
-3065
3100
2732
-1148
1597
366
794
1682
2377
1222
1547
1718
116
812
-2235
560
1412
-3398
77
-728
-3317
-4518
-2693
-1134
-5046
2839
1893
-2865
5210
1209
30
3263
720
1853
2220
1041
571
2305
-310
-159
1878
-1814
854
861
-156
-1520
-4115
-2686
-6646
-3375
-3127
-3882
3641
-1319
2110
5642
-41
5509
3619
540
4163
1342
-1574
188
755
-2308
38
1185
-1120
1020
55
-826
-2000
-3709
-3198
-4208
-2614
-3264
96
4595
-142
2414
3352
-708
1534
687
866
2397
816
332
382
561
828
1411
981
809
1605
-538
-1776
-551
-4676
-5463
-1188
-4637
-1816
1970
-2114
1864
1501
-396
3349
1769
2293
2064
707
2413
1876
305
26
1420
387
-79
1642
156
-2556
-2259
-2483
-7396
-4200
-689
-4123
-318
-675
1237
5644
-348
2434
5652
1720
1444
1039
2193
1210
-1196
1072
1064
-2160
190
2266
-2348
-2445
-233
-2278
-4849
-3087
-304
-3682
-386
1594
-2763
3430
3223
529
4168
-134
-361
2189
-189
864
2083
521
622
2591
1703
6
1054
-517
-1836
-1278
-5070
-3284
-1868
-6447
-1111
-579
-2518
2398
68
3288
5637
971
3749
3293
69
701
-295
-403
938
-866
-459
1320
-1166
-1002
-858
-1379
-2351
-3138
-187
-3777
-2086
1224
-3082
2577
2223
-956
3641
1985
2468
2741
1576
2295
426
636
625
-651
-547
157
-992
-2714
-2583
-1740
-2564
-4380
-872
-458
-1275
951
-834
3094
2015
-1190
5626
2429
-1227
3271
2228
-797
-239
1012
144
-436
-1117
-674
353
-2178
-905
1196
-3326
-1426
181
-5860
-645
879
-4496
827
528
3
3677
1985
3660
4639
2707
2212
2432
1441
-286
-846
-2211
-1706
-2240
-3391
-1359
-2207
-3899
-1841
-651
-2560
-220
1961
-958
1345
2639
980
3702
2801
1391
3144
1388
579
1692
-313
-1620
101
-386
-2513
-1345
-1474
-2074
-1311
-3397
-1613
-760
-2516
731
417
694
2148
-182
2147
3687
1665
1973
2744
1074
-432
790
-36
-1602
-1227
-1624
-1247
-888
-2041
-989
-633
-2448
179
-115
-2654
1410
690
-1489
1758
1420
592
1730
1878
1933
1348
337
273
1228
1115
272
548
-681
-1352
-603
-2339
-1995
-2310
-3468
-1670
-2790
-568
1636
263
2381
1450
1085
2558
1512
1187
2069
2731
-262
-481
1212
-1113
-901
158
-486
-345
-469
-1212
-1869
-3186
-2852
-948
-2292
-2151
-78
335
1707
1211
774
2612
2482
2014
2406
2326
1636
1307
1783
622
-99
-45
-1080
-1229
-2580
-2707
-2659
-4566
-2101
-1459
-3076
-1268
-237
560
1276
2341
3225
3398
4035
2378
1522
1410
-188
48
144
-447
57
-561
-1465
-1305
-2248
-2477
-1645
-1981
-1391
-1104
-709
639
-613
-205
2100
1100
1287
2308
746
1256
2903
2110
736
321
11
-704
-20
449
-512
-1311
-1742
-1719
-3142
-2698
-645
-2048
-1340
606
-1035
-1103
1781
1365
-530
3000
4435
1442
1979
3380
2244
198
-66
64
-825
-675
-1027
-1623
-1409
-1814
-3724
-3150
-891
-2475
-1271
675
-1355
-398
703
825
2227
2889
3127
2718
2338
2023
1247
640
905
927
38
-521
-926
-1122
-2232
-2693
-2180
-2669
-2139
-2367
-2895
-1557
-351
-242
-177
1672
2466
2759
3736
2291
2325
3583
1954
494
623
696
-73
-1283
-1592
-1449
-1932
-2131
-1937
-1766
-2120
-3154
-2137
-637
-703
177
923
1565
2306
1610
1711
2396
1350
518
1883
2489
1269
545
183
-702
-1697
-1160
-971
-2365
-2180
-1362
-1882
-2047
-708
-201
-607
180
989
1533
1783
1788
1414
1025
1699
581
-328
1111
329
-677
557
409
-1171
-1030
-549
-1946
-1167
-27
-1551
-544
-59
-2010
-1710
-715
100
811
1038
1647
1997
1824
2139
1808
913
2279
1861
-366
214
-662
-2376
-1782
-1557
-2172
-2184
-1865
-1894
-738
-204
-881
-65
133
367
835
646
2300
2211
934
2127
1547
372
1594
1370
-393
66
898
-264
-705
-403
-1916
-3427
-2162
-1888
-2988
-1512
-922
-958
299
437
878
2265
3105
2944
2494
1828
685
270
783
219
-903
-440
-88
-525
-1397
-688
-565
-3360
-1226
1124
-1310
-964
477
179
-741
-494
582
-197
-353
488
765
1533
1110
503
1706
1559
348
240
563
91
-363
-689
-1746
-1036
-959
-1598
446
1066
-990
-884
1700
504
-1082
1027
708
-698
-746
-1233
-1329
-51
489
-378
298
1382
1021
909
1652
911
-374
311
928
188
-524
-492
-617
-252
-889
-2340
-1036
50
169
266
-213
231
203
166
406
-468
-241
435
353
223
-430
722
706
-1069
135
-189
-192
1282
-307
-404
1463
1492
-302
-284
868
-178
-450
11
-769
-1847
-1264
22
-601
-1162
197
1013
-526
-241
1346
853
808
825
929
711
-250
45
-617
-1113
-149
-178
-401
-472
-262
264
-165
-303
68
-409
156
769
-194
982
1546
-459
376
1092
-894
-1201
129
-2
-1637
-1096
273
-964
-604
891
-103
96
1360
323
-689
853
1591
-25
-226
-102
-927
-681
113
613
580
351
-157
-460
-265
283
734
69
558
581
-977
-46
369
-1445
-1116
132
-254
-325
479
248
-772
-213
327
-516
-169
407
921
1250
629
448
46
-131
-574
-494
508
-311
-400
128
-604
-466
-836
-1517
120
557
-392
985
1642
1299
1108
567
767
92
-741
-1392
-1285
-296
-1768
-1667
910
677
208
1118
476
-402
-475
-371
569
653
370
328
315
1385
-391
-1288
1069
-997
-2187
440
218
-850
374
1360
-302
-389
1026
-527
-186
1576
309
-181
678
48
-1616
-1887
-610
-263
-291
511
864
799
812
235
-103
-26
-176
440
696
-128
-594
-768
-827
-731
-75
485
-67
36
314
-278
481
507
-495
790
642
-563
117
39
-137
-172
-10
397
-239
-219
134
48
-319
-621
131
289
204
1203
1057
179
627
166
-1290
-942
-704
-1196
-1029
-1390
-359
881
411
952
409
441
1196
-186
699
906
-430
-83
-368
-761
-1120
-337
222
66
709
-250
159
588
-680
154
375
-213
79
439
287
-712
-384
599
93
-343
592
724
-597
-487
-269
-1054
-550
-340
-386
239
-169
417
1080
309
1005
945
176
820
195
-553
206
-237
-1391
-302
-259
-1521
-281
75
-381
359
568
115
-291
240
550
284
153
867
1234
366
848
245
-1610
-1344
-577
-898
-811
212
-701
-987
643
527
293
733
1126
1028
883
645
-687
-535
311
-711
-1861
-1085
-354
-828
25
1015
682
13
382
1063
388
584
630
-42
527
-194
-1761
-1245
-208
52
102
389
1403
873
132
688
-763
-1767
-1134
-467
-448
-598
673
376
-456
257
1767
2007
2
148
824
694
124
-1404
-934
-846
-1201
-346
-646
-847
44
249
-49
722
1616
1147
549
528
-727
-2020
-1357
-761
-693
8
1216
1313
598
976
933
67
-523
-625
-34
-354
-818
226
583
386
258
-151
35
-290
-454
-523
-908
-195
231
162
369
682
302
183
235
-1033
-163
725
-645
-21
311
-107
1154
465
-435
832
392
-266
-599
-1115
60
138
-525
43
-119
-723
178
-91
-974
651
94
-562
1481
849
-834
-386
333
-310
-303
586
-7
-311
781
966
242
312
144
-378
-564
-1051
-1236
-620
-55
-268
-50
833
1203
303
-376
424
701
1032
754
121
771
-220
-1003
-718
-1457
-1084
-932
-1240
-64
318
564
1310
1094
902
140
-348
33
-90
691
1485
134
-910
-269
-517
-902
-946
-1191
-370
-347
-270
347
223
843
780
61
314
756
934
673
56
-69
-199
-1061
-880
-31
-245
-908
-808
13
-161
-323
582
461
117
732
906
548
-75
118
376
-828
-504
168
151
885
-458
-407
2016
1121
-269
330
217
-786
-1704
-1973
-1823
-1431
-602
61
539
877
1116
1302
858
409
546
867
780
21
-394
137
-136
-1232
-970
-855
-1224
-468
267
579
679
928
736
483
472
-543
-343
-372
-1263
-352
-658
-1691
-748
707
746
38
653
1248
964
502
616
1282
787
-65
-154
-73
-572
-1244
-869
-654
-577
368
392
359
510
-816
-528
390
-422
-223
126
-46
-133
-506
-108
686
1089
1161
1171
644
-463
-953
-960
-1320
-1972
-1347
300
826
761
1070
1218
1064
995
645
20
-342
-1148
-1771
-1364
-1232
-1243
-382
756
1612
1763
832
427
710
-115
-530
332
184
-880
-559
-120
-945
-433
72
-65
1217
939
-218
126
-85
-642
29
756
-187
-696
497
799
-651
-1259
55
121
-262
412
135
140
161
-292
-508
-485
503
464
496
1289
497
-320
-929
-962
-309
-293
-237
-165
229
538
562
768
419
-174
-507
-482
-354
155
262
-552
-882
-1013
-426
92
74
864
1112
1332
1107
336
133
-814
-580
117
-255
483
707
-276
-440
-457
-1436
-1553
-1126
-1705
-520
1062
648
1136
1573
1096
1749
1816
1330
2009
2135
832
-689
-1501
-2509
-3901
-4701
-4723
-3675
-2788
-1567
539
1983
2984
3865
5269
5472
3823
3377
2948
1373
681
-310
-2273
-2703
-3658
-5311
-4746
-4460
-4184
-2601
-1484
-817
452
2179
2938
3947
5287
4469
3434
3757
3412
2167
218
-1161
-1386
-2892
-4706
-5296
-4704
-3816
-2992
-1793
-1310
124
1324
1305
2470
3658
3920
3203
3658
4338
2588
1665
871
-1584
-2275
-1706
-2519
-4235
-5081
-3665
-3289
-3453
-1420
-424
-217
880
2904
3689
3875
5070
4414
3682
3315
2509
860
-1132
-1657
-2543
-3586
-4059
-4422
-5159
-3264
-1847
-2242
1253
1533
713
2579
2116
1852
1839
1931
1573
1662
1953
1385
1611
934
512
239
-839
-1180
-1466
-3718
-4158
-2611
-3388
-2069
-1530
-1803
499
675
1252
2449
2474
3154
4281
3915
2878
2395
1480
1305
61
-1590
-1927
-2790
-5113
-5469
-3055
-3584
-2433
-530
-1683
364
1893
1279
2649
3975
3773
3917
3337
1814
1359
1045
781
-378
-1168
-721
-1420
-4227
-3991
-1457
-4952
-3995
-658
-3233
-661
1259
598
3080
3611
3362
4834
4620
2973
2912
1257
-513
-900
-1594
-1291
-1448
-3087
-4547
-3534
-4924
-4625
-986
-2640
277
3312
178
2790
4730
3267
4545
4530
4225
3943
1210
451
-816
-3144
-3495
-4187
-4821
-5663
-3748
-3073
-2631
918
-581
1417
3922
1336
3503
4049
2162
2382
1452
277
956
929
494
1235
124
-1362
-1461
-2226
-4321
-3295
-2479
-3689
-1603
-2731
-1405
2164
269
2924
4844
2894
4339
4247
1952
1545
581
-1031
-830
-628
-1447
-2345
-2085
-3113
-2857
-1796
-2999
-421
-941
-1686
1382
-243
1659
3714
1613
2937
3312
2040
1976
1008
1149
893
-1108
8
-816
-3250
-3511
-3227
-2711
-4375
-1334
208
-2027
1386
1020
345
1935
1228
3266
3333
1906
3905
3435
1377
1904
881
-226
-1312
-3192
-4458
-5226
-4318
-5537
-3623
-1739
-2625
1686
1447
1570
5136
3956
4622
5151
3712
2884
1099
361
37
-1907
-1556
-1272
-2762
-3400
-4283
-2711
-3773
-3942
-1033
-1740
1234
2024
1455
3868
3030
3929
3457
1796
2571
1220
385
1197
-800
-1520
-741
-2883
-3786
-4325
-3193
-2807
-2774
282
-721
1343
2721
722
3058
2779
2684
2518
1218
2018
1018
-29
515
-214
-1421
-1732
-2790
-2424
-2477
-2308
-1968
-2701
162
-423
240
2612
363
2751
2625
676
3110
2080
489
1160
1206
828
-734
-915
586
-1527
-1508
-1600
-3988
-2814
-3629
-2094
-1302
-1529
2035
-33
734
2981
1639
3791
3440
2690
4081
2744
1490
758
-457
-697
-2681
-3327
-2908
-4878
-3891
-4033
-3863
-1906
-1170
1502
492
2391
5467
2478
3478
3242
2230
3674
1468
1022
1790
-38
-1269
-1752
-2262
-3644
-5026
-3137
-3531
-4834
-1442
-1345
-388
2212
1724
3793
3081
2590
4551
3185
3261
2129
822
1152
-1419
-1238
-656
-3576
-3396
-3150
-3219
-2405
-3639
-1273
-607
-1086
1813
708
2323
3681
2992
5079
2264
1397
1667
-664
620
-479
-1858
-49
-1164
-2457
-2495
-3338
-2092
-2520
-2380
710
-1085
-338
1917
469
2609
2422
2366
4095
955
935
1732
-519
-461
-34
-264
-1338
-1451
-303
-1815
-1852
73
-1948
-2630
-359
-1844
-1312
815
-194
1665
2438
1474
2196
1790
2016
1844
1329
1723
1607
168
-1811
-1811
-2006
-2292
-1371
-1858
-2094
-1764
-2233
-1462
-948
-662
696
1460
2310
1601
2108
3711
1599
1519
1815
320
751
703
-690
-1956
-1188
-2147
-3100
-1018
-1764
-1165
301
-964
-688
-475
98
1138
1033
1441
1947
1827
1280
1497
1219
155
408
-31
-1089
-1174
-1095
-1351
-1939
-1873
-1352
-896
-217
555
1057
1297
1799
1595
1031
684
-191
-331
-663
-969
-220
-593
-466
278
384
-36
-689
1076
764
-1418
-195
-59
-796
-513
175
1049
565
1037
1118
142
559
238
-835
-1000
-1168
-1752
-880
450
174
87
445
474
255
90
138
24
537
885
442
637
501
-573
-564
-144
-1128
-1739
-917
-288
81
1049
1266
527
654
860
584
176
-350
-97
-109
-634
-667
-748
-610
-184
-285
-491
387
734
-336
162
566
-488
156
372
-384
600
999
-108
-471
29
-50
-308
58
289
245
-97
-37
-170
-912
-334
-57
87
1105
743
386
28
-574
-107
-494
-727
-218
-399
-115
266
281
152
-188
13
72
-159
723
1044
229
799
-8
-1418
258
-226
-1599
214
575
-272
500
798
-350
-316
-302
-908
510
158
-496
1321
1045
-23
-377
-782
-894
-409
340
85
249
-101
-762
349
378
-52
1143
685
-194
726
-164
-725
93
-382
-352
-1194
-1705
208
261
-680
488
1134
1018
1322
765
891
626
-1338
-848
-69
-1472
-423
411
-590
181
222
-48
301
-56
-461
-21
-282
-1649
553
2225
888
370
386
-39
-1487
-622
246
52
357
442
1114
-473
-391
897
-176
-646
-604
-577
-1160
-377
121
-993
-700
805
1190
410
1402
1332
374
250
-733
-722
-595
-724
72
30
-861
-276
328
375
356
246
1170
811
274
-354
-536
-255
-1809
-450
-141
-1450
559
117
-631
1220
955
-2
768
1393
990
-255
-242
418
-1187
-1372
534
-40
-927
1191
1059
-1458
-976
-543
-840
-308
-139
-80
564
1351
253
68
1347
556
247
757
-473
-579
389
-910
-1059
-10
-1161
-756
888
590
164
231
800
109
-1323
381
260
-1715
148
710
-839
-87
1565
1118
-479
238
725
-266
-64
276
329
534
136
-1101
-1556
-737
-673
-610
-65
541
1250
286
-271
541
-282
-711
632
470
-349
469
423
-42
192
-546
-504
248
0
111
707
-312
-708
560
-547
-1405
-289
321
750
880
684
-151
-343
459
198
-514
-28
-50
-1037
325
689
-526
477
-35
-288
1060
-47
-169
488
-506
-260
-140
-803
-695
70
794
-41
-855
27
1058
48
-372
629
-668
-1087
239
407
-638
-512
1394
507
308
1842
345
-167
149
-1352
-1297
-344
-418
-4
400
932
1046
-144
-56
-70
-924
-301
-43
-842
-302
354
-359
97
680
74
541
922
265
-109
-186
127
190
-642
-622
-34
-470
-341
468
-156
-437
752
402
-468
-232
-163
589
947
-325
-390
384
-304
-595
-388
-523
-22
463
954
725
-171
-192
-96
-43
-244
18
816
-308
-123
1455
-546
-1362
87
-549
-437
12
-647
-136
649
246
-9
498
405
-167
309
871
-151
-353
24
-523
-163
102
77
-95
-86
166
-349
223
396
-386
-440
-225
147
178
112
-199
152
521
-48
512
397
-367
-8
-144
-354
-292
-618
-936
-419
343
111
329
706
520
965
741
62
485
7
-1125
-192
29
-1077
-1155
-808
-176
-711
87
1052
223
1261
519
281
921
-365
342
124
-234
409
-47
-403
-310
-465
-1242
-586
-184
-103
777
363
89
596
701
289
-92
-70
-275
-953
147
-116
-1499
191
-856
-84
2283
338
1441
1565
-635
-484
-364
-698
-1454
-609
448
-433
-51
1100
654
61
-13
445
370
-1192
-887
-21
-730
-613
-505
-591
-16
243
536
1071
1546
1574
659
96
384
130
-1042
-1145
-582
-691
-550
-648
58
130
-312
603
442
463
559
846
700
-684
-481
-501
-956
-884
-233
-198
-572
1128
1603
329
146
564
64
13
192
-980
-535
141
-261
292
226
-392
-15
221
-12
22
-561
-963
-459
205
600
753
871
302
-256
-674
-472
-14
-595
-144
729
710
600
30
-214
698
568
-767
-182
-213
-1210
0
-81
-846
-548
-215
344
-348
973
1725
-328
722
623
-559
201
-252
-374
-366
-717
-791
-41
343
-431
358
910
724
597
488
375
-480
138
71
-1126
-765
-511
-577
-788
-117
818
225
371
569
27
91
95
219
-408
-818
-54
-95
204
544
451
1055
709
-790
-386
303
-955
-48
283
-412
678
-405
-767
-64
-162
93
62
494
-123
-233
527
23
19
818
457
-753
-270
-494
-1455
-482
50
329
813
629
700
284
-25
722
185
151
715
-405
-100
-337
-1107
-170
-217
-339
-770
-735
144
-236
-95
245
222
354
139
534
1114
945
310
-750
-1243
-673
-83
168
566
725
-186
314
907
-814
-962
-809
-877
209
369
357
393
880
702
-173
283
34
-708
406
1163
-225
-460
-691
-1822
-1282
-424
200
-70
-10
229
261
1095
732
1223
1218
758
1035
-561
-703
-810
-1264
-747
-1509
-1011
109
511
671
1109
800
-190
1158
127
-1252
556
4
-629
-379
242
494
-1045
-421
76
-254
219
121
560
-202
-727
941
753
-328
580
738
-392
-274
16
-495
-67
96
-631
-152
72
173
-354
-1392
-2
386
451
233
-798
273
-263
149
1209
238
322
37
588
827
-75
122
391
-270
-1302
-898
-775
-87
820
-284
-114
702
109
-575
-5
-67
-821
-109
-243
-602
434
655
276
740
965
814
162
-198
960
299
-814
-573
-1052
-800
-496
-876
-850
-659
27
944
1377
1693
1300
679
488
-784
-1493
-1244
-998
-430
70
449
-472
-377
901
845
1198
1578
868
-100
-249
-708
-1794
-1745
-1199
-202
155
-281
496
910
553
861
524
-105
492
297
-342
-270
-711
-210
53
-923
-642
334
744
-138
-41
1436
860
266
68
-536
-346
-14
215
-869
-1320
-160
151
55
-57
619
834
-535
-723
158
375
337
865
1103
235
30
254
-1148
-1811
-1038
-347
529
-173
-164
692
-241
424
762
-4
451
236
92
-571
-1135
-133
392
1009
935
-231
-18
154
-87
608
351
-184
94
-683
-1225
-531
-805
-1104
-94
-220
-429
721
491
124
1117
1352
701
511
489
141
-382
-940
-268
-143
-700
191
-137
-820
-583
-493
103
930
1333
245
93
362
-1172
-1144
-553
-760
-157
796
724
339
839
578
663
768
210
534
16
0
-177
-1427
-945
-670
-852
-1062
-707
373
-623
-251
901
376
1109
983
920
1291
252
60
-65
-6
-555
-1020
-137
-740
-175
773
25
-184
-899
-922
-446
-741
-316
535
909
451
30
-201
-326
117
587
798
780
968
1054
712
473
236
-306
-651
-490
-715
-1096
-1193
-1486
-1582
-846
-265
-428
460
1627
870
-172
325
-134
-873
1877
2996
949
1181
763
-887
-6
-294
-1572
178
591
-751
-815
-1633
-2061
-1355
-815
-752
-660
706
1512
868
382
472
1289
1656
780
539
265
-280
188
205
495
657
125
16
-718
-997
-1052
-1616
-1718
-1059
-390
-1424
-738
1736
961
79
888
-85
-644
842
1181
565
1247
2161
1276
-82
208
299
-296
-2
-607
-1459
-1222
-1576
-1593
-1578
-1847
-742
395
960
1427
804
175
321
-544
-188
1445
1685
2021
969
-6
416
-433
109
1194
561
-166
-1689
-2405
-855
-1733
-2992
-1517
-1070
1221
2529
704
1422
44
-1720
197
1179
2130
2389
1431
1204
-233
-704
-628
-1182
424
-610
-2570
-1021
-411
-1723
-1794
-67
-872
642
3687
625
-408
-200
-1589
-240
1291
1638
1623
1983
541
82
1429
400
608
650
-1145
-2224
-2575
-2040
-2376
-2222
-2033
-1742
2756
3760
-510
-288
885
-840
-426
2275
3069
2040
1319
271
104
105
-355
577
-191
-2177
-948
-257
-2064
-1598
-933
-1402
-1878
-1198
3381
3672
-522
-1029
-951
-1423
-238
2475
3444
1957
729
94
30
-212
222
-198
-1288
-595
-527
-959
-810
-660
-2145
-3012
-1872
-892
3065
4032
435
553
-4
-1093
354
1342
1866
682
-408
159
-267
-76
1694
1488
-113
-687
-1198
-386
348
-519
-711
-2635
-4650
-2978
61
1708
1609
973
-827
-1033
468
892
2906
3729
1857
-55
-617
762
1050
1534
1589
-978
-2686
-2321
-867
-276
-753
-1443
-1614
-1990
-2644
889
2924
-416
-1122
-122
-438
-465
925
3166
2626
1484
1853
775
463
2250
2449
-101
-1818
-1919
-2933
-1788
-244
-1695
-2324
-2688
-2613
-1797
536
3876
1514
-783
756
776
1307
1456
2259
3739
438
-1719
-46
-864
-1072
498
-352
-1060
-1134
-1076
887
1677
313
-649
-1057
-1857
-1798
865
2466
1005
-992
-2854
-2646
-1131
-408
1324
3208
3087
1127
910
2404
1515
820
650
-1090
-2087
-1785
-1189
-1084
-1294
-1556
-2122
-2927
-2074
1408
3521
2559
768
-305
-771
-888
258
2217
2386
1278
1132
-1266
-1985
2243
2030
-269
419
-584
-2302
-1696
-193
89
-1176
-2398
-1486
-2098
-2903
1757
4191
2047
840
-481
-1155
-29
599
1269
2815
1339
-826
-507
-247
1041
1354
-23
-629
-1466
-1985
-651
1236
295
-667
-382
-2275
-3585
-1822
1544
2412
787
-443
-1987
-1671
386
1704
3259
3743
1607
-100
-268
127
1351
1441
491
-728
-1521
-1114
-857
-22
-928
-2409
-1568
-2793
-4350
-1682
3018
3692
763
453
-67
-1446
734
2235
2157
3011
1004
-1771
-930
440
1288
2434
1669
-1075
-1974
-903
-1609
-1906
-647
-1726
-2484
-1835
-2754
-994
3941
5073
1510
-1716
-2305
-956
787
1985
3165
1908
-33
-205
-1669
-413
2571
1767
-350
-1325
-284
-1139
-1723
1230
951
-835
-1160
-1452
-2775
-3803
1177
4964
1520
-1721
-2384
-1680
-950
-26
2388
3777
2208
-291
-412
897
1672
2137
739
-1968
-1870
-339
-1085
-435
1000
-959
-2292
-1809
-2050
-2532
-123
4790
5326
1479
-2491
-3633
-1184
363
1881
3231
1336
-124
-434
-1336
-1054
872
961
-1291
-1596
-541
375
1302
584
-378
-748
-1003
-562
-1332
-2204
1157
5426
3449
-1507
-3524
-3585
-1087
1418
1249
2085
1766
-692
-895
579
1476
983
-441
-1233
-1145
-506
787
2081
1683
-923
-2235
-1890
-2921
-3313
-3095
-426
6461
7743
1458
-2931
-2454
96
2517
2905
309
-1714
-1864
-2749
-2048
1214
2054
577
42
-1315
-2472
236
3350
1596
-1555
-1259
-1189
-1370
3
-2958
-3727
5248
8121
277
-4434
-4712
-1729
2501
2282
2216
2381
-298
-121
1501
628
1456
2988
-807
-4605
-2315
-737
-1131
507
458
-788
253
1122
490
-810
-3122
-4688
-51
7513
5075
-4424
-7455
-4272
-321
2831
3781
3436
2864
963
174
1853
2418
1776
124
-2239
-2196
-1311
-792
-267
-714
-805
-1368
-2130
-1145
-146
-1884
-4339
1266
9947
7535
-1821
-7871
-7696
-2440
3898
5323
2337
2811
3316
-1169
-3141
249
2613
1165
-1994
-4194
-2658
-490
780
4025
4357
687
-1017
-1161
-1775
-1761
-2171
-3695
-3864
-571
5361
6938
932
-4935
-5091
-1682
2020
3498
2123
1842
1903
280
322
753
1081
1136
-1153
-3067
-2753
-1910
-2158
-406
2362
1427
1233
2218
162
-1351
-2932
-5719
-183
9340
7561
-2508
-10120
-8943
-1418
3773
3750
1189
3483
6597
1248
-2905
-213
2253
2215
-104
-2708
-3184
-2256
-136
1136
-136
111
833
-1434
-1554
1155
1033
-2110
-4157
-3511
-914
4390
7573
3446
-2747
-4965
-1767
3278
3531
418
959
985
-3788
-4279
-668
1027
1677
-114
-1684
-1354
-554
2254
3419
2332
2351
1460
-514
-446
520
-1796
-5138
-6058
-4301
2761
8569
4373
-3815
-7591
-4809
1702
5575
3098
995
3800
2828
-1274
-2302
-2542
-761
1853
-135
-2495
-1402
-1663
-606
2564
2127
2018
2964
1438
-300
-274
-1620
-3923
-4377
-6448
-1715
9390
8471
-953
-6961
-7029
-1170
5046
4605
885
1648
3400
1109
-2844
-3894
-1700
448
692
-422
-978
-1205
135
2069
2388
3055
3020
1911
-534
-3032
-1889
-1897
-4492
-5588
-5509
852
10692
9342
-870
-7059
-5163
1250
4780
1840
-1173
342
1158
-553
-3179
-4672
-2262
2273
4793
2557
312
1007
712
54
1117
2117
1552
455
-2061
-3354
-1193
-1204
-2764
-3776
-5630
-2206
7865
11138
2475
-6448
-7964
-2598
4508
5443
1034
-421
1276
784
-2023
-4639
-3440
1175
3925
2920
980
484
-480
-344
1979
2565
2169
744
-2223
-4274
-3968
-2060
-2557
-4289
-5108
-2511
7892
13946
5844
-4752
-7800
-3239
3284
3968
375
-343
602
1139
141
-4066
-3430
1846
3416
3778
2146
-1980
-3045
-1827
-979
-571
588
1170
-513
-2231
-1715
1059
1688
582
-774
-4627
-1718
8313
10019
1395
-7289
-9031
-4751
2020
4688
229
-749
3230
2729
-159
-1429
-2453
-822
2991
2514
-866
-2890
-3594
-1450
813
2512
4920
3674
1050
-499
-1986
-2315
-2084
-2171
-5524
-7079
1622
11053
8818
-337
-6823
-8253
-3084
4563
5488
1554
-67
1747
2170
-1158
-4151
-4036
66
4207
3527
1010
-709
-1420
-864
934
2246
958
458
182
-3225
-4303
-1149
-230
-2316
-4233
-3511
3526
10824
8772
-404
-8515
-8029
-85
4280
1026
-920
1437
2201
1808
866
-2379
-3504
680
4083
2202
-1105
-3003
-2461
45
1209
1815
2632
1345
-704
-2686
-2749
-949
-2080
-2508
-2656
-1682
6601
10261
4243
-4197
-9829
-4561
3566
3180
702
953
1288
1812
1166
-3125
-4719
-1276
1660
3446
2069
-1026
-747
31
-222
-83
1137
2481
1303
-1016
-1910
-1129
-1302
-1817
-2709
-4533
1141
9042
7027
-603
-7296
-7734
-1985
2904
3912
2241
995
1636
2536
434
-4134
-5007
-888
2770
2727
853
-699
-1653
-567
1350
729
591
1845
736
-1441
-2042
-1295
-1413
-1839
-2498
-1283
5348
8699
6023
-518
-9500
-8428
-729
1967
2270
1684
254
900
2515
-268
-4551
-4186
-809
3017
4808
3389
229
-1068
762
1255
430
558
303
-987
-2502
-3061
-2967
-2215
-2275
-3576
286
6935
7372
3600
-1991
-7275
-5678
522
3742
2480
972
1807
2335
1594
-456
-4301
-5692
-1024
4011
2701
-253
-502
-557
216
2120
2518
1778
1863
195
-2753
-3387
-3924
-4182
-3834
-2137
2994
6805
6469
1671
-4522
-4848
-642
1758
2220
2373
1172
992
1684
-307
-3537
-5878
-4358
1044
3732
2218
1476
1394
-283
-21
1921
291
-1734
-237
-25
-1684
-2343
-2434
-2499
-2333
554
5286
7800
5125
-922
-3821
-4031
-3234
-560
926
47
-72
2393
3455
266
-2595
-2865
-2295
554
2696
880
-170
840
1711
1558
845
-52
-365
-12
-1107
-1977
-2345
-2140
-2607
-3497
1223
5542
5527
3614
-2367
-6000
-3729
-458
559
-370
171
1875
3340
3941
1272
-2353
-3422
-1582
1601
1675
1177
1850
-462
-903
1401
249
-1134
695
944
-658
-1762
-3344
-3418
-2723
-1033
2970
6193
5863
887
-3641
-5252
-4368
-1353
-66
-179
-7
2308
4574
3548
16
-4305
-4273
-836
2806
4058
2198
2299
2519
1438
1310
1089
-1227
-3388
-2082
-2340
-4281
-5031
-5838
-3850
1047
5494
7270
6428
2592
-2602
-3371
-1259
-344
-742
-1124
331
2832
4488
2244
-2373
-3693
-2683
-1008
1568
1780
84
311
1277
1018
524
141
-890
-774
903
79
-1931
-2679
-4354
-4187
1303
6482
4660
77
-2467
-4159
-2305
1211
826
489
1964
2679
4625
5113
358
-4471
-5365
-3425
-408
1093
479
126
1281
1967
1930
2118
-360
-2956
-1750
-745
-727
-1472
-4062
-4449
-633
3096
4830
5908
3040
-1732
-2673
-1549
151
-428
-2211
-423
1143
1791
2593
832
-1710
-2856
-1295
1377
1941
948
-28
1488
2523
1426
1322
-781
-3450
-3348
-2592
-2745
-4247
-4683
-2369
2586
7690
8192
4636
117
-3880
-3159
36
-1159
-1708
-391
-2
2803
5214
3515
-2059
-5118
-3652
-2954
-65
1758
-972
-208
3657
4811
4054
2668
232
-1560
-1786
-2372
-4250
-5840
-6260
-4285
515
5637
7736
4245
-100
-1968
-1903
-95
-671
-1523
-1114
692
4686
5408
2992
-726
-2932
-2462
-2114
-479
-54
-582
191
812
1797
1334
-451
-1425
-1513
-1214
-606
-1519
-4740
-4004
51
4362
8173
5177
396
-2208
-4116
-981
1014
-1301
-3189
-2253
2293
5223
5275
2786
-1920
-4114
-2789
-945
-790
-214
-95
-304
2423
2795
460
-602
-2430
-2025
129
-1204
-2465
-3128
-3106
1553
6736
8572
5573
-445
-3943
-3607
-1698
-1983
-2088
-1817
-2390
998
4954
5276
1590
-2728
-2797
-2083
-957
370
-375
-1049
448
3938
4245
1954
600
-730
-1033
-965
-1456
-5026
-7563
-3723
922
6541
8368
3046
-699
-2823
-2789
-1609
-2372
-3111
-4103
-1368
3601
6274
7211
3808
208
-720
-907
-48
-1326
-2779
-2668
-475
3173
2578
1265
30
-2504
-2780
-1521
-1323
-5427
-6779
-2481
1358
5936
8154
5521
831
-1098
601
654
-253
-2458
-4450
-1954
1269
3035
3421
786
-2206
-2413
-501
850
-286
-957
6
497
1969
3596
1897
-1492
-3005
-2923
-1876
-2043
-4944
-5274
-1779
2940
7430
8167
5131
207
-2066
138
-279
-2546
-3577
-5010
-3116
2064
5108
4399
2676
-33
-3148
-1847
-201
-1743
-1821
-986
-326
2524
4741
3479
1590
24
-736
-615
-1747
-4479
-6471
-4201
-343
2263
4241
3857
1670
7
664
1219
-678
-2020
-3277
-3889
-947
3073
4476
2195
255
226
-253
878
322
-2486
-1582
54
1136
3055
3255
1306
-704
-2343
-3226
-2617
-4699
-5965
-2443
253
2638
4060
3480
2661
1516
2344
2959
1277
-1438
-3424
-2145
-917
-547
1447
1417
-753
-1429
-287
1113
33
-1158
-314
334
1339
2193
2564
1313
-1846
-2312
-608
-1045
-3531
-4365
-3487
-996
2833
3733
3279
1632
-864
-164
1726
2244
134
-2258
-2413
-893
1842
3078
1900
573
765
-53
-1594
-679
-628
-3033
-3229
-188
1393
1310
978
142
-790
-1006
255
-1589
-3556
-1734
86
2612
3702
3396
2272
-48
-167
-43
-196
-598
-2340
-2783
-952
900
1592
1457
332
-218
199
826
784
94
63
-177
-290
237
1549
1461
-997
-1642
-1378
-2946
-4564
-4021
-2642
-730
2544
4013
3682
3029
2319
2727
2916
1359
-1412
-3367
-3483
-3555
-2691
499
1311
504
1713
1583
981
1380
1460
846
-828
-945
-266
-194
609
-331
-1874
-1421
-2503
-3308
-1488
-1288
-139
2595
1876
819
1928
2990
2887
1713
1494
919
-2050
-3226
-1828
-1804
-1550
-330
-1073
-1186
768
1934
1912
772
464
836
488
1004
596
209
-366
-2106
-1085
-642
-2028
-1606
-729
-588
177
1378
599
414
1515
1333
1396
951
-241
-591
-446
-426
-267
-213
-750
-846
-1031
-653
152
-431
65
1595
1971
2066
2063
2129
1300
-1243
-1908
-2093
-3875
-3253
-2182
-2059
-709
1122
1836
1256
2294
3334
2597
1711
434
-1010
-1811
-1330
-1465
-668
476
-1233
-776
644
489
932
1144
1706
779
-421
558
-377
-1797
-390
515
-646
-1705
-1610
-1749
-2105
-469
951
1032
2013
1581
659
2187
2633
741
-199
-41
-1142
-2138
-1545
-872
-500
-1356
-1376
885
935
234
1673
2556
1777
532
121
-246
-568
-349
-539
-1055
-2432
-2977
-1737
-1213
-685
442
1169
1729
1681
1315
1800
2562
2179
951
-726
-2530
-2199
-983
-1519
-1384
-531
-896
-536
1268
2433
1673
965
1580
1201
151
567
1109
-367
-1504
-1161
-2860
-3769
-1467
-597
-1033
-1134
-787
642
1388
1879
2832
2675
2425
1897
36
-201
789
-633
-1744
-983
-1802
-2134
-162
842
101
-418
1105
1853
-174
-453
491
-429
-945
-1174
-1727
-1278
-1058
-386
506
53
566
1485
2040
2473
1248
240
-157
-1186
-1551
-592
229
88
903
1398
364
323
431
428
540
-1075
-2135
-1598
-1865
-1972
-1085
-816
-833
289
1718
1439
148
543
1686
1377
676
646
1197
973
-379
-670
-163
-121
-143
-491
-932
-503
-205
-537
-379
-78
63
-77
-75
450
457
481
-520
-1756
-90
548
-731
-487
-320
-244
-428
-476
1298
1693
1305
1578
784
455
562
493
172
-689
-920
-1020
-1079
-749
-871
-381
543
-582
-1038
806
516
-399
910
1024
-477
-627
-150
-802
-1052
-247
-188
-175
1171
1347
424
796
815
-12
-110
552
295
-354
41
-59
69
367
-9
-193
-1105
-1459
-354
-12
-346
441
963
20
-228
39
-738
-1667
-1241
-516
-504
441
1411
1175
1180
1297
1035
995
932
351
-295
-512
-599
-423
-166
-370
-343
-205
-435
-757
-304
486
-228
-846
-528
-497
-672
-1405
-1444
-341
-309
-400
1404
2476
2110
2283
1736
919
907
673
-248
-1082
-1202
-1719
-1588
-648
-375
536
1083
89
-261
308
-184
-841
-429
-842
-964
-212
-495
-497
73
13
-413
484
1558
1113
1306
952
233
221
-510
69
997
600
218
505
1112
259
-891
-848
-1221
-1441
-1147
-1931
-1798
-854
-1571
-1503
102
1243
1513
1454
1249
847
1158
1695
1459
1202
1130
591
712
210
-1499
-1200
-1420
-2472
-1258
-534
-440
263
-31
-154
67
298
1360
362
-423
559
-738
-1326
-517
-211
272
149
377
1024
932
942
1241
468
373
273
-1179
-357
404
-946
-987
407
565
198
910
134
-778
-658
-1182
-1211
-970
-873
-1115
-799
209
20
102
1144
908
89
1068
1869
1285
1555
1568
735
204
-369
-446
-893
-1826
-1358
-757
-730
-489
-469
-573
-259
241
-29
264
1011
58
-431
210
123
-294
283
1047
-538
-1080
797
213
-129
1689
993
-643
416
1018
-326
301
1021
-810
-980
-31
-711
-662
-403
-892
214
719
-254
-51
-637
-1176
-555
-1265
-546
1060
-266
-821
446
455
626
1436
1567
1425
1326
1159
750
256
210
-88
-1433
-1888
-1438
-1154
-220
214
316
561
704
507
-794
-1238
-650
-705
-1525
-1179
436
-18
-863
-16
966
1334
1489
2358
2243
1195
1083
524
-57
-483
-1524
-1118
-816
-1221
12
109
-835
-46
-15
-1268
-909
-548
-1394
-663
635
765
256
326
1130
513
18
536
522
544
119
-234
562
1016
796
629
323
188
-173
-214
459
-493
-1683
-1257
-1344
-1944
-1347
255
1215
605
39
516
379
-232
-312
255
924
110
-979
-657
173
-119
-848
318
1664
1408
1787
2361
1126
419
13
-1678
-1928
-1344
-1589
-1529
-593
70
-113
948
1264
-458
-69
1009
-42
-1255
-1525
-814
-703
-1278
101
1638
1718
1990
1913
965
622
407
-532
-235
366
-92
-196
-177
-154
-765
-1255
-549
-693
-1312
-1167
-333
-89
-899
-86
1006
81
-400
751
1554
711
230
1178
1017
-547
-639
-246
-986
-53
712
-151
808
1368
438
475
606
539
323
-960
-1665
-1065
-1552
-1811
-599
-429
-946
-229
638
-114
88
1241
521
620
1132
310
414
1094
858
117
406
487
-452
49
480
-372
-504
-514
-995
-1070
-425
250
351
249
-307
-764
-783
-1051
-701
458
1013
107
-323
318
-161
-520
511
1177
781
875
1192
839
805
-136
-1001
-413
-620
-665
3
-302
-409
-51
-714
-594
656
344
-372
-177
147
337
-502
-802
132
-286
-653
-226
584
1739
709
258
662
-317
77
353
67
-203
-755
105
115
-493
28
-48
-326
83
147
-168
373
265
-369
155
-270
-456
122
-452
-559
-706
-975
-378
-17
257
1102
1526
663
425
991
783
144
1
-90
-747
-450
-734
-1706
-589
603
490
664
1882
1605
-452
-888
-826
-1750
-1750
-491
117
-107
-350
-500
120
1019
821
379
849
717
660
1223
508
-232
-245
-275
-676
-819
-306
2
273
-366
-664
-36
-413
195
1217
577
-247
-554
-839
-1296
-483
47
-1345
-276
1880
1061
205
321
306
219
277
673
392
589
1024
-358
-701
379
-45
-599
-75
220
-149
-101
-22
-652
-719
-1031
-1982
-2280
-1730
-182
1377
1989
1423
1551
2266
630
-178
377
-326
-737
-521
201
-356
-898
-116
-511
301
988
535
652
-285
61
303
-751
263
1013
303
-509
-961
-1098
-2491
-2495
-120
589
601
1263
1784
1587
612
384
131
-203
-1324
-1707
564
485
-474
351
300
212
270
-216
-94
833
746
109
420
674
187
-257
-14
-437
-1943
-3122
-2519
-846
92
518
1139
3350
3612
400
65
692
-747
-1541
-1901
-579
685
-723
-429
916
-14
-636
472
1444
56
-872
1581
2094
-139
-106
918
168
-1578
-1586
-2157
-4087
-1242
578
-746
839
2097
3106
1978
713
1484
-1190
-1824
-778
-862
23
-612
-372
544
521
834
1056
1045
811
-85
-492
248
-289
-158
-40
-713
-533
-1108
-391
-2722
-3061
2324
1110
45
1708
1749
1518
-1485
47
1119
-2044
-1459
-614
768
740
217
1726
200
394
972
-388
59
-928
-1174
252
-185
-294
1010
1222
127
-293
-405
-3020
-4729
-318
1516
-613
1120
2759
2879
924
479
2653
-857
-2503
-598
-1122
-1114
-1172
265
368
-912
896
946
240
938
702
606
1076
1868
480
-1867
-321
-733
-2499
-1746
-4149
-2131
952
-1139
2012
3257
2339
3175
1175
884
-731
-2073
-1045
-1365
-290
-295
-244
1347
467
419
1684
6
-1148
114
-263
-612
394
453
275
477
735
209
-1237
-3511
-3677
-127
-283
-1214
1427
1569
1535
1668
1854
1509
-878
187
220
-1248
-501
-48
745
-198
-322
1028
130
-308
-82
-293
-1
560
1088
715
-2
549
-991
-2401
-3026
-5053
-917
808
-1057
2475
2557
2799
2654
572
1835
-905
-1538
142
-1755
-554
-167
-934
378
957
1598
655
90
1194
-344
-910
190
-359
-960
-143
1205
-441
-794
-1428
-4235
303
446
-3061
1812
2372
1144
1694
1205
1453
-1198
-199
359
-2258
88
818
-21
385
614
1009
-760
-918
148
-517
76
643
969
780
-151
863
-29
-825
-1639
-4514
-846
-219
-2746
1708
1985
1128
2141
1824
1660
-676
15
-273
-2061
-166
-415
-426
544
83
541
1025
798
535
898
563
-453
346
393
-857
-987
-1819
-1286
-2748
-4269
1221
-172
-1792
3816
1545
922
3315
2193
572
-998
943
-1168
-2699
413
-946
-934
690
901
792
354
582
-139
-110
58
-589
321
689
201
634
238
-567
-3641
-4214
1214
-1241
-2113
3574
963
400
2438
1408
267
41
1773
-1262
-1571
960
-1878
-1673
-12
-212
263
1844
2544
461
871
1375
-659
-34
-562
-1715
-532
-911
-1834
-4306
-1516
2621
-2176
1139
4363
-609
1645
1952
-298
-559
-346
237
-1662
267
882
-1206
518
656
-135
213
965
390
-853
1076
992
-43
1496
-71
-1115
-751
-1859
-2773
-4218
-323
485
-2795
2591
2202
-65
3522
1988
1055
1066
1550
399
-2124
20
-1827
-2949
-163
-863
-763
490
1083
613
936
2060
615
1022
1814
-201
-562
-816
-1295
-2697
-4056
-410
-806
-1494
2601
246
495
3435
1162
198
244
678
-660
-867
875
-772
-435
406
-640
-288
191
227
-57
381
456
472
1696
325
-513
415
-1273
-1237
-2239
-2691
647
-2100
-1687
2072
-232
1419
3223
1549
1441
1539
91
-1544
253
120
-1442
-225
-622
-790
-16
-259
35
329
494
1204
1676
648
-576
494
-311
-1888
-1127
-3463
-1938
787
-2277
433
2322
535
2083
1911
1050
418
759
-99
-1501
89
-1118
-1722
-567
-1116
46
1201
1274
1631
1814
872
-213
704
685
-515
-196
-1248
-1341
-1437
-3675
-630
-876
-2576
2034
306
167
3037
818
838
1347
1484
40
-669
782
-761
-65
348
-1067
31
-515
-934
509
601
38
306
1218
540
-195
114
-891
-447
-2117
-3005
155
-2661
-925
2896
-400
1992
2492
286
1535
1033
302
-709
428
-413
-2262
-256
-1744
-1201
1797
362
1071
2160
421
516
1085
453
-643
-470
-613
-1538
-1805
-4375
-1115
1168
-3191
1367
2099
-766
2846
2161
1667
1055
37
626
-37
332
-1125
-752
-166
-1872
-114
-405
-699
1321
121
711
1392
-55
257
760
491
-1487
-519
-1488
-3786
688
-1698
-1616
2492
-1542
1301
3009
647
2294
1595
887
-425
-688
-762
-1777
-392
-821
-454
630
-661
252
1286
995
1031
731
1209
-43
-351
-162
-1521
-1283
-3787
-1527
-516
-3965
1850
316
-1340
4508
1806
2017
3505
1512
849
-735
-982
-1687
-1734
-1595
-1793
247
-220
-21
1772
698
1695
2092
500
506
-68
-711
-2224
-1548
-2287
-3518
578
-1984
-1416
3162
31
2385
2758
-37
2200
743
-421
229
-252
-729
-411
23
-1989
-288
1098
-1837
467
1222
-437
1424
976
1045
1137
-49
-991
-1135
-1044
-3855
-684
-278
-3476
2285
273
-1076
3941
1062
1389
2603
488
765
259
-1026
-1567
-946
-1674
-1926
-474
-675
592
1433
1339
2462
1126
617
1210
732
-352
-1512
-1616
-4928
-3595
-512
-3497
480
2316
768
3839
2091
2406
2829
-351
395
560
-1120
-1526
-542
-1318
-1711
62
-880
75
1252
-771
668
1644
575
780
871
396
-997
-204
-1495
-2650
503
-1863
-1800
203
-1829
930
1358
852
2492
1012
1185
1993
811
-582
496
-77
-2625
-1013
-668
-961
-159
-539
654
971
907
681
590
1526
-8
-764
-1852
-2064
-381
-2801
-817
1269
-1401
1688
1682
-264
2358
1580
533
1016
393
-308
-367
-1093
-2217
-963
-615
-117
1526
1248
1429
1420
361
-255
213
-332
-1662
-2000
-2661
-1501
-1862
-1302
1729
-71
1197
3123
1061
1872
1032
-87
874
661
-194
-746
91
-988
-1967
-534
-1137
-722
432
215
1391
1041
350
772
501
178
-214
119
-1690
-1992
-366
-2072
-850
-481
-958
1689
130
551
2925
1051
1107
1949
23
-728
1157
175
-1748
87
-1003
-1918
96
-670
-214
377
463
1143
811
1023
220
230
-2139
-2463
212
-3009
-862
103
-2100
2751
1406
94
3025
1565
697
1251
1287
41
-292
-121
-1365
-1877
-2412
-1147
109
-483
761
1237
1285
1398
395
858
653
-288
-2728
-2912
-251
-2275
-689
856
-1025
1699
732
414
2339
582
800
1343
326
-339
694
-550
-1723
775
-706
-1063
729
46
126
130
599
133
243
617
-657
-1460
-2506
-479
-1284
-2339
1646
-84
445
2245
239
2105
1045
-278
622
411
315
-268
601
-450
-445
42
-1771
-223
58
-474
178
322
626
146
459
12
-756
-1768
-730
491
-1856
981
1232
-1435
1779
450
-1071
286
318
713
-364
51
246
147
-35
-1119
1151
901
-39
1502
878
517
16
188
0
-1088
-918
-1738
-1549
-1543
-775
90
-1399
465
605
-28
2086
602
564
1823
737
-528
-909
128
-371
393
1242
-215
163
-233
-819
-389
-42
318
242
634
292
553
-183
-1364
-1276
-1721
-372
-1275
-798
1266
-865
863
1785
277
1181
643
17
-127
925
637
-188
597
-459
-242
122
-452
-210
142
354
-276
221
228
89
-375
-1441
-1202
-2744
-1427
-82
-790
1824
686
689
2527
395
775
953
337
16
-9
665
-839
-79
355
-639
-7
-421
41
45
-162
327
318
228
-838
-296
-528
-1560
-1379
-1853
-644
-116
401
1414
445
1064
1280
725
1099
620
474
459
37
-494
-463
327
266
-85
-176
-253
-215
-432
-312
-511
-542
170
-417
-720
-1070
-1431
6
-326
-33
1340
298
787
1304
331
267
-119
-79
384
1003
1333
754
981
195
-847
-470
-679
-751
-969
-1033
-872
-430
284
-912
-1313
-938
-591
-71
-88
1631
1098
-25
1240
233
-51
838
892
989
135
203
942
560
163
-163
-141
177
-467
-1147
-726
-835
-1614
-1001
-746
-913
-79
-246
-258
-264
249
1255
383
1099
1522
476
763
347
83
-136
-333
208
398
813
811
713
187
-599
-223
-588
-1317
-1330
-623
-499
-1646
-990
-1030
-1365
189
467
1340
1342
410
962
736
432
28
268
194
-355
695
1039
984
592
502
450
-366
513
-219
-1840
-1480
-1193
-418
-577
-886
-582
-1358
-667
240
345
1012
942
777
789
854
475
-169
161
17
-427
-134
677
555
-510
144
316
-159
1107
1009
-307
-426
274
-339
-1412
-866
-2279
-2241
-224
-862
459
999
183
935
481
529
443
536
385
338
1627
943
1218
1480
-18
-216
-502
-903
-1056
-681
-997
-1544
-291
-634
-1229
-694
-881
74
559
421
1078
1112
702
-235
263
934
-533
-329
545
78
530
1611
1151
330
714
-52
-996
-584
-208
-785
-1874
-1133
-853
-1527
-758
-1076
-741
1261
1276
654
1247
1246
-2
64
465
-297
193
156
-63
733
841
1136
286
-77
868
525
-238
-683
62
-471
-1571
-1244
-1710
-1076
-1366
-2154
-407
49
18
1062
1390
990
837
1214
1180
897
509
115
169
390
374
-204
187
980
39
-107
278
-683
-915
-950
-1021
-642
-564
-494
-1076
-1056
-18
-570
-1165
69
619
684
1383
857
436
1030
613
251
607
487
433
378
513
717
-87
191
561
-824
-1205
-906
-1209
-1438
-1045
-832
-1429
-829
165
-41
575
1637
1143
616
494
-41
98
461
473
299
333
1188
1345
173
-454
134
383
-363
-457
28
-994
-2002
-1054
-472
-901
-239
192
-695
-441
-134
-25
509
-429
-51
1030
411
269
892
1466
1160
771
598
658
728
350
455
-364
-653
-342
-850
-793
-1162
-893
-868
-1459
-768
-580
-453
-408
-480
219
247
185
641
430
257
1117
1715
1463
1286
1391
865
-174
-112
336
179
-369
-1448
-1147
-358
-1044
-435
-37
-998
-1009
-1159
-611
-634
-942
138
-370
-23
629
203
1375
1377
982
1535
1008
807
1343
1148
200
-244
440
314
-939
-677
-253
-1079
-1313
-1104
-1118
-1167
-955
-824
-891
-841
-359
428
608
369
66
586
1173
707
841
1181
801
692
1036
880
682
878
458
-164
-111
105
-388
-1117
-1288
-975
-1456
-1918
-1685
-1967
-946
-554
-189
1608
1009
720
470
-407
422
834
513
611
1798
1647
1132
1535
517
485
608
-25
43
-412
-1421
-1842
-1081
-967
-1469
-916
-604
-1209
-1155
-632
-743
-492
-81
21
677
1492
1148
726
1068
769
1240
1873
1159
1016
1290
747
-470
-534
-63
-308
-420
-1357
-1690
-1138
-1416
-1039
-632
-970
-839
-555
-459
-413
-415
-70
815
1368
1111
1084
1251
932
706
789
1047
724
102
169
-168
-347
-43
260
510
-283
-126
149
-1149
-1398
-1774
-2362
-1425
-1215
-1562
-530
333
407
1140
1594
917
693
1636
1631
675
1127
1263
403
238
122
-307
-773
-563
43
246
147
-640
-869
-891
-1273
-626
-1184
-1890
-687
-59
120
69
121
243
154
721
583
557
652
290
693
1027
1119
985
1467
1356
-441
-310
538
-715
-1566
-804
-231
-875
-1533
-531
-70
-1046
-412
-4
-706
-286
34
-24
247
555
237
-262
-98
-341
216
1559
1119
1209
1718
833
790
329
-236
60
-450
-371
-403
-891
-735
-842
-1059
-794
2
-130
-1153
-933
-324
-679
-632
-43
285
572
518
906
1408
1140
809
716
1135
545
-373
316
466
220
556
-236
-627
275
-414
-1260
-468
-391
-1104
-1443
-1614
-1389
-460
-222
-537
241
1018
844
448
965
1418
432
259
1116
1067
502
335
590
110
-576
-198
-431
-721
204
294
-66
-279
-1051
-943
-359
-627
-682
-612
-995
-668
-91
-33
-201
-247
342
377
634
1786
1616
1051
1179
1242
807
-111
-352
148
-24
-1058
-910
81
-319
-672
-253
-341
-451
-456
-836
-930
-495
-791
-1353
-646
58
315
808
713
728
1242
998
597
849
949
771
353
129
569
38
-535
151
274
-29
-260
-641
-1067
-1252
-928
-933
-1112
-812
-379
-498
-479
265
247
80
564
688
532
330
785
1142
476
711
921
247
660
1042
426
142
559
-80
-1346
-783
-668
-1229
-912
-1059
-552
-485
-1291
-330
200
-594
-172
554
362
334
400
397
305
-252
143
1119
1195
1246
1346
846
350
458
348
-657
-1342
-841
-477
-747
-373
288
112
-629
-716
-529
-1103
-927
-326
-834
-1072
-70
669
504
638
950
1339
1139
465
1132
1284
68
-385
358
516
-127
91
-81
-493
-380
-442
-103
-172
-739
-1038
-1237
-1244
-658
-318
-558
216
513
-112
285
703
298
-125
193
743
719
391
767
1296
716
337
642
691
233
74
282
-351
-991
-1119
-966
-914
-1219
-920
-638
-699
-794
-532
47
-324
-437
151
269
599
1169
1402
1530
1349
728
677
924
623
36
-333
170
-17
-798
-459
-690
-797
-316
-888
-771
-452
-896
-696
-617
-258
62
-738
-578
256
343
179
400
1128
1132
958
1856
2125
654
-81
650
-100
-1440
-823
216
-85
-748
-730
-1051
-1073
263
878
-69
-1117
-1123
-624
-936
-933
-221
-231
114
962
1049
1072
1312
1714
1847
941
176
-4
-570
-662
-369
-663
-492
-174
-129
-205
-291
391
125
-591
-353
-864
-1285
-858
-487
-482
-529
-4
169
185
686
722
799
1547
1638
588
382
1034
731
355
218
-156
-598
-1131
-481
47
-790
-799
-731
-1327
-1110
-828
-969
-555
464
771
-52
55
826
684
187
-241
830
1489
-27
205
1055
590
1081
1617
642
-646
-332
-319
-1807
-1601
-506
-466
-602
-636
-196
-374
-1104
-497
408
465
-53
26
839
691
-18
-421
-326
48
107
280
867
1686
1788
1160
1253
1251
367
-325
-1333
-1622
-991
-1901
-2118
-1367
-1267
-1032
-1108
-60
1216
1536
1198
547
1374
688
-515
58
-284
57
91
-346
1408
1953
782
897
1336
283
-756
-592
-1368
-1762
-994
-1281
-1092
-1161
-1545
-1193
-1240
426
1652
1058
903
929
1619
1076
561
889
348
651
-37
-685
46
1
-448
-762
441
668
-426
347
426
-459
-556
-623
-882
-1073
-2103
-2586
-419
203
-250
1272
1583
1271
977
703
1099
288
69
-107
-179
1190
290
119
1019
146
229
-64
28
-211
-1514
-1203
-1050
-604
-923
-1532
-1320
-1351
253
571
786
1756
1044
1154
757
620
600
-532
-558
-441
583
909
44
752
849
408
-143
-681
-69
-605
-1444
-990
-630
-655
-946
-1250
-1001
-70
409
972
1137
456
1464
599
-958
675
294
-588
290
477
432
411
1227
1377
354
346
629
0
-1340
-1660
-1023
-1069
-1147
-1274
-1934
-2038
-735
693
673
708
1608
2045
1042
-75
454
-109
-416
787
306
1201
2098
739
418
466
205
-989
-1509
-610
-991
-1516
-1183
-640
-797
-952
-735
-980
-149
598
540
581
607
1070
305
-214
726
457
462
1221
1269
729
437
1296
989
-87
-195
-614
-1181
-1618
-1263
-1054
-1620
-1196
-753
-929
-541
281
-7
176
1196
383
498
876
-115
594
984
357
590
1207
1421
1399
1270
-16
-331
-30
-936
-980
-1072
-1160
-803
-1217
-1343
-1148
-1258
-1320
-592
-42
261
1055
991
1249
1644
1260
1422
796
-194
94
413
138
-75
253
399
-124
-351
-95
-180
-608
-198
-224
-1216
-728
-832
-1268
-555
-1200
-772
541
250
-154
168
1220
1110
625
882
257
180
853
752
599
364
218
968
532
-247
566
347
-624
-1002
-1196
-1500
-2106
-1799
-1162
-1079
-464
584
941
768
395
342
1015
798
288
297
4
88
497
1098
986
464
1013
779
-35
219
24
-728
-992
-1225
-1300
-1477
-1392
-518
-248
-264
-30
394
444
139
652
343
344
1031
110
-136
312
544
467
-563
-237
561
386
310
-199
-209
-36
-462
64
231
-114
25
-238
-43
-174
-1298
-1127
-81
-295
-524
256
464
366
96
284
1056
478
547
1073
337
22
-119
-237
-771
-1092
75
146
-359
191
311
14
-164
83
-129
-697
-744
-605
558
421
-152
1141
477
-347
405
523
191
-353
-235
-58
-114
-108
-13
162
-483
-562
-337
-537
34
607
484
-27
299
581
-722
-535
440
-325
-261
233
254
198
9
538
255
-14
333
-66
-280
-508
-85
384
-421
-275
683
153
-534
235
365
-501
-802
-618
-364
-562
-315
417
376
1017
1356
387
482
369
65
108
-786
-795
-285
-198
-289
-548
-196
223
-57
-273
563
477
53
925
652
-109
-280
-429
-362
-281
-598
-852
-375
-661
-325
1142
1112
1136
973
213
533
-371
-1524
-323
224
-805
-850
-52
135
176
318
285
370
30
66
488
-77
-116
262
-345
-603
126
549
33
51
406
-232
-211
-157
-692
-213
-269
-181
621
346
-104
75
453
10
106
390
-341
36
-254
-781
-21
8
-40
218
69
-129
499
245
-356
574
4
-902
-261
1
-219
502
1309
247
122
561
-100
-19
-463
-1129
-945
-341
-449
-1214
23
1217
326
283
1414
1135
-147
-273
127
-703
-1230
12
-180
-721
630
591
574
863
-145
-102
-179
-543
-293
-228
-198
-464
75
152
-307
705
463
-197
553
314
-253
-91
-408
-509
188
141
119
997
945
-235
-245
232
-890
-664
278
-678
-570
345
-99
-400
275
-176
-201
872
83
-115
114
-320
53
296
491
387
278
-411
-477
192
-894
-911
-236
174
690
532
725
193
115
378
-295
-729
-813
9
366
108
364
259
-287
99
886
45
-224
174
-510
-577
-61
-72
-370
518
1062
-158
-466
45
-241
-606
223
354
-731
-397
-167
-219
289
-154
-76
709
571
-48
43
906
622
-442
-251
-79
-440
-211
-240
-304
262
571
387
-14
-324
-579
-395
-292
-1013
-216
1172
409
-182
416
134
-136
1334
1539
-397
-756
-371
-589
-309
-124
-441
-1055
-754
534
748
66
-49
357
237
-170
286
503
-203
57
679
-24
-367
176
355
-135
-561
2
-68
-536
45
65
-295
-306
46
542
50
-41
877
851
39
-445
-686
-812
-644
20
190
-217
178
510
463
138
-321
-20
-219
-251
309
130
-294
-118
550
25
-436
99
-6
-488
-134
961
-69
-395
1225
399
-40
505
16
-403
-346
-33
-308
-320
-490
-716
-236
-497
-388
675
510
-352
382
696
-160
406
691
-253
-182
588
65
-502
278
-280
-846
604
100
-1113
-63
560
94
-635
8
940
-386
-40
1103
-173
-614
-66
-175
-214
-79
-231
-218
38
-89
-311
52
704
565
515
828
388
150
96
-362
-656
-1024
-854
203
127
-283
444
244
-444
137
671
72
-52
283
-150
-451
-814
-243
835
326
-127
-90
161
185
33
222
-407
-463
242
207
-330
-342
349
9
-91
509
-84
-55
446
-159
27
488
-51
-279
-293
-79
276
-76
-403
-69
-182
-482
318
50
-515
-132
-338
634
849
-7
565
272
-93
331
165
-160
-424
-140
450
5
-501
-172
-520
-691
-45
35
-119
-55
453
622
-141
-115
477
94
-199
311
309
-234
-119
-251
-812
-44
361
-261
-108
232
835
985
113
-45
-424
-1088
-259
42
-432
-297
-260
481
436
-319
263
154
-66
489
415
-24
137
306
-153
-94
-254
-426
211
271
-511
-667
432
226
-300
959
962
-657
-832
425
93
-782
-187
-353
-949
-136
895
400
-140
624
394
-351
59
275
-133
-361
10
155
120
563
248
-246
-35
-266
-747
-502
-57
-80
39
224
524
681
510
838
190
-918
-930
-910
-525
-116
22
433
407
308
178
253
687
248
59
-57
-699
-406
-362
-452
25
-32
-271
33
321
-69
88
511
636
599
-33
151
217
-615
-642
-276
-534
-626
-65
139
380
431
242
285
76
354
298
66
173
-98
-417
-810
-154
402
-264
-493
-54
355
-2
271
594
-411
-300
553
231
-553
-133
566
-393
-600
417
324
171
-51
-841
-480
435
754
846
746
-71
-1079
-476
-207
-1524
-661
1287
413
-443
680
242
-772
93
657
186
-218
94
620
740
876
466
-576
-769
-471
-599
-143
-218
-629
-258
-720
-157
1272
663
-61
558
69
-867
338
658
-532
-1044
-1058
-506
-188
797
1660
907
792
988
304
51
-265
-1177
-792
-723
-1257
-17
647
353
87
-267
-164
-343
-332
-285
200
901
170
388
965
-29
-797
-521
564
240
-189
824
322
-419
-660
-701
-419
-696
314
745
119
951
756
-374
-287
154
-277
-735
187
-70
-829
625
441
-791
-246
-28
262
408
-5
175
231
-121
62
606
-73
-514
-428
-795
-155
145
469
712
-23
639
1013
41
-409
-394
-811
-1166
-492
193
447
63
188
509
-346
15
310
267
697
-184
109
330
-623
-33
-263
-1111
-487
-18
323
688
721
609
-155
-13
357
-547
-159
467
-270
-498
-253
-637
-704
318
345
-253
68
337
443
622
390
-212
4
468
269
-160
-321
224
-239
-968
-238
19
-588
-323
436
-157
-528
394
365
-302
744
1600
-269
-623
482
-798
-1064
153
123
-127
113
746
701
-52
499
810
36
-57
-502
-577
-125
-809
-810
-689
-904
-73
-12
228
985
627
769
695
331
777
637
148
-167
-513
-1032
-1092
-578
-505
-138
348
-39
-316
162
528
476
64
73
918
353
-832
-214
575
-120
-474
282
-346
-1003
-147
-83
-402
335
782
-157
58
1242
813
456
193
-539
-489
-425
-350
-273
-626
-309
-188
-882
-325
600
236
244
945
965
570
54
-349
-112
-236
-243
214
-508
-818
396
667
-104
208
446
-401
-338
54
-317
-476
-79
40
-253
-44
-155
1
783
212
193
1261
542
-485
-15
-239
-1179
-697
-278
-709
-399
93
472
821
973
707
-114
107
183
-496
-74
-4
-340
-164
-337
-554
-106
-14
-733
307
1425
140
30
764
-262
-575
523
340
-400
38
202
-294
-771
-985
-380
1
-287
247
1066
420
136
1033
333
61
920
-255
-859
-270
-784
-1147
-602
180
-154
-455
644
618
-160
271
407
189
217
-416
-263
644
350
-96
61
352
170
-307
-181
168
679
331
-861
-926
-501
-583
-640
21
167
-40
1106
1223
-126
-281
543
3
-749
246
95
-305
129
-262
-326
-624
-167
818
574
436
-222
-538
297
539
302
-150
-434
-170
-15
-413
-311
870
338
-895
288
52
-1420
-377
-42
-920
72
944
-102
-158
1014
914
86
-234
259
469
244
436
404
167
251
534
93
-377
-564
-792
-305
-383
-264
230
-376
-547
-227
-755
-1463
-866
-634
-985
-60
199
352
1566
1945
1266
1134
1945
1547
1091
1296
406
230
-271
-1307
-1207
-1555
-1132
-1099
-2095
-1781
-2086
-2641
-1834
-172
793
1353
2757
2224
1154
1121
492
459
1297
2053
1179
354
188
-529
159
97
-385
53
-725
-981
-1098
-1912
-2160
-1472
-686
-1638
-1954
-864
-291
891
2004
2158
1780
1274
1221
680
497
1231
1145
270
-143
448
240
-471
332
773
-335
-1715
-1735
-1523
-2193
-1102
-214
-1428
-1689
-1278
-641
355
1187
2262
1728
969
1003
594
1294
1280
1619
1936
67
-362
-253
-91
-421
-441
244
-1133
-781
-1297
-2160
-791
-2067
-1686
-627
-1585
-597
261
729
1854
1689
967
1263
1618
1520
1109
558
309
289
460
80
-328
28
295
-151
-607
-346
-94
-343
-1539
-2769
-2396
-1605
-1931
-1381
293
11
315
1362
331
1411
3033
2175
2346
1779
704
901
-277
-958
-205
202
-967
-1963
78
609
-913
-245
236
-1215
-891
-273
-1941
-1817
-1378
-922
161
-184
1256
2437
1433
612
1197
1862
861
402
231
-205
-1046
-1044
21
-220
133
495
240
-57
-477
-331
-338
500
346
-1448
-2501
-3024
-1690
98
874
2052
1129
-404
216
1209
2592
1779
1305
2842
354
-1173
-451
-973
-741
-1048
-580
-971
-1873
-1377
-1317
797
872
-724
140
-260
-504
-332
-102
1498
1833
-10
-298
1020
-549
-567
854
-219
-37
-33
15
602
720
948
1181
2164
405
-686
-374
-2091
-1277
-1078
-1905
-2323
-4028
-3109
-641
1341
2804
3967
4253
2246
780
1391
1795
18
-843
-363
-1870
-2292
-1595
-2028
-734
1340
1169
657
259
-556
337
954
176
-111
-1368
-2464
-1292
-1121
-2059
-86
2123
1790
1338
1051
832
1118
1703
1071
-475
-1069
-1855
-1101
212
-51
1013
1751
1368
1294
698
-806
-1618
-1617
-3140
-2935
-1851
-2482
-1868
-651
1040
2191
3469
4556
2374
548
1065
1887
859
490
354
-1870
-1344
-1117
-1253
579
44
-147
324
-690
-1530
-1531
-1685
-1524
-309
-1366
-2800
-1418
-154
329
1300
2411
2255
1411
1446
1430
1771
2624
2352
864
-850
-812
-954
-2055
-510
990
-101
-916
-271
-419
-1077
-1158
-900
482
-1243
-3279
-1298
-1135
-1370
645
1807
1462
1166
562
1312
3421
2030
531
745
574
-210
-1548
-625
77
-297
-358
4
636
-987
-1708
-422
-707
-1113
-114
-1117
-2149
-1220
-1607
16
1736
1762
1984
1232
2348
1059
-979
1129
1416
754
469
-741
-1268
-508
298
-1012
-1861
-30
613
-481
-148
42
-105
670
556
-807
-1559
-510
-1462
-2609
36
1312
882
580
267
900
969
660
1388
1970
370
-581
118
-333
-473
-83
256
403
322
595
-2
-914
-856
-474
-858
-1154
-2251
-3479
-1692
-305
514
2385
2387
1516
1608
1338
814
1595
1276
151
-620
-2217
-2131
-1300
-634
507
647
154
359
111
-1014
120
746
1109
1969
-497
-1020
-1111
-3201
-1972
652
1594
739
606
958
5
-131
54
490
346
-1354
-138
1271
-26
1136
1661
581
600
-260
-1015
-2134
-1605
-644
-1208
518
315
-1032
-489
-1268
-636
1531
1747
1162
1398
801
-623
-536
227
645
1013
565
168
706
-199
-991
657
351
-1446
-791
-397
-1706
-1939
-867
-274
459
325
-1256
-856
-636
-467
1556
2154
2731
2555
1706
962
-283
716
273
-1336
-1235
-1488
-2151
-2088
-574
332
1072
1305
964
1488
-227
-2462
-716
1490
-512
-1583
-321
-574
-1536
-1641
764
1225
523
2288
1966
421
-73
-80
517
1331
730
-215
284
532
-608
-2017
-801
-400
-1290
69
-5
-1263
-903
1009
1400
-13
-441
-664
-1306
-2544
-1443
1523
2887
2652
1672
1497
-393
-1973
100
908
-578
-792
38
-313
276
1408
832
496
95
92
-413
-1258
-817
-1885
-1013
429
-1275
-1014
-1318
-2136
-199
1172
1787
1966
1378
192
-136
683
496
1495
2053
-236
624
1426
-1586
-1410
-536
-724
350
642
-268
-1556
262
-39
-2186
257
537
-643
-1038
-2670
-2534
293
1934
1380
2678
2006
-118
286
-33
-102
1247
1888
135
-401
413
-1008
-1036
-208
-827
-540
359
-514
-1224
435
801
-65
785
161
-2030
-1989
-2585
-3376
-1358
993
2796
2720
2359
2434
1298
1495
1021
532
1565
383
-1934
-2334
-723
-1173
-1905
-184
-733
-694
888
92
-273
1296
1344
74
759
-620
-3189
-3118
-2414
-267
1128
2182
2768
1535
1303
569
609
1280
1077
102
-684
23
-1949
-2630
-81
-180
-674
1130
1148
-1156
880
1912
-651
293
113
-786
-929
-2661
-3171
-2750
-1241
-40
1383
2838
1305
938
1612
2288
3712
2290
5
-285
-758
-2355
-2548
-1613
-784
376
222
47
-175
-81
1137
1273
1933
1138
-610
-1359
-2957
-2868
-2656
-1782
305
919
1798
1049
588
1817
1089
712
1682
1846
717
-411
-1150
-1083
-238
-868
-844
333
223
-169
-226
-308
-517
201
358
24
21
-2364
-2891
-1625
-1141
1099
1720
2485
2530
-519
730
2187
659
1052
660
74
-573
-2499
-1803
-524
-539
250
839
472
-155
-735
-343
818
835
936
138
-982
-582
-2440
-2878
-1523
-67
2509
1320
620
1106
-125
-387
517
2251
1484
1115
774
-1314
-804
-1386
-1387
176
225
552
291
-280
-670
644
1106
-494
598
-172
-2266
-2142
-2424
-1649
-1018
149
1982
1763
1629
1552
778
-143
638
1872
1123
696
-117
-829
-961
-583
350
-450
-485
-395
-720
-13
-20
404
729
523
666
376
-1436
-3525
-2969
-1061
-858
-786
1466
1532
1409
1919
-394
925
1633
517
1689
-215
-520
1152
-909
-1881
897
1030
318
758
-1841
-122
1822
-403
570
-344
-2238
-2057
-2057
-2033
-3019
-1451
261
-672
2196
4540
2546
2232
1880
1434
2446
854
-417
-91
-1691
-1775
-1830
-2641
-500
-1651
-3516
-1832
191
2736
2418
1666
1554
2144
2563
-1106
-1958
-1696
-2439
-1189
-1092
-132
796
-183
1053
2080
-232
812
2979
587
-1096
366
316
-2059
-13
1652
-786
-2174
-1319
456
-1195
224
2307
-233
-139
1285
820
-2061
-1271
-812
-2454
521
645
234
989
741
951
809
508
-1311
-89
914
-1012
-633
335
752
641
151
361
1127
1134
538
-354
-118
-472
-1429
1264
-705
-3891
-346
-471
-2700
-431
1303
155
-97
236
654
2169
2232
1891
1063
-30
433
-395
-733
970
428
-1114
-628
-161
-1510
-1999
-536
-608
-327
-224
-1670
-702
-406
424
1829
-569
-388
1243
-912
143
2528
-535
752
3907
855
1147
1802
673
1177
-1180
-1946
-1315
-2854
-2988
-934
813
298
-727
-563
-259
-368
-61
-1406
-1898
1243
1510
705
1504
876
228
1120
1888
-108
624
2315
-1087
-1971
-153
75
295
373
55
-419
-1077
-1358
-124
205
-236
290
-1143
-1860
-864
-1430
-345
1183
422
1154
2515
1497
-442
631
1831
-430
-490
-601
-1418
-241
-876
-816
-429
270
1563
308
259
2089
906
-1502
574
-82
-2010
900
-1072
-2000
-322
-1817
48
510
-969
735
1900
1589
859
360
800
1065
78
-1333
-1346
-548
-777
-381
857
367
-4
1673
1385
-476
75
386
-28
-433
-970
-1490
-1942
70
-68
-1956
-545
1513
1306
-1387
-2
2130
-483
-324
1930
2100
-138
-878
401
-257
-18
339
561
-579
-944
1727
-674
-1180
709
-1212
-816
-83
161
-1159
-1064
186
-1430
-121
-823
-130
2712
-76
889
3265
532
-26
2267
520
-861
364
-1984
-2003
-79
-2153
-1876
2321
631
-1917
1637
819
-57
1978
934
180
352
-593
-1887
33
-1444
-3035
865
-328
-766
1568
1043
588
983
1816
702
-363
-1166
-1577
-759
-1791
-829
767
-515
1057
1618
-110
2889
1560
-1521
1627
634
-547
443
-1007
-1374
-1801
-1380
-717
-872
-445
363
703
-413
417
1231
195
67
-611
-872
753
981
-688
1393
1881
-1569
1527
2301
-2193
-234
1511
-519
-276
-267
-1200
469
174
-2377
-732
-199
-2775
-901
1919
257
-213
1183
498
54
1023
1540
-98
-96
921
-523
906
67
-2282
1077
218
-2974
-280
1897
-827
-1459
2367
1197
-1025
1758
1389
-1068
-206
528
-472
-1038
-562
-1
-1722
-2151
421
-252
-1023
663
1370
1108
398
41
-83
1199
915
115
1892
101
-732
1447
-144
-2184
-1650
-1088
-1867
-1336
399
992
1039
218
102
1999
1540
-1116
58
932
-1181
-569
-123
-563
396
-154
-713
-337
-121
-228
-170
321
-1084
67
2191
-143
808
1509
-564
785
665
368
240
-1531
-275
15
-2212
-1341
199
-1051
-339
894
-642
779
1790
-896
238
1597
-191
844
571
-750
910
28
-776
291
-285
-1029
-980
-322
-641
-267
481
-560
646
952
-1945
-19
2324
-548
269
1897
39
846
983
-974
-115
1148
-1383
-2429
-217
-322
-731
-572
-310
-36
-479
330
783
797
1084
547
-84
243
-85
-1087
-683
-469
-212
-225
682
1767
152
789
1237
-245
408
26
-579
384
-845
-2140
-154
567
-632
-548
365
197
-506
475
429
-178
-352
-367
1174
-475
-1965
1290
1209
-2095
-189
2029
-919
201
2288
-1101
-199
1619
-683
534
892
-1064
175
-494
-1167
479
-797
-1324
-31
747
789
-213
-20
7
707
338
-2047
217
1350
-1086
-31
1226
256
10
-209
-1222
-740
173
403
816
1101
555
-565
612
761
-701
-1329
-1956
544
529
-1531
506
1636
1032
21
745
369
-1264
0
-1575
-1432
907
-304
743
1407
669
1256
-814
-1698
1038
201
-1570
-231
-1381
-1438
1135
668
502
1739
1002
-293
-381
-332
-652
-1096
-945
-265
186
973
1228
1246
1264
44
-787
458
511
-1502
-729
9
-1293
-1506
-736
502
-413
-367
1559
337
49
1591
985
565
767
320
94
-769
-967
-478
-525
-392
-746
-566
-435
-403
-627
-431
1158
966
658
2
209
1209
-256
385
742
-181
189
-236
-538
-681
-354
148
-268
-513
475
306
-637
461
322
-673
-581
47
603
-317
-340
291
-935
-1070
957
717
781
3254
1961
-168
-664
-1868
-1094
-1252
-2146
-766
-827
-794
543
1001
1228
1475
1772
1557
837
49
-84
-327
-1743
-2125
-1340
-770
-790
-456
359
1131
1562
909
1120
1022
-95
-116
77
-333
-1108
-780
-136
-371
-628
-95
77
-471
28
-563
-65
1025
-178
1048
1407
572
1760
589
-846
-281
-520
-1368
-1135
-825
-1389
-795
494
404
80
637
825
701
952
264
-194
256
-690
-584
128
-1065
-160
-308
-1969
621
1638
380
1291
1403
604
640
507
-748
-501
209
-1834
-1916
-191
-717
-397
814
29
197
1408
860
786
-164
-1136
513
-341
-1354
823
644
-1263
-571
-61
-1361
-362
1331
686
901
1839
576
-191
686
363
-305
-872
-1003
-707
-1048
-1062
-1118
-1004
-654
448
436
-632
939
911
691
2179
876
-229
382
721
469
709
923
462
428
32
-170
-349
-417
-744
-2615
-3328
-2592
-2098
-612
717
-683
-652
2004
2443
2002
2101
1522
1389
1331
29
-264
-103
-1332
-829
-33
-388
-182
-11
46
-499
-367
572
251
-125
456
-472
-2170
-1493
-940
-681
288
-399
-916
457
1600
1464
1325
818
718
1698
626
-771
-688
-986
-609
-140
-552
35
765
459
451
444
59
65
359
-220
-1265
-923
-1218
-2769
-1491
719
76
411
1443
432
1267
2013
48
-438
525
562
184
151
-286
-422
525
314
-473
-187
-195
-398
-543
-206
1226
1019
-413
-6
392
-1329
-2543
-2310
-1779
550
1368
-588
-280
1515
2058
822
218
516
-410
226
1310
544
0
-24
154
-224
-896
-836
-1498
-1159
669
201
673
2625
2011
979
186
-275
-1209
-3699
-3401
-659
66
-323
-475
-563
1293
2975
1851
639
129
-321
-325
-220
-771
-818
255
657
786
499
-112
132
324
440
647
872
935
238
-863
-1405
-772
-1724
-4453
-2858
913
801
-66
248
1671
3454
2401
272
-520
-44
130
-516
-838
-1043
366
1374
-82
-852
-97
270
-654
-570
43
12
1167
1636
772
252
366
543
-867
-2643
-2895
-1911
156
995
-226
-192
1415
2166
973
74
411
-391
-465
330
-908
-1487
470
760
-235
511
-307
-138
1654
823
861
1052
729
-15
-1361
-686
-1610
-2716
-2935
-3197
121
2610
1908
734
621
2356
1841
-874
-742
315
-846
-1156
-19
437
624
531
-78
-124
188
-123
451
286
-936
505
654
-346
1084
945
245
396
-593
-2098
-3437
-3170
-1065
1368
1788
309
304
1795
1877
-217
-1089
-239
74
108
-200
620
1766
1377
1021
180
-385
-274
-1530
-2033
-954
-519
-274
442
1430
1563
372
-117
-626
-2536
-3724
-1976
1623
3098
1552
174
1164
1931
-751
-2571
-913
265
507
-370
-882
1290
1586
94
-94
186
567
-27
-886
-907
172
896
242
1035
1894
1057
-53
-1226
-1836
-2733
-4448
-3543
127
2072
2152
1868
1923
2408
1140
-515
-706
-357
13
13
-481
-144
843
-143
-669
205
-626
-914
118
729
395
-442
457
1150
87
-321
-444
-951
-1920
-2721
-1812
983
3555
1965
-17
1298
877
-1533
-2507
-1611
-287
676
929
993
2051
1818
743
308
-249
-433
-916
-1189
-758
-771
-469
520
336
201
1198
658
-788
-1484
-2164
-3248
-1155
3516
2765
-530
26
931
-169
-1215
-1068
563
2504
2052
718
545
323
-426
-1767
-2406
-1284
-601
-829
48
903
1275
1420
1299
2241
1419
-576
-814
-1700
-2852
-3255
-3040
-809
2347
3209
949
179
2142
657
-1996
-1039
-350
257
1131
631
462
370
288
17
-414
62
386
-450
-855
-233
-796
-562
934
402
180
861
461
-115
-949
-1603
-2134
-1372
2050
2452
-450
-1354
-500
591
-485
-1276
771
1959
1907
844
-123
718
768
-1067
-1220
868
329
-1219
-635
-232
63
377
834
819
65
449
-768
-2725
-2877
-3255
-89
4719
2743
-1390
-454
2147
653
-2917
-2754
-94
1967
2014
5
598
2108
561
-506
-936
-736
660
154
-333
281
-571
-1558
-938
-502
-668
450
1079
985
647
-25
1432
691
-2129
-1205
84
-347
122
1150
572
-254
-279
-600
-718
-470
338
544
37
-568
-436
106
-738
-133
1628
2043
1033
522
1185
422
-55
565
196
-1993
-2461
-5012
-9269
2220
14071
3970
-6927
-2924
1888
-1851
-4853
-2731
3587
10335
6232
-1187
61
661
-4245
-6711
-4173
578
3781
1906
-1265
-638
515
-1280
-2470
-62
2068
2288
2948
1845
-40
-613
-1830
-863
830
1
451
1151
-225
-1315
-1204
-960
-868
-291
-164
-407
231
128
-920
-1005
601
1826
950
1152
1481
40
-552
-447
-19
410
602
-57
-716
-70
-720
-1856
-1955
-1374
-2698
-2181
6912
9789
614
-4054
-2487
-1436
-2261
-3418
-869
4386
6331
1772
-2806
-1582
-758
-2345
-2601
-652
3523
4202
-60
-2185
-1181
-1147
-1411
531
2237
1958
854
-197
-119
-114
-1397
-483
1537
968
316
-1132
-2563
-4409
-4865
4268
9283
1723
-3153
-1570
-279
-2509
-3800
-485
4531
6236
2332
-1505
-1925
-1957
-2981
-2327
66
2228
3582
1279
-1841
-2660
-2783
-727
1396
1707
2789
3046
834
-885
-1183
-1635
-1422
-70
106
-412
-69
-988
-1332
340
351
440
1492
827
166
-10
-710
-425
557
579
437
151
-346
185
-182
-618
641
941
778
1263
1175
-1296
-3221
-4272
-7881
-1275
11261
7349
-2333
-2670
-140
-181
-2282
-2575
2869
7620
2780
-3363
-2942
-2191
-3096
-2515
-36
3111
4076
1073
-2482
-3007
-1538
36
960
1584
2804
3000
409
-2839
-3760
-1621
651
979
1569
2790
1998
-837
-2002
-1503
-1558
-467
1442
1840
842
-375
-1196
-1677
-1157
139
654
924
1117
218
-862
-1307
-611
337
1115
2359
1574
-184
-217
-467
-1506
-1314
-82
-423
-840
284
415
136
-49
-576
27
578
-218
-717
201
470
-285
640
1456
503
667
872
-604
-414
-44
-1154
-239
451
-136
64
411
-2098
-5795
656
8911
3148
-4897
-4161
-754
-607
-1804
-709
3913
7521
3391
-2215
-2474
-712
-925
-2373
-335
2985
2390
-2063
-5331
-2266
1096
621
1588
3243
2773
844
-1742
-3033
-1925
295
1059
678
1092
1257
-113
-1890
-2038
-1029
851
2199
1332
832
-52
-1753
-2665
-1904
1539
2967
698
-804
-165
-519
-2082
-1197
397
1264
1332
360
401
-92
-1011
152
1419
815
899
954
-763
-436
-327
-1418
-363
-182
-1026
-1288
-345
509
-438
283
1345
1210
1021
96
603
657
-1226
-1513
-1052
-807
327
769
389
-31
-175
755
470
458
1727
618
-558
-824
-921
-980
-1927
-1130
107
141
695
832
371
494
744
675
315
-175
208
115
-927
-363
630
-281
-740
-627
-2282
-86
4493
1987
-2454
-1989
-20
74
-1131
-994
1808
3127
93
-1336
-222
-537
-405
625
750
833
710
-1005
-1943
-939
334
828
321
678
303
-807
186
369
573
1185
-258
-57
-1452
-3456
1768
3779
-1546
-2840
-553
-37
-946
-1297
288
2997
3240
335
-1454
-37
1420
114
-615
506
595
-923
-2523
-1811
-462
-56
659
1204
1225
269
-400
-105
-625
-545
569
775
460
300
350
209
-91
-213
-437
-145
-153
-476
-114
-612
-701
312
221
415
1051
132
-530
464
184
-439
995
327
-333
832
-113
-324
-820
-1214
-3656
-6550
4984
11721
-752
-6223
-2497
-44
1808
-269
-547
5795
6244
-3159
-6886
-1871
295
-759
-23
1399
2844
1409
-4264
-4721
1220
3781
2424
1879
1691
-16
-2293
-3452
-1334
1714
1463
952
648
-1406
-2149
-1462
-1241
-207
2241
3044
530
-1285
-835
-902
-880
647
1836
1469
561
-1452
-2717
-670
431
395
1640
2113
1332
-368
-1301
-1022
-715
-777
-505
618
-229
-1256
-948
-831
591
1552
1876
2048
711
41
-400
-1181
-527
-446
-764
164
-198
-1071
-630
339
400
-212
727
846
411
227
-1101
-1215
-379
768
471
713
2471
102
-1997
-1020
178
1261
731
27
-125
-488
-1406
-2160
-862
1043
1178
504
620
373
88
106
61
756
210
-785
-716
-904
-148
384
-119
-105
-320
9
512
103
27
1137
1774
-454
-2042
-2142
-1339
3084
4230
-403
-2818
-1488
12
-347
-802
762
2883
1661
-2221
-2756
-560
-27
72
917
1111
1338
440
-1637
-1438
-815
215
2521
2338
321
-935
-1164
-1512
-974
543
988
1304
406
-758
-803
-1060
-397
424
244
-134
338
9
-595
680
461
-677
-71
284
-821
-726
258
371
1042
669
538
816
469
800
812
62
-2089
-1716
-3834
-5061
6171
8210
-2846
-5393
-2254
111
1084
-331
1463
6705
3548
-4589
-3992
-93
848
1472
727
775
2682
-1340
-6308
-3161
653
1959
2312
1069
151
-251
-1371
-2654
-610
2662
2343
185
-1095
-851
-659
-1659
-401
3124
2991
1320
808
-1183
-1615
-940
-670
265
82
-39
-847
-2216
-1339
-68
976
1930
1638
986
154
-1091
-1448
-787
-80
347
482
510
-306
-1293
-584
227
830
1867
1089
213
815
181
-668
-65
575
299
-818
-1038
-740
-1605
-1470
-401
537
1371
-53
-888
470
200
-728
-125
1212
850
-312
589
936
-8
132
648
323
-324
-598
-549
-503
-1089
-692
202
-37
812
548
-528
642
338
-391
43
-290
423
619
-202
329
-26
-1114
-115
909
-548
-987
194
-331
-150
786
764
447
-589
257
1167
-255
-255
156
-460
-276
129
-519
-689
278
137
-130
46
-576
-891
-554
-72
397
783
460
169
882
1391
977
-351
-551
-112
-1199
-1473
-793
-515
-111
422
855
1395
1225
-297
-151
1195
798
27
-475
-1231
-1482
-1051
-1546
-1455
652
572
-706
441
1386
969
754
1116
1176
399
-50
-217
-347
-372
-144
288
-51
295
18
-1138
-221
-220
-1385
-1088
-334
-197
25
1211
1423
283
-469
-400
-185
-37
-44
-370
232
597
579
1139
391
-525
-497
-637
-155
26
-630
-276
-160
-328
275
498
394
269
531
708
510
-156
-796
-802
-1010
-264
-185
-677
659
1143
162
-280
404
722
606
952
1294
951
-465
-634
-627
-2025
-2120
-1195
-1306
-1326
-532
-199
2103
4120
1849
-244
-1127
-952
137
-953
-1186
1088
2015
1070
173
-252
-695
-995
-668
687
1291
-205
-528
289
118
444
682
-369
-968
-1779
-3744
-530
4264
1568
-1154
-1381
-918
850
-517
-412
2094
1919
617
-976
-1081
-185
-166
521
1097
725
151
-869
-1804
-880
1180
1070
284
1183
145
-1296
-152
-323
-1098
-673
14
1629
1872
-159
-1322
-1009
-1146
-1075
80
295
295
628
-330
-967
74
960
689
1494
2374
958
-8
-355
-488
421
-171
-1163
-1276
-3739
-4806
1197
5109
1262
-712
-322
-927
-851
-1326
730
3113
1649
908
-566
-1979
-449
233
768
1307
1349
1005
-927
-1553
-1089
-358
833
-132
-1204
-635
-1056
-1702
271
2289
1358
255
-30
-691
-757
-169
73
903
2597
2103
-84
-1029
-1354
-1150
-642
-314
183
-66
-410
35
344
-172
-327
-1293
-2504
1823
4193
503
-618
-1989
-2287
-783
-1599
356
2135
1799
1453
-397
-645
383
783
1475
2324
1557
-301
-892
-1918
-2470
-840
77
-376
-368
-294
-1065
-1143
-72
181
238
2023
1760
-537
168
182
-993
745
1542
-60
-259
325
-438
-754
-365
-27
887
474
-226
777
-170
-1242
689
-47
-1788
-341
-935
-2193
35
1767
853
-242
0
384
-188
-397
687
1455
809
503
626
-255
-649
-300
-87
622
914
351
-49
-559
-1083
-744
-650
-952
-1108
-1741
-1782
-1163
908
3222
2179
164
-493
146
-399
-983
2266
2502
-86
663
571
-1091
-798
379
-115
-279
414
-367
-581
-83
-101
324
738
6
-903
-1176
-2021
-2362
-1181
-42
727
1654
1094
524
1209
-75
224
1374
-236
470
1217
2
-362
-1421
-1325
395
392
228
901
599
-192
-863
-509
-117
-930
-1490
-1347
156
773
309
1080
501
-129
196
-850
-613
715
258
674
2139
1726
675
-46
-611
-882
-1034
-1168
-1454
-1393
-977
-158
625
605
504
962
570
-260
813
1086
-11
-82
86
166
-705
-962
-103
-543
-425
674
872
482
154
439
553
-290
-606
-718
-876
-622
-840
-514
71
622
558
522
1797
320
-849
541
-130
-492
375
252
-916
-1311
-38
217
-564
-401
810
817
-713
-643
-19
-268
716
1475
828
1396
1245
-821
-462
74
-1573
-1367
-499
-802
-410
532
383
50
1290
1061
-415
-22
16
-673
-349
-230
-562
-49
156
-18
82
160
579
96
14
479
332
967
572
-473
-312
224
-223
-1428
-947
-233
-502
-216
304
163
-687
-821
-269
194
924
1198
928
806
820
764
65
-364
-44
-611
-938
-315
274
522
-233
-233
-234
-1243
-746
-97
-315
-393
-57
533
487
458
922
1129
735
312
-100
-339
-273
-586
-624
-476
-98
-531
-1233
689
803
-1278
-287
1016
318
166
1115
1188
225
64
423
-324
-1088
-673
-728
-795
-80
148
36
138
248
206
290
393
703
594
-240
-221
-321
-708
-358
-266
-114
77
-314
-81
510
-205
-140
599
-246
-101
452
98
325
374
454
306
242
917
140
-843
-405
-563
-965
-1049
-1044
-542
-208
522
381
-245
1272
1293
338
1204
916
246
-173
-790
-497
-708
-888
-447
-171
-269
-898
138
921
17
1025
1104
-485
-43
54
-1210
-1377
-124
271
-241
542
870
175
481
769
16
-172
245
-312
-182
225
-504
-104
96
-69
404
-457
-604
137
591
1083
97
-230
-139
-914
-352
-368
-761
-467
-751
-134
305
5
487
806
1329
1420
97
-50
566
-295
-1049
-1022
-660
-197
-664
-307
970
1084
718
389
634
302
-319
324
-419
-965
-362
-928
-1155
-1033
-361
151
-126
373
187
219
911
913
1362
840
-272
75
242
-259
-105
240
82
-32
-277
-400
-518
-752
-108
-5
-615
-784
-362
286
-151
-43
810
502
253
733
754
-10
-357
-527
-960
-756
45
646
460
723
1192
615
-11
-131
-49
-501
-693
-423
-655
-446
-296
-334
-81
175
489
48
-178
-88
-324
115
481
356
77
-16
-212
45
1165
406
-252
837
363
-379
-292
-799
-728
-205
-534
-454
158
58
-129
335
736
249
-346
-316
226
170
-130
468
300
496
939
-185
-127
571
-116
-611
-595
-1040
-989
-413
-705
-542
722
1118
178
149
967
307
-125
698
217
-451
200
-545
-1152
-155
-640
-472
732
-26
-26
764
-482
-523
1063
690
335
535
117
348
162
-477
-284
-144
-355
95
92
-277
273
-438
-502
755
-568
-1036
137
-506
-295
212
-262
653
631
-406
81
649
372
-105
515
715
-553
-479
119
-578
-1107
-217
297
-360
255
1083
1033
1150
432
-8
186
-832
-1111
-150
-636
-1119
50
90
-843
-337
433
333
46
719
1381
764
120
-263
164
390
-487
-203
267
-490
-960
-407
-379
-815
88
563
-35
141
488
222
39
166
354
207
-232
-6
106
-325
-316
-216
-30
-66
-349
114
470
-172
-77
834
-6
-483
565
53
-77
263
-419
54
48
-300
410
108
-536
-413
-43
274
223
11
249
-79
-317
633
-37
-712
-32
317
354
-867
-516
566
178
610
395
181
-169
-798
489
-112
-1686
-18
407
-964
315
912
30
761
909
469
373
-126
-505
-700
-583
-599
-607
-191
145
582
-55
-587
772
452
-304
494
175
372
436
112
824
-29
-818
-27
79
-658
-506
-408
-1039
-157
462
100
-33
158
628
-257
-288
442
-316
157
522
-469
134
62
-866
234
608
63
451
1085
519
-351
486
-114
-708
170
-694
-919
-355
-410
51
577
526
184
26
-112
-373
-123
420
-393
-571
471
-260
-725
375
163
-471
902
1133
121
292
-44
-106
-369
-568
258
118
-70
-84
109
84
-486
-48
-96
-180
158
-552
-159
368
-398
-300
-189
83
677
427
366
87
254
865
94
-244
569
170
-1184
-905
-188
-810
-608
321
574
213
-43
629
782
289
-365
-215
430
-688
-358
600
-345
-844
-267
888
-130
-425
902
-213
-507
273
372
133
243
233
-516
330
59
-1036
99
456
-119
-295
-43
148
-16
622
25
-1080
403
759
-825
-731
55
-185
-391
78
528
383
-172
891
1595
315
343
177
-207
196
-675
-1151
-513
-815
-1211
174
806
-130
-458
331
1030
-463
-822
783
189
-526
671
879
-260
-460
4
255
141
5
179
425
427
-570
-1017
-113
376
-153
-588
-190
471
687
-138
-315
-242
-530
105
-457
-504
834
582
-228
156
999
130
48
1176
-206
-583
578
141
-273
-862
-627
85
-1259
-603
1315
316
-473
174
468
99
-438
-557
-179
88
162
382
244
309
-325
-788
676
528
-836
147
1314
-539
-943
1304
433
-178
723
37
-603
-1114
-567
-249
-209
760
-445
-834
885
-805
-1755
1636
1697
-294
334
854
1245
493
70
107
-1445
-548
-912
-2089
237
-687
-1777
240
579
428
337
1758
2759
679
822
1278
-242
-713
-1429
-779
-478
-1498
177
-339
-2019
-678
659
906
-37
1805
2154
-1725
170
1831
-1538
-772
872
-942
-890
599
168
-483
-355
37
547
332
-139
-190
-98
488
-183
-324
1093
-423
-756
260
-1030
-133
1708
707
-1037
191
457
-1131
205
628
-116
119
909
1147
-354
-142
611
-230
-768
-470
-317
-1139
-845
-104
-1036
10
834
-992
968
1565
-963
248
1268
1625
-237
-2236
517
136
-1508
15
254
-256
-281
99
543
483
264
-278
441
1421
-504
-749
988
229
-278
339
2168
1523
-2350
-1152
852
-1368
-2656
-1540
-663
-1061
-166
692
669
1654
1393
1006
1602
676
-246
85
45
-841
-1323
-806
-223
-175
-1128
-116
1564
-245
445
1470
-384
1043
613
-1967
-511
480
-1341
-1165
967
113
-459
1377
948
-442
-221
52
-130
117
-546
-650
96
-499
147
186
-168
657
149
787
444
-234
1217
-88
-1076
-394
-793
163
215
-1403
-43
1211
-522
-225
260
-476
1051
1199
299
515
-10
-8
-276
-495
-516
-2124
-1752
-109
-353
169
1728
1585
548
1440
626
-1257
962
768
-913
542
68
-1143
-1131
-1
-352
-2323
-30
1301
-834
354
2225
1113
49
-124
-261
-855
-1069
437
-304
-1769
-73
621
651
687
-53
404
276
481
1792
831
131
118
-1073
-551
-1682
-2621
270
-1325
-3215
761
1469
-454
1862
2369
-27
1663
2174
116
854
336
-492
592
-1240
-2615
-546
50
-674
-1447
-744
1311
332
-455
302
54
492
644
-94
-568
-675
-284
422
449
166
106
-776
-134
1580
570
248
1292
-246
-569
571
-66
-330
-512
-287
-899
-778
758
-1607
-1311
1062
140
20
-280
1007
1657
-248
65
318
-107
-83
-144
-145
-396
-455
20
381
-136
320
319
-639
523
635
-580
-1124
-960
204
-371
-897
671
1899
502
-361
1708
140
-804
1804
598
-984
-561
-268
-836
-1351
-589
-374
-404
-57
752
225
-207
1393
301
-479
313
-719
144
42
-902
1335
1008
-614
-87
-482
-690
847
579
-640
1308
500
-1346
792
75
-1613
-836
528
470
-919
-108
-101
-846
337
557
162
672
411
205
743
-588
-853
355
248
942
119
-997
356
-773
-1676
683
492
138
1870
291
-907
397
-298
-537
-152
-693
607
972
-1486
-1078
963
-340
-179
1329
-400
-434
714
-413
-425
55
-287
-486
-372
144
549
1867
1854
-744
-373
849
-590
-558
-130
-370
103
-4
-389
-1070
-1302
-382
40
9
573
448
-46
814
-14
-772
1061
655
-116
1260
1048
-285
116
184
-882
-468
-195
-810
-1393
-942
161
-403
-38
723
545
1224
537
-525
688
715
-1314
-486
831
-607
-802
101
-160
-369
889
855
-504
-4
-217
-299
372
-677
146
1063
-1076
-473
1647
306
112
1740
341
-869
370
-234
-1072
-903
-1475
-732
-786
-1452
45
408
-63
1473
1888
442
1377
1384
-282
220
-661
-585
1600
-317
-2482
-828
-234
-964
-921
-412
570
101
373
1623
1111
670
604
1324
-36
-1886
296
164
-1677
-128
369
-1813
-981
1551
-7
-1582
-14
1178
358
17
1191
161
-1155
272
367
-647
724
1676
-186
-81
1794
-336
-1395
213
-1101
-1103
-20
-656
-694
-499
325
414
239
590
25
296
706
517
-361
-490
608
-388
-682
145
513
440
-1282
208
1598
-856
-255
1003
-271
-969
-937
-199
784
-100
-237
1803
347
-644
1620
420
-208
807
-469
-1033
-1273
-1594
-797
-584
-809
150
504
85
946
638
160
1167
751
72
438
676
285
-499
-917
-613
-459
-693
78
358
-420
-41
643
204
-179
-314
-443
525
507
-101
376
-110
-455
-543
-853
244
896
-631
-492
1327
435
-118
632
263
-11
436
352
-1188
-1158
-19
246
135
-315
-377
-1025
-553
241
-161
785
1407
922
654
1400
527
-1967
-563
1205
269
-446
-675
-203
-652
-1547
-311
132
-1038
-199
444
-532
687
991
-745
617
1616
38
723
1362
-416
-135
133
-1012
-145
-287
-279
840
-286
-938
-880
-1214
-596
890
366
-1719
294
1198
-1897
0
2472
755
1199
1148
710
1455
-396
-421
118
-767
-598
-1522
-1351
-136
-540
-1051
412
981
-853
-73
1593
1155
184
-626
-505
33
-177
-1105
-1273
-426
294
563
178
79
1078
207
-216
2196
2011
823
257
-778
-987
-361
352
-21
772
803
-400
-1116
-1742
-1188
-1615
-934
-222
-2076
-1880
1073
1133
-270
1720
1052
155
1638
919
-531
-350
1807
71
-528
1964
679
821
1298
-866
-2236
-910
62
-1313
-1300
-369
-161
-219
-113
743
976
94
664
-244
-80
2369
-1951
-3124
-602
-2720
-751
1602
272
376
2081
737
577
3684
1102
666
2436
226
-77
-838
-2265
-1785
-1013
-3112
-2456
987
-1179
-1265
1244
1638
595
619
2481
1100
161
-96
1213
470
-3927
-1185
688
-1293
-282
761
-830
-933
1297
379
195
442
931
1382
812
1805
412
790
1022
-1787
-3107
-1580
299
-2155
-2175
-120
669
367
-845
-100
-50
203
-3
1621
2062
-629
1108
2988
2121
-368
754
1391
-1206
1100
-953
-3146
-874
-3110
-2459
-380
-1939
-509
1838
925
966
3051
1254
-1490
2177
2817
-991
-1001
-724
-752
-2124
-1294
682
-466
558
-397
911
2576
-1055
-483
-1344
-2742
588
601
-1059
-64
547
155
524
1700
3105
1956
223
-379
-32
1113
-831
-1242
-928
-2451
-1162
-93
-126
-606
264
1257
-553
-124
202
-1042
319
917
426
1103
-631
-725
1288
-693
605
608
-2620
607
570
-1655
914
2519
303
-1615
2178
1860
-2381
-444
1368
-187
-1647
-676
-690
-3457
-2383
853
933
-423
922
3038
803
1303
4391
744
-23
2016
-1599
-1966
297
-1653
-4401
-3268
-1258
-874
-502
-628
2252
3028
-486
250
2268
1531
893
2384
112
-2619
675
-314
-2874
-609
991
442
168
2197
1450
-1335
-1593
-1530
-789
-1489
-1630
634
-182
589
1805
-69
1008
884
1030
1839
-1129
232
1812
-396
-1222
-1501
-57
-321
-2145
-134
772
-724
-345
-103
-349
-724
-531
2018
1193
-1014
973
1608
-162
-913
790
1656
-1167
-987
864
-428
-29
42
-1094
-87
112
324
1517
996
-714
-257
167
-1588
-1677
-99
1049
-1428
-1396
1591
-824
-429
1029
864
855
-698
1981
375
-1612
767
-2029
724
3202
-842
1886
2172
-1787
-620
-1154
-2012
-14
-477
-2217
-1885
410
636
-700
1018
1495
-272
1619
1769
-838
794
1037
-303
39
154
339
-1224
-549
390
-1234
-729
-487
-1089
-930
702
388
-1364
389
1437
1546
739
392
2823
1665
-824
-392
-740
-2564
-2642
-1447
-1521
-315
794
198
1960
2570
294
331
1533
868
-720
51
811
-1071
-646
-1275
-3040
-590
-1154
-2025
1591
694
-713
1783
1857
1139
924
1702
2998
196
-1681
287
-1675
-4378
-1045
-553
-2453
1064
2392
-44
659
2042
-929
-549
2967
3
30
1831
-788
-260
-451
-2128
-1199
-512
-1596
-1771
498
1467
106
-4
1414
375
-82
1340
78
-782
-284
1042
1549
-653
-448
191
-1096
-572
266
469
553
203
942
336
-697
623
-611
-1073
205
-2062
-2026
-411
-842
128
1813
1613
23
1072
1908
-114
664
1511
-953
-1058
1100
-549
-2965
-1180
-319
-1746
-926
516
30
918
2061
686
1566
1986
-183
-263
-281
120
-310
-1299
-8
-705
-403
525
-1038
-1152
-666
182
-594
-645
1016
-708
250
1958
789
1351
1916
1097
75
802
-855
-1572
891
-2457
-3070
254
-348
-1623
-1713
1349
1933
-78
1390
2111
887
63
491
-112
-1363
-201
-548
-1418
-414
-1188
-1465
499
1656
202
-795
2518
2748
-824
794
1725
-1883
-533
1431
-2466
-758
1959
-1874
-1881
-150
131
-1079
-1569
1707
576
-182
2300
796
-465
486
382
-1165
-716
338
-841
24
1456
450
-847
-97
1302
-134
-951
-383
-459
129
-35
-89
-409
-352
794
44
349
779
527
780
-796
-784
-50
-577
-229
-156
-1067
-875
1030
766
164
1189
942
410
-324
-342
-233
-1092
-50
495
-846
-393
527
-580
-1171
527
1958
524
209
2099
-318
-1748
1088
-247
-2028
-794
-529
-835
-1268
-190
403
-241
1221
863
309
1487
469
754
1414
570
482
-884
-1539
-795
-1357
-662
-26
-989
280
296
-681
1531
1638
681
916
279
-59
-912
-1007
-687
-1187
-1021
-118
411
-1211
-457
1559
42
53
452
67
1292
1703
446
-447
1685
1610
-1368
-698
-155
-1739
-1995
-896
-1190
-1831
620
1458
42
1661
2561
737
876
1488
-679
-2105
-687
-1231
-1783
181
-1128
-741
1786
736
351
335
1030
665
-767
988
587
-827
-182
-380
-474
426
313
-1277
-740
204
-1068
-1123
302
1119
553
204
1157
294
-1246
480
1728
356
29
151
189
-23
-1558
-1255
-169
5
349
-384
403
356
-1759
65
1088
-264
706
690
-136
750
508
-464
412
104
-825
43
-621
-889
-212
-1944
-1628
886
783
442
1210
1388
1743
1304
-425
-831
-183
-808
-1768
-1067
-560
-750
72
270
733
1556
1283
1552
838
350
536
-1062
-1316
-468
-1281
-1773
-462
-317
-384
888
804
951
684
195
26
-228
842
-427
-756
870
-110
-1290
-665
661
-300
-669
272
413
358
-537
297
491
-3
746
163
-415
-115
363
-453
-321
768
175
-474
-1035
-634
-326
-78
443
215
873
890
436
384
470
203
-833
-351
-64
-84
565
-549
-655
420
-499
-1112
-227
531
-693
-1012
1452
392
-1405
561
1342
165
-520
271
137
-694
335
-216
-1135
985
1170
-932
340
1679
116
-275
279
43
-95
339
-201
-876
11
-532
-1250
-260
-18
-409
-254
630
-321
-1162
826
1424
859
-198
86
2196
224
-856
1051
-238
-1168
-663
-1322
-1124
-210
-664
-1097
560
1226
461
836
922
1062
558
-69
427
-664
-1307
-1108
-427
86
-845
304
508
210
857
-196
325
266
-218
642
351
7
180
914
-410
-1692
92
-709
-2177
284
1492
-555
-70
1323
-508
-530
1012
681
710
841
-280
-647
426
-657
-1720
-110
-433
-602
452
-309
-202
835
1269
1004
78
149
593
-922
-1618
103
65
7
771
327
856
611
185
474
-1375
-1488
62
-1243
-1105
942
364
-708
-362
565
-224
-776
1800
1788
-648
-319
826
-255
-790
742
1056
429
-1597
-1898
765
-214
-595
1105
1012
1233
477
-190
-335
-337
628
-467
-1847
-1498
86
-192
-2366
182
1407
-683
1170
1668
-102
1033
2162
696
62
824
-187
-1628
-1053
-900
-2373
-1041
314
-653
446
979
1351
1817
-93
-1328
-769
952
613
-551
802
14
-1376
415
721
-568
-172
