-267
-399
286
437
-437
-727
-153
-48
-103
337
508
192
-259
-576
-258
255
34
-228
145
285
48
-122
-94
406
393
-374
-251
343
390
271
51
263
617
-53
-723
-453
-335
-449
-183
77
92
-299
-334
247
85
-209
-25
73
351
294
-306
-218
444
409
402
575
70
-52
-157
-396
88
-203
-766
-257
-34
-190
-65
83
339
309
-112
-243
-332
-871
-1100
-407
445
965
1267
1377
1139
439
-373
-773
-421
-153
-186
0
141
537
337
-525
-551
-193
-166
-598
-668
-2
450
544
348
260
154
-433
-769
-323
242
45
-176
187
451
362
162
179
161
-89
-439
-330
370
415
29
-134
-137
24
-394
-663
-243
9
516
780
302
184
-326
-1098
-607
-103
-380
-304
328
-52
-865
-138
474
737
956
580
878
752
-63
-331
-245
-24
79
-33
-305
119
527
-65
-237
42
-171
-473
-400
-178
-291
-729
-502
-229
-295
347
337
34
398
341
197
163
323
542
288
-113
-21
187
-371
-434
310
111
-422
-4
388
44
-305
-201
11
-77
-128
2
-164
-436
-235
-55
215
544
-102
-410
-44
394
691
185
435
489
-430
-639
-584
-251
-308
-415
304
496
268
-138
-106
273
-105
156
583
299
383
-179
-834
-178
61
-260
-42
39
-130
-363
-360
150
172
95
380
187
122
321
233
319
359
-4
-122
-419
-831
-453
-349
-37
503
204
461
644
329
-158
-1108
-1267
-951
-166
786
780
596
409
257
-35
-109
349
-37
-409
-71
-119
-33
304
36
-161
-6
-270
20
458
97
258
465
400
153
-332
-259
-852
-1418
-927
-260
775
831
198
235
307
660
527
-143
-178
-515
-786
-303
-156
216
489
-188
-105
448
240
-124
-172
93
192
116
-51
-357
-397
69
521
219
-334
-768
-582
379
736
391
-37
72
401
132
271
338
22
189
-235
-721
-642
-914
-589
81
205
499
228
-16
847
935
278
-99
-533
-686
-285
245
-98
-737
-883
-969
-321
504
656
580
283
375
1022
1382
1057
115
-860
-924
-447
-237
-135
-395
-441
83
305
462
350
-391
-722
-395
-278
122
719
367
391
524
-506
-940
-856
-1153
-710
289
575
562
946
893
560
773
735
106
-339
-530
-383
91
55
-350
-746
-1061
-580
245
201
-365
-122
656
788
609
350
-345
-814
-422
149
175
-193
-742
-1131
-866
212
1257
1322
851
487
444
504
298
-127
-661
-1158
-1196
-502
92
553
1097
710
163
60
-224
-399
-414
-163
435
767
168
-605
-609
-420
84
555
57
-685
-862
-404
309
973
1003
245
-218
-493
-635
-87
404
496
354
65
94
192
-138
-476
-679
-914
-982
-778
-226
172
549
1125
818
220
-150
-722
-485
433
1100
1131
217
-562
-574
-200
547
933
729
-85
-1071
-908
-162
1163
2177
1304
139
-1511
-3043
-2368
-1250
-618
14
136
103
608
1227
1399
1286
617
-331
-807
-1112
-1045
-143
888
1194
761
30
-413
-260
101
529
893
661
-207
-878
-448
286
364
41
-365
-686
-1050
-1003
-570
-255
162
342
309
281
383
787
960
799
513
40
-549
-794
-519
75
476
39
-992
-1920
-1778
-562
1017
2333
2381
1458
316
-325
-320
-473
-561
-527
-623
-672
-684
-500
32
396
417
260
-379
-679
-150
391
751
884
291
-636
-753
-301
212
302
-298
-671
-366
322
921
1530
1102
79
198
56
-209
-434
-674
-411
-885
-1182
-938
-352
476
844
1296
922
-103
-542
-285
653
1405
1458
812
-380
-1367
-1640
-1892
-1869
-1001
-113
772
1211
1187
928
317
610
958
631
315
-497
-1224
-1261
-908
-449
-99
-136
-397
-11
601
1049
1108
402
30
179
163
-155
-664
-1180
-1223
-482
286
1074
1177
227
-112
-181
-220
63
138
360
193
-435
-603
-468
-219
72
-19
-119
255
207
155
831
784
420
461
-407
-1306
-1412
-1414
-485
764
1059
1054
771
431
531
558
447
302
-213
-745
-931
-1195
-1110
-513
121
581
287
-82
2
245
698
716
522
302
-372
-1021
-1306
-931
-261
139
459
759
760
363
290
388
480
473
-106
-139
-238
-710
-640
-721
-200
91
-400
-189
-236
-284
425
1339
1829
1169
153
-847
-1608
-1602
-1513
-1006
203
890
796
611
508
579
618
451
629
621
-157
-882
-1071
-879
-359
459
943
769
230
-167
46
233
327
265
-787
-1663
-1755
-1780
-775
816
1479
1486
947
488
380
108
311
691
376
-434
-1136
-1434
-1291
-639
156
710
953
778
664
771
565
992
983
-402
-1155
-2211
-2691
-1757
-944
1028
2288
1415
780
939
922
407
238
-40
-753
-1320
-1964
-2127
-1226
-155
583
1135
1155
956
782
1085
1879
1898
1028
-445
-1912
-3101
-3539
-2040
-53
1147
1946
1957
1518
1126
533
404
425
-339
-1198
-1840
-1966
-1572
-1103
-353
281
763
1065
1240
1832
2007
1655
1369
269
-1392
-2560
-3264
-2896
-1359
282
1438
1807
1864
1751
1181
1113
1121
170
-874
-1955
-2563
-2055
-1583
-685
413
738
1040
1241
1716
2085
1473
858
-247
-1946
-2952
-3511
-3450
-2044
126
2124
3486
3832
3181
2222
1351
602
-254
-1391
-2299
-2659
-2585
-2219
-1433
-379
491
1195
1791
2403
2431
1704
1005
6
-1106
-2037
-3143
-3415
-2231
-673
998
2529
2677
2088
1343
633
688
151
-941
-1464
-2285
-2807
-1684
82
1233
1445
950
1182
1814
1583
1514
1394
-16
-1811
-2662
-2851
-2940
-2361
-859
896
2281
2893
2782
2453
1654
366
-812
-1879
-2536
-2833
-2434
-1114
152
1421
2005
1761
1923
1968
1619
920
25
-735
-2129
-3262
-3163
-2913
-2087
-324
1460
3237
3948
3312
2442
1227
334
-574
-2211
-3284
-3771
-3127
-1008
628
1810
2417
1720
1416
1281
904
986
282
-524
-1383
-2936
-3185
-2913
-2368
-189
1935
3195
3791
3335
1994
591
-192
-1004
-1938
-2619
-3095
-2579
-988
463
1564
2144
1533
1302
1551
1122
1042
271
-784
-812
-1629
-2474
-2504
-2395
-1115
1258
3087
3961
3475
1443
39
-790
-1837
-2258
-2716
-2769
-2018
-632
1006
1878
2556
2234
986
548
506
785
490
-661
-902
-1324
-2168
-2250
-2570
-1902
368
2297
3776
3942
2583
1398
33
-1536
-2576
-3309
-3138
-2181
-1041
487
1470
1896
2315
1811
1275
1489
1266
555
-642
-1711
-1384
-1369
-2331
-2495
-2244
-1159
1104
2882
4173
3744
1801
736
-799
-2352
-2954
-3454
-2700
-1340
62
1865
2947
2824
1780
581
1
74
-263
-672
-642
-795
-393
-647
-1588
-1666
-1816
-1010
1058
2510
3155
2981
1766
394
-500
-1699
-2721
-2747
-2277
-617
1650
2330
1871
1358
614
40
-249
-718
-1005
-1030
-935
-188
182
-706
-1428
-1689
-1459
245
2382
3504
3369
1844
488
-167
-1644
-2530
-2370
-2265
-1228
133
1225
2034
1972
1538
793
-9
-429
-714
-903
-990
-540
462
476
-656
-1539
-2292
-1990
155
2086
2960
2871
2044
1132
-160
-1424
-2339
-2994
-2691
-1417
582
2226
2217
1851
1837
1075
26
-725
-1257
-995
-742
-650
328
222
-981
-1378
-1864
-1228
771
1904
2729
2636
1480
850
-449
-1979
-2508
-2635
-1493
310
1191
1414
1149
892
808
220
-331
-390
-435
-586
-994
-509
733
18
-1316
-1671
-1820
-438
1667
2701
3117
2788
1675
272
-1155
-2381
-2965
-2451
-1267
15
1085
1336
1235
1332
697
-248
-376
-218
-247
-561
-670
269
712
-737
-1999
-2051
-1330
516
2039
2486
2309
1279
580
-2
-1433
-2446
-2561
-1796
-479
560
1509
1892
1940
1959
940
237
267
-204
-738
-1500
-1551
-381
-544
-1718
-1804
-1493
-276
2017
3144
3382
2886
1338
227
-1218
-3166
-3491
-2550
-1572
-477
501
1139
1320
1363
1349
724
215
-255
-660
-628
-787
201
1072
-361
-1534
-1738
-1512
550
2713
3175
2956
2151
1733
886
-1961
-3811
-4085
-3565
-1809
-448
648
1283
984
1392
1958
1761
1175
537
-159
-1371
-1528
-137
78
-1044
-1935
-2199
-556
2112
2794
2599
2332
741
262
-163
-2818
-3501
-2374
-1528
68
1241
2314
2368
1235
849
-92
-190
251
-502
-1166
-2038
-1231
48
-923
-1439
-1483
-791
1606
2687
2601
2879
2295
1526
425
-1861
-3175
-3233
-2458
-1237
-380
1230
2351
2314
1759
168
-118
687
365
-188
-929
-800
85
-1209
-2925
-3624
-3451
-265
2386
2343
2899
2771
2086
1698
0
-1116
-1427
-1811
-1844
-1472
282
1444
1893
2789
1586
312
-103
-1280
-1427
-1935
-2137
-838
-1311
-2091
-2022
-1815
176
2012
2513
3204
3234
2612
1915
332
-1270
-1961
-2077
-1632
-1223
-194
1223
1434
1543
947
140
667
246
-496
-1113
-1856
-885
-474
-1219
-1404
-1902
-1445
70
612
1453
2605
2398
1738
840
-246
-730
-1119
-1355
-1364
-613
1120
2112
2478
2091
822
393
-269
-1566
-2357
-2689
-1787
-1278
-2123
-2116
-1813
-829
1164
1554
1889
3114
3229
3029
2411
1024
-8
-922
-1948
-2766
-2331
-520
502
1187
1613
666
938
1079
-468
-1255
-2048
-2212
-1895
-2586
-2187
-1040
-296
423
306
680
2935
4707
4516
2632
456
-406
-799
-976
-1440
-1868
-929
-634
-496
544
629
943
507
-2155
-3033
-1839
-327
650
-624
-1381
-603
475
1909
2267
2120
2179
2400
2125
1138
628
-217
-1288
-2434
-3082
-2109
-694
193
156
319
578
638
733
-1121
-2938
-2664
-1196
389
-12
-1109
-797
920
3149
3637
2127
768
1013
1937
1903
1080
122
-1135
-2017
-2135
-2248
-1871
-1623
-1847
-1075
-27
1178
2005
651
-810
-536
306
806
516
-95
76
870
1606
1723
1093
660
363
-8
82
-10
-483
-1296
-2122
-1600
-610
-288
-498
-1335
-1341
-764
-215
1356
1328
-818
-2044
-1033
2148
3626
1432
-670
344
3252
3756
881
-1662
-1531
-302
170
-441
-1526
-1904
-2217
-1973
-812
-678
-1047
-1177
-70
2512
3174
1533
137
-10
826
707
-547
-475
827
1949
2089
1036
75
-655
-1046
-1035
-1624
-1846
-1348
-586
506
133
-1764
-2766
-1681
814
1126
-1728
-2750
336
4372
4710
995
-903
1336
3585
2376
-708
-1548
-78
1077
506
-1453
-2600
-2226
-1490
-735
-715
-2065
-2389
-403
1162
906
-312
-79
2378
3107
1635
663
914
2109
1716
-162
-744
-360
-23
-307
-1009
-852
-225
-34
-272
-958
-1400
-1482
-2043
-2352
-1305
-154
-1057
-2404
-1015
2466
4392
2452
700
2691
4528
3191
132
-1284
52
305
-1642
-2823
-2637
-1614
-711
-847
-654
-441
-737
-189
-321
-1568
-1234
714
2066
1531
645
1500
2831
2473
664
-42
869
962
249
-686
-1489
-991
-618
-1182
-1394
-892
-341
-627
-1881
-2401
-15
1959
-796
-3913
-2271
2000
3419
529
-167
3589
5156
2663
-333
-355
1778
1121
-1128
-1841
-1571
-612
-1341
-3669
-3582
-1807
-292
188
-1148
-608
1842
2291
1689
800
984
1961
944
460
1059
967
880
82
-368
111
-98
-329
-476
-764
-882
-966
-1053
-1656
-2295
-2427
-965
373
-1910
-2554
1188
3854
2953
25
924
4200
2665
99
28
991
1547
-678
-2523
-1475
-312
-523
-2055
-2470
-767
-120
-953
-1434
-875
363
60
-615
769
1993
2172
1636
1462
2457
2018
951
305
-435
-369
-762
-1135
-751
-604
-661
-875
-589
-674
-1756
-2713
-1540
1209
-638
-3681
-1044
2009
1984
110
928
4790
3669
837
790
1455
2635
849
-1728
-1713
-1515
-1617
-2843
-2767
-552
-686
-2023
-1811
-462
250
-864
-411
1897
2220
1670
1665
2245
2957
1697
447
802
1099
694
-720
-1155
-256
-664
-1866
-2001
-1404
-1821
-2788
-3085
-1254
1306
-1598
-3803
523
2702
1273
-382
2038
5966
3555
2070
2357
1914
2322
-1219
-2293
-381
-1273
-2440
-3972
-2241
-155
-1886
-2196
-558
488
-1458
-1818
1187
1552
1009
1247
2727
3820
2273
1541
934
677
706
-695
-428
-126
-1166
-1702
-1778
-68
84
-2566
-3065
-2826
-861
811
-3109
-2364
2053
1771
828
-185
2977
4937
1009
1791
3002
2212
1088
-961
11
-600
-1613
-2119
-2883
-831
-1758
-3407
-2171
-753
-631
-2563
-660
2588
1944
1475
2229
3316
2395
609
1272
1490
702
47
44
977
337
-948
-1830
-2299
-1818
-2609
-2208
-1510
-2050
288
-1201
-3806
263
1836
776
1036
2712
4918
2383
1307
3166
2254
1028
-564
-556
-405
-2136
-2166
-2133
-861
-1189
-3374
-1914
-1090
-1147
-2644
-2864
1073
1663
2009
3670
4682
4560
1947
2485
2513
235
-345
-1145
-1100
-1287
-1725
-2082
-2234
-1314
-2515
-2274
-1590
-2543
-56
-820
-2446
942
881
-819
-1505
927
5449
3898
3612
5057
3779
3010
750
590
-266
-3317
-3562
-4294
-3190
-2579
-3654
-1569
-487
-542
-1274
-524
2272
1426
927
2463
3497
2157
-660
-155
-307
-398
1271
2133
3774
2798
1489
851
-1512
-2173
-4075
-4919
-4170
-4392
-915
-1073
-3477
311
2070
1440
1850
2971
4112
1819
1203
2152
1432
776
-845
-387
-284
-1953
-1400
-276
876
83
-1224
-999
-1282
-2258
-3768
-1882
135
-883
-7
1970
3801
2761
1994
4665
3451
1095
403
-187
-415
-2108
-1549
-514
-1091
-1214
-2519
-2277
-2664
-2858
-644
-2292
-1838
1341
598
43
628
2874
3876
2138
2294
2057
2323
2864
1787
1733
300
-1988
-2863
-2719
-2612
-4178
-4147
-2145
-862
-813
-1139
783
1680
573
1357
2006
1657
868
1198
3007
2617
1632
1370
1038
142
-1222
-1180
-1279
-1285
-1471
-1816
-1761
-3213
-1766
-917
-4124
-2791
-33
-244
581
2789
4993
4614
3047
2943
2756
2540
1346
87
-414
-2428
-3065
-1849
-1333
-2160
-3434
-2495
-1267
-831
-675
-133
1480
762
-361
911
2219
1742
611
1427
2167
1774
1341
1253
1267
-18
-423
-578
-1737
-2321
-2914
-2152
-1678
-1474
-344
-3343
-4426
-118
821
654
2057
3372
4068
2676
2612
2842
2063
1574
-68
-160
-391
-1987
-1944
-1920
-2138
-2290
-1962
-1194
-1233
-1642
-1752
204
1728
844
745
1286
1612
1455
1823
3023
2285
911
419
265
162
-27
87
-502
-1395
-2580
-3120
-3202
-4073
-1445
-645
-3156
78
1899
47
595
1597
3207
2906
2161
3486
3033
2504
1329
-57
521
-1045
-2649
-1963
-2108
-2794
-2765
-1912
-1006
-994
-1905
-1699
191
607
674
2092
2797
2591
2296
2705
2646
1325
335
-182
-371
-1045
-1452
-852
-975
-1556
-1994
-1696
-2151
-2256
-428
-2616
-3874
227
1151
851
2019
2849
3672
2464
2343
3234
2463
1690
-226
-285
1065
-515
-1144
-1261
-2953
-3646
-3663
-3084
-1870
-1707
-1653
279
1820
1056
761
1984
2397
1559
1648
2376
1983
1485
1536
1692
1206
-294
-1561
-2282
-2377
-2448
-2628
-2158
-2641
-1336
410
-2605
-2443
625
-496
28
1959
2482
3259
2468
2135
3175
3103
2095
679
395
163
-1457
-1675
-1556
-2453
-2913
-3734
-3002
-884
-1305
-1461
496
1296
1216
1267
1861
2471
1749
1939
2089
758
398
254
686
1254
-206
-1572
-1892
-1673
-1196
-1064
-1180
-1906
-1582
-877
-3171
-2936
1229
1111
391
2160
2161
3062
2929
633
936
1283
450
161
231
1347
1051
-1003
-1509
-1707
-2156
-1825
-1589
-517
-292
-2024
-1642
-83
443
927
520
296
1009
1379
2177
3207
2912
1319
-220
-907
-1133
-1617
-1918
-1053
-252
-302
-295
-692
-1216
-425
-569
-2639
-1667
781
-47
-258
1221
1734
2053
1503
-1
410
2175
1644
385
912
700
-492
-738
-524
-1062
-2354
-3037
-2312
-358
1399
1291
348
419
800
385
-206
-853
-1041
-75
595
811
1165
479
-400
26
313
119
392
473
518
1266
1286
-486
-1699
-1819
-1761
-437
-56
-658
179
175
82
1407
1120
-974
-2290
-2526
-1631
1499
3923
2882
1433
897
154
-381
-1017
-1561
-1176
-478
-87
277
792
371
-682
-689
-776
-1070
-416
-136
404
2009
1932
-208
-1522
-1261
-94
1532
2096
1321
210
-306
283
465
-580
-2351
-3367
-2258
12
2265
1972
-224
-260
-185
-1273
-984
-485
-33
987
980
1078
1819
1408
35
-943
-542
42
225
244
-226
392
968
-279
-1618
-2457
-2501
-390
1905
1791
770
62
113
685
658
154
-1000
-1665
-865
1253
3047
1690
-813
-1403
-991
-863
-245
459
139
221
731
685
76
-951
-1859
-2650
-2442
-416
1382
1533
1528
1652
1076
22
-1351
-1987
-517
1616
2557
2011
-215
-922
668
467
-809
-1789
-1992
-513
1092
2109
1723
198
-1299
-2649
-2455
-1076
108
1123
1232
1202
2017
1880
483
-1294
-2500
-1994
-1035
-26
1077
1402
1906
1827
-7
-1786
-1973
-351
1131
1039
411
-114
508
347
-2080
-2863
-1889
-1588
-1238
371
3193
4550
2371
-683
-1851
-1268
-121
-429
-553
654
1122
2023
1946
355
-992
-2952
-2781
-1063
-280
949
1584
2312
2257
-778
-2597
-1836
-771
348
1279
2193
2362
1632
1052
-26
-1629
-2863
-3408
-2431
222
2800
3455
2363
943
-1190
-2931
-2698
-2453
-830
1737
1544
336
-1372
-3202
-2324
-120
223
-704
-86
1724
3602
5327
4569
1476
-1011
-2677
-2647
-228
1345
911
-181
-930
-842
-195
-519
-2885
-3811
-2212
-32
3000
4447
2876
228
-2040
-2481
-1446
-385
1009
2503
2474
1708
1037
-504
-1625
-1760
-2100
-1988
-1134
-194
1200
2962
3013
978
-818
-1745
-1823
-974
43
952
1410
747
-710
-828
-253
-1261
-2402
-2347
-904
1502
3197
2849
1186
-186
-1282
-1347
-1246
-1205
544
1743
2148
2138
471
-538
-481
-810
-1558
-2267
-1663
156
1780
2317
1388
-154
-1796
-2918
-1784
301
1697
2581
2462
1470
83
-548
-805
-1631
-2025
-1943
-443
2292
3559
2576
702
-638
-1518
-2538
-3506
-2473
69
919
982
1097
569
26
-461
-860
-1441
-1091
1046
3026
3827
2663
152
-1476
-2693
-3256
-2268
-494
1527
2691
2484
1165
165
-211
-1543
-2516
-2911
-2038
998
2895
2882
1879
506
-239
-512
-1127
-1738
-457
1298
1862
1217
-572
-1512
-1807
-2356
-2369
-1579
405
2966
4111
3063
944
-705
-1781
-3091
-3308
-1803
144
1966
2789
1903
128
-196
89
-941
-1936
-1959
-108
2110
2745
1945
128
-873
-1297
-1695
-1858
-1112
1066
2522
2588
1621
679
-2
-1558
-2978
-3423
-2287
158
2175
2576
1810
1012
267
-925
-2282
-2072
-369
1399
2381
2052
396
-887
-336
-891
-2468
-2835
-1545
1709
4024
3835
1854
30
-1234
-2514
-2842
-2961
-1267
1095
1850
2012
1296
1172
332
-1988
-2826
-2208
-391
1637
2354
2334
1597
409
-706
-2262
-2709
-1242
734
2406
2335
1249
378
-664
-1019
-1491
-2708
-2329
-334
1522
2933
2956
1746
274
-1509
-2505
-2515
-1703
337
2004
2033
1004
445
452
-670
-2105
-2925
-2152
593
1598
1787
2296
848
-72
-845
-2451
-1994
-58
1602
2262
1493
654
490
-215
-1047
-1796
-2673
-1574
843
2295
2709
1923
493
-433
-1110
-1736
-1822
-979
461
1394
1191
174
-48
172
-708
-1550
-1869
-1038
834
1660
1759
1496
683
-217
-1756
-2835
-1437
883
1950
2149
1716
1090
803
-429
-2253
-3128
-2850
-642
1757
2175
2025
1330
85
-969
-2290
-2585
-1314
229
1567
1688
900
674
544
48
-1129
-1792
-604
650
910
908
1158
796
123
-639
-2350
-2420
-626
887
1895
1412
691
1050
412
-1407
-2683
-2311
396
2655
2557
1774
254
-706
-760
-2442
-3382
-1424
639
1893
2197
1479
1247
795
-231
-1501
-2528
-1783
-458
357
901
1378
1785
942
-673
-1734
-1871
-629
880
1308
1558
1498
835
-232
-2446
-3489
-1869
400
1981
2186
1567
1043
490
-450
-1649
-2060
-1030
277
699
670
635
782
761
-241
-1454
-1446
-1018
-838
104
962
1209
1477
1188
42
-1262
-1604
-794
584
973
749
1664
1322
-645
-2010
-2338
-907
507
773
995
607
573
483
-1148
-1473
-271
348
746
234
-95
849
781
100
-256
-847
-666
-457
-809
-269
555
1284
1487
171
-791
-727
-503
-239
-422
-33
1191
1579
367
-1552
-2019
-701
796
1260
733
317
-96
-680
-800
-528
302
1205
836
-243
-827
-796
-111
433
-37
-559
-223
111
-27
-166
3
997
1367
316
-336
-402
205
469
-748
-1234
-138
875
263
-1308
-1842
-380
1818
2196
1238
542
252
-282
-1521
-2168
-1223
680
1522
655
-110
-120
12
-212
-719
-747
-265
-65
-320
-421
315
1055
892
344
-168
148
530
528
390
-794
-714
471
6
-1114
-1588
-501
1112
1718
1636
855
255
-312
-1795
-2491
-1353
416
1605
1487
1019
657
-456
-988
-725
-761
-607
-364
-68
105
218
687
753
400
-370
-663
194
604
847
627
22
534
-58
-1733
-2225
-1311
828
2049
1947
1376
-29
-811
-1300
-2370
-2218
-761
746
1743
1747
1066
431
-259
-850
-860
-699
-419
-120
-94
206
1174
1740
835
-199
-563
-333
91
211
186
-460
79
253
-1477
-1432
-530
920
2020
1198
1024
317
-648
-1196
-2585
-2594
-1207
128
1294
1661
1648
1569
700
133
-259
-1362
-1221
-526
-178
174
2
816
969
-198
-95
-64
69
596
163
-429
-433
342
28
-1434
-2029
-1273
570
1628
2205
2043
442
-289
-637
-1054
-672
-288
-4
514
556
500
790
-78
-1064
-1414
-1628
-782
-52
432
887
1051
1529
1017
46
-374
-483
-305
-674
-879
-776
-103
1100
226
-1186
-1240
-673
825
1565
1166
709
102
-185
-914
-1416
-484
451
1356
1863
1109
539
-23
-721
-1169
-2166
-1958
-961
-515
344
637
1579
2388
1241
832
637
346
455
-317
-1151
-1364
-456
268
-1095
-3280
-3827
-1466
1565
2640
1698
482
963
1768
1175
631
730
458
-113
-507
-287
-24
-661
-1308
-1440
-905
-361
-592
-561
-1034
-1358
309
2044
2323
1034
-249
-211
19
421
195
114
1464
1048
-599
-1247
-1513
-571
327
744
1498
1416
1377
764
-780
-1525
-1469
-359
53
-1533
-3612
-4415
-1832
1645
2263
716
-936
348
3681
5097
4946
3327
167
-2700
-3687
-1802
-799
-2231
-3535
-4055
-1228
2527
2972
2142
13
-1677
65
3042
4114
1723
-1207
-2063
-1823
-866
-454
-155
756
581
234
1254
2568
2200
-62
-1572
-1202
-949
-1337
-2183
-3029
-3095
-3963
-3018
977
2902
1758
-1306
-1481
3398
6949
7867
5973
1583
-1934
-3722
-1995
68
-1526
-4444
-6458
-4151
25
666
387
229
-137
1030
3479
5885
4994
621
-2514
-2311
-586
-311
-1795
-2407
-1867
-454
2145
3963
3769
1308
-1105
-781
145
445
-1074
-3573
-3845
-5022
-6363
-3071
2054
4216
1828
-248
3076
7685
9074
6158
821
-2320
-3515
-3252
-1296
-1450
-4487
-7210
-5942
-1064
2172
2023
493
87
1537
3698
6260
6412
2226
-3027
-4901
-2286
-119
-1214
-3533
-3955
-433
2603
3359
3556
2312
1338
1133
1839
2303
-361
-4047
-6520
-7061
-6299
-3875
1220
4226
2456
-398
932
6955
10505
7530
1570
-2568
-3600
-3686
-3410
-2570
-3294
-5772
-6087
-2035
3145
5014
3089
770
702
2859
5240
4548
512
-4217
-6026
-2781
1645
2559
-458
-3374
-2086
1284
3262
3179
1944
989
103
-541
-50
-165
-2110
-4476
-4948
-3564
-3600
-2906
670
3757
4255
1765
1896
5939
7320
5068
701
-2079
-2464
-3155
-3275
-3584
-4177
-5143
-5252
-1014
3968
5187
2817
-14
618
2729
3238
2527
523
-2079
-3104
-1720
-191
-560
-1970
-2664
-611
2614
3631
3121
1729
751
1349
1649
1190
-781
-3759
-5538
-5356
-3997
-4509
-4065
36
3500
3698
1155
2498
8085
10128
7753
1686
-2860
-3609
-5090
-5443
-5354
-5255
-4096
-2980
986
4580
4324
2402
521
1563
3107
2867
1618
-1415
-3833
-4227
-2141
716
482
-1122
-1120
1497
4292
4135
2314
248
-883
-1568
-2043
-641
87
-697
-1609
-2689
-2754
-4320
-5733
-1784
3364
5219
2714
287
4111
8329
7370
2426
-2605
-3823
-4296
-4453
-3252
-2732
-2449
-2911
-1296
2790
4322
3351
1223
714
1956
2087
1576
-1049
-4268
-5162
-3733
-233
2402
3143
2116
669
1147
1423
726
105
-388
-397
-193
792
1498
-81
-2132
-3550
-3899
-3667
-5203
-4673
-74
5005
6766
2571
-318
2808
6631
6835
2447
-1494
-2342
-2575
-3244
-4492
-5212
-5510
-4705
-714
5081
7914
5425
1278
-815
-425
710
465
-1225
-3420
-4324
-2262
1183
3171
2434
-265
-1272
684
2688
2719
1040
348
1080
1099
77
-1446
-2705
-3625
-3721
-2469
-1264
-2469
-4717
-2805
2387
5092
2800
788
4973
9692
8345
1595
-4584
-5033
-3815
-3513
-3125
-3039
-2757
-2739
-550
4103
5939
3108
-1738
-3112
-213
2235
2618
757
-1718
-2904
-2723
-490
1536
1330
140
135
2427
3605
1415
-1733
-2760
-574
2257
3264
2171
-385
-3313
-4984
-3724
-1028
-586
-3818
-5701
-738
6500
8430
3290
-2828
-1785
3947
6720
3217
-2860
-4286
-2361
-967
-355
-1412
-2801
-3775
-2587
2316
5428
3408
-1163
-3439
-1025
2301
3937
2754
-605
-2523
-2283
-445
842
-479
-2412
-2303
949
4439
4431
1856
17
113
255
-836
-2296
-3052
-3237
-2460
-602
515
-241
-3016
-3823
783
6038
5823
-316
-4002
329
6259
7137
1899
-3107
-2601
-493
212
-974
-3200
-4890
-5228
-2298
2270
4363
2200
-1134
-462
3204
5291
3297
-1143
-3893
-3611
-1475
389
165
-1697
-3061
-1174
3497
6208
4860
1156
-1538
-1318
-886
-1311
-1926
-2094
-1319
-512
758
644
-1437
-4076
-5230
-220
5777
5081
-708
-4685
225
8385
9608
2942
-4624
-5227
-1713
552
253
-2251
-4021
-4694
-2670
1856
3919
2400
-612
-461
2837
3704
1551
-1754
-3388
-1915
-122
676
181
-1846
-2588
-91
3379
4649
2486
-693
-1281
851
2469
1032
-1636
-2760
-2194
-918
9
172
-550
-2143
-3738
-2841
1229
3534
960
-3826
-4266
2978
9173
7892
1678
-2274
388
1095
-1319
-4323
-8127
-5794
-1780
829
4155
3490
767
-1070
351
4075
4125
742
-2220
-1849
296
1645
1367
-946
-2295
-1528
200
2705
2949
216
-1339
-651
917
412
-2827
-3940
-2355
-717
87
-209
-591
-730
-967
-1472
-1768
-133
2698
3480
1229
-1311
943
6793
8252
2981
-3390
-4547
-1679
428
-905
-4397
-5336
-3656
-737
1943
2638
1365
-595
-440
2578
6027
3088
-2163
-1736
-1960
-2674
-142
-279
-3329
-1704
1157
1784
4013
2833
144
565
1827
2431
633
-1570
-3090
-1980
106
372
416
-1122
-2434
-2653
-2489
-2610
-2401
690
3387
3356
235
-1840
2073
6361
5177
-587
-3855
-854
2212
1618
-1664
-4486
-4065
-2875
-1522
220
884
862
314
1398
3715
3610
1208
-1581
-2243
-917
-254
-857
-1674
-1435
-126
1923
3156
2324
1052
286
487
401
-1198
-2070
-2014
-773
1215
1464
1071
323
-758
-1482
-2306
-3326
-4583
-2609
2463
4538
2061
-1415
-313
5241
7274
2179
-4154
-4486
-405
1562
195
-2009
-2369
-1169
-614
220
712
-317
-1257
-858
1643
3864
2852
-71
-1922
-1478
-13
222
-1560
-2366
-845
1203
3200
3309
1350
-556
-1293
-295
-19
-1189
-1478
-839
454
929
140
-108
-251
182
230
-1128
-1736
-3053
-3243
565
3602
2668
-1957
-4211
1404
8002
8123
1701
-3674
-1912
1084
485
-3029
-5780
-4120
-1562
592
2335
1473
-116
-1196
44
3043
3340
950
-1936
-1291
1603
978
-1033
-2388
-2474
-751
841
2192
2398
1663
947
407
413
-816
-2831
-3731
-2782
-271
1228
1608
2717
3690
3077
495
-2132
-3465
-5505
-5421
-1290
2155
1955
-2054
-2315
5186
10488
7516
-607
-4879
-1006
2747
1034
-3571
-5687
-3248
-1076
-433
-198
-1232
-1566
-191
2713
5135
3293
-1024
-3324
-1762
802
618
-1013
-1641
-382
1648
2453
2166
1467
833
404
196
380
-374
-1676
-1771
-971
-297
-908
-1344
-44
1525
2200
1518
-20
-1540
-2475
-4009
-4857
-1700
1721
1554
-1469
-2198
3506
8370
6576
1149
-1659
1315
3562
1457
-1977
-4820
-4388
-2429
-1592
-814
-1574
-2319
-1028
1306
3987
3395
353
-778
124
815
-628
-2348
-2236
-320
1724
2493
2435
1096
85
440
1016
650
-1627
-2443
-481
872
543
-275
-699
-428
458
493
38
-20
-645
-1848
-3728
-3925
-436
2403
-43
-4470
-2764
5016
10224
7698
1103
-1801
513
1433
-1791
-4711
-4578
-2150
1
675
633
-313
-1471
-1295
941
2451
533
-1716
-905
1250
936
-615
-1061
-934
542
1891
1379
866
999
933
874
880
84
-1451
-2148
-994
361
370
-362
-236
1575
2650
1260
-785
-1679
-1913
-2364
-3473
-4476
-2010
2091
2753
-221
-2768
601
6132
6277
1966
-1485
288
3322
1993
-1526
-4034
-3651
-1514
-278
78
-916
-2236
-1474
842
2297
730
-1585
-1059
1061
2096
957
-575
-459
255
445
410
801
1199
1123
1241
1155
-66
-1877
-2790
-1680
203
426
-269
-53
1050
1979
1530
362
-450
-763
-1433
-2806
-3734
-3997
-2028
1750
2818
56
-2585
-223
5238
6781
2959
-920
-77
3046
2856
-1071
-4514
-4533
-2074
396
1225
186
-1612
-1706
313
1185
-243
-1895
-1588
851
2256
1177
-20
120
1189
1613
660
-399
-1032
-856
248
915
385
-911
-1319
-10
1188
868
-126
43
1146
1370
415
-768
-902
-696
-1553
-2675
-3212
-3227
-2252
706
3378
1961
-2181
-3321
1587
6776
5516
528
-1280
1841
4646
2895
-1292
-3757
-2892
-1087
-925
-2064
-3365
-3276
-1035
1306
1299
-521
-795
1386
3351
2780
322
-671
-123
8
-275
-632
-272
355
670
1083
1170
107
-1062
-799
-313
-242
-858
-1007
669
666
-257
577
-46
-684
1078
672
-1250
-651
-17
-1189
-1635
99
1082
-919
-3354
-2328
2003
4629
3298
587
670
3349
3330
-101
-3038
-3221
-1898
-831
-776
-1461
-1361
-594
29
-69
-756
-1052
172
2392
2431
781
211
955
1664
566
-1180
-1370
-368
470
504
143
-158
-395
-218
271
222
-296
-716
-531
195
354
54
111
78
189
491
159
9
-211
-906
-1504
-2583
-2333
-415
-117
-1509
-1641
1318
4813
4521
1721
937
2219
2731
1054
-1423
-1945
-1311
-1236
-1413
-1685
-1532
-1178
-997
-720
-950
-1083
263
1899
2136
1034
-230
51
1056
891
382
348
403
258
103
182
81
-367
-1007
-1069
-493
-546
-938
-929
-234
799
1051
929
818
648
701
547
66
-214
-337
-777
-1169
-1498
-2117
-2344
-1540
-228
358
299
406
1324
2541
2574
1940
1469
1421
1190
31
-736
-690
-352
-373
-1156
-1653
-1816
-1756
-1060
-746
-888
-346
618
1443
1326
246
139
671
756
1004
996
772
593
246
-9
-405
-663
-927
-1059
-324
-93
-532
-468
61
792
1153
862
148
-455
-633
-441
-114
-140
-251
-248
-216
-74
-163
-610
-953
-725
-284
-311
-744
-715
140
1038
1648
1885
1805
1875
1710
1002
27
-826
-1274
-1363
-1145
-1089
-1232
-1304
-1185
-672
-150
489
1058
945
555
564
916
833
560
202
-345
-453
-535
-410
-67
-239
-329
-97
293
641
443
56
-290
-633
-542
-301
-257
-76
188
493
677
436
144
18
-79
-89
-75
-474
-647
92
333
-48
-347
-492
4
-79
-656
-504
-110
344
674
1114
1581
1652
1104
-146
-947
-828
-94
27
-773
-1224
-1382
-973
-430
-423
-417
-215
625
1238
710
363
916
1271
974
326
-503
-666
-538
-597
-223
32
171
149
-370
-529
-311
6
154
21
2
118
605
758
429
130
-559
-675
-249
17
339
-5
-244
150
309
405
166
-228
-440
-1091
-1048
-212
-332
-456
180
537
418
120
111
112
150
633
196
-749
-265
630
1179
1273
139
-758
-840
-195
804
114
-566
-228
-174
230
58
-375
72
416
475
55
-796
-676
570
858
-263
-1094
-1075
-636
-13
747
583
-338
-106
565
537
253
196
677
247
-696
102
872
514
51
-543
-445
37
-176
-655
-864
-895
-286
778
307
-965
-1028
-635
-346
307
382
-161
393
883
870
825
118
255
826
1297
1318
368
-222
-1265
-1580
-703
-423
-201
-490
-779
-182
893
1536
1088
55
-881
-855
-535
13
186
-712
-748
48
770
669
-109
-450
-611
-391
622
1031
186
335
672
277
155
-828
-935
-391
-768
8
665
273
610
1188
1200
340
-822
-1136
-1208
-709
249
44
-504
-289
175
521
771
144
-488
-323
-251
365
451
-197
1
436
406
31
-501
-933
-579
-161
619
1092
138
129
199
275
601
-108
-230
-376
-522
-9
96
-169
-476
-322
245
1070
984
-817
-1078
-44
-366
291
310
-772
-212
-91
260
751
861
573
-417
-31
-489
-1206
-520
109
792
882
-256
-1565
-468
613
123
73
217
902
339
-387
374
200
-244
-161
-754
-1037
-51
599
682
643
755
612
57
219
202
-214
-454
-137
35
-178
-569
-898
-1
-151
-553
-364
-249
697
474
160
386
117
-207
-176
-295
-547
-163
-325
133
250
147
627
73
434
221
-370
-89
-71
-105
-779
-613
188
707
854
639
656
115
-46
97
-344
-263
-241
-533
-492
-647
-138
520
515
568
263
-118
-450
-200
-102
-64
161
-757
-174
251
-155
919
198
-451
259
-243
181
633
-144
1
-76
-225
-77
-377
-197
51
370
128
37
180
-339
-120
-380
-372
19
-403
-78
497
477
149
275
235
417
895
366
371
62
-604
-354
-853
-888
-297
-717
-475
-400
-512
815
755
422
976
433
385
262
-452
-686
-868
-742
-460
-166
300
708
751
674
515
-230
-566
-351
-184
370
305
-287
-412
-554
-233
363
554
494
195
22
96
215
53
-67
-12
-62
-135
-572
-551
-94
118
578
894
825
-46
-920
-602
-177
91
70
-84
139
-20
-337
-551
-569
173
701
453
303
-179
-621
-118
-27
-146
-139
-471
-391
-224
87
414
594
1140
1342
1052
541
10
-239
-475
-894
-935
-585
-553
-362
21
308
496
316
99
-260
-464
-279
-405
-480
-319
-255
276
759
468
380
408
101
-119
-416
-559
-177
84
-133
-185
94
519
602
139
180
395
253
219
65
-150
-255
-94
209
101
-197
-100
76
-229
-345
-173
-213
-107
-6
-111
-322
-302
-31
-91
40
339
35
-493
-542
45
674
1114
1149
507
-164
-463
-357
-294
-423
-428
-480
-73
414
221
43
47
142
221
198
316
193
-193
-494
-478
-170
12
91
208
231
-77
-190
84
208
399
104
-537
-775
-936
-618
-15
435
796
823
276
-436
-174
391
594
696
273
-55
-230
-507
-491
-788
-932
-130
386
346
585
705
650
611
347
-30
-564
-1002
-984
-699
-168
463
576
392
403
172
-74
-211
-420
-41
405
257
-148
-728
-1139
-889
-196
315
725
1055
1008
715
351
288
157
-274
-408
-400
-300
-94
-39
-87
-77
134
326
243
-131
-389
-294
-234
-122
-101
-266
-174
-210
-367
-348
-193
82
144
476
866
570
126
-43
192
253
-146
-365
-452
-415
52
538
467
161
-36
-125
-22
171
291
180
-61
-280
-374
-377
-289
-14
-185
-434
-63
-81
-6
709
827
510
-313
-1171
-1039
-561
183
524
575
801
461
187
85
191
19
-653
-622
-434
-229
-27
-108
21
262
640
806
827
460
-685
-996
-284
288
581
251
-415
-557
-321
-48
344
590
428
156
-75
-335
-871
-1148
-264
378
99
13
-226
-320
210
442
510
353
-149
162
759
803
380
-538
-859
-452
-107
-104
-253
-101
40
191
360
642
612
75
-345
-936
-724
-267
-318
136
-107
-447
154
230
71
338
203
576
1415
917
98
-352
-506
-659
-1223
-1132
-618
-63
384
452
454
376
176
334
364
-119
132
142
230
676
205
515
536
-704
-1501
-1500
-1058
-267
190
-85
561
775
239
210
33
316
275
141
169
272
526
294
437
-77
-1099
-1235
-644
-544
-571
640
908
179
-896
-755
958
646
468
811
367
638
472
320
-89
-971
-1285
-1585
-722
697
934
638
389
156
-645
-1089
-657
-553
-134
361
330
360
264
436
606
538
636
438
264
87
-482
87
765
-1096
-2009
-456
39
-353
-517
222
1282
1110
353
-75
121
-228
-1062
-949
-156
340
107
186
524
194
-164
-146
-208
5
558
545
358
161
22
209
-113
-817
-1040
-470
-32
190
757
724
295
-55
-72
309
47
-303
-407
-731
-747
-647
-407
-23
-104
-117
207
350
724
1574
1658
875
28
-881
-1082
-764
-560
-185
17
279
570
493
360
138
-426
-972
-951
-528
277
757
473
196
-375
-634
-153
64
246
405
489
817
737
93
-498
-905
-1020
-1005
-790
216
1231
1589
1339
410
-497
-948
-1083
-856
-153
293
149
185
199
173
268
107
-44
-232
-483
-100
632
634
91
-323
-653
-736
-496
-232
113
422
610
677
641
537
33
-427
-776
-860
-391
108
731
798
605
257
-496
-598
-671
-478
-217
-24
498
420
457
451
68
-496
-793
-561
-436
332
798
606
586
146
-257
-204
-153
-485
-312
-15
-460
33
789
534
224
-372
-835
-552
86
818
569
87
54
-332
-494
-516
-185
610
930
834
689
374
-295
-596
-727
-1396
-1826
-1305
32
1173
1348
970
254
-217
639
1075
388
-172
-1333
-1569
-612
72
1008
931
66
-398
-515
281
1288
1309
764
311
-688
-1290
-1425
-1953
-1052
-107
195
1005
967
1095
1005
296
-55
-1059
-1370
-729
201
1072
514
-171
-262
-228
-273
-767
-1241
-728
948
2183
2570
1966
574
-396
-1277
-1203
-500
-526
-489
-508
-423
-122
45
277
169
-39
-278
-188
387
461
358
-382
-1223
-1111
-1037
-337
868
1906
2370
1979
1548
299
-1130
-2323
-3249
-2717
-1320
1132
2795
2520
2230
1144
-107
-431
-846
-1072
-1344
-1797
-1374
-608
-333
278
1157
1332
1093
434
-119
89
-128
-295
-90
-304
-482
-727
-502
595
1522
1442
1264
817
-774
-1445
-2398
-3121
-1299
197
2099
3454
2036
778
-366
-1227
-909
-1017
-1294
-953
-582
195
1443
1883
2025
1572
-259
-1771
-2646
-2589
-1029
586
1538
1630
928
509
405
215
314
-7
-388
297
53
-935
-1406
-2384
-2091
-31
1901
3424
3483
1762
-306
-2163
-2573
-1552
-1385
-1101
-414
224
2182
3175
2574
1598
-292
-1668
-2644
-3879
-2810
-138
1353
2397
1583
-229
133
-144
28
1847
962
-1017
-664
480
210
-1473
-2620
-1711
95
1691
3441
3990
2394
-215
-3011
-3760
-1978
-1175
-597
560
715
1963
2669
1513
414
-1758
-3004
-2402
-2230
-1062
1309
3005
3656
2423
-294
-1926
-1935
-1097
-525
-665
-550
-608
41
1618
2136
1756
135
-1476
-885
306
1527
2091
581
-1192
-2014
-1750
-606
50
401
338
-23
693
815
-443
-1572
-2501
-2083
-695
304
1917
2993
3100
3309
2138
-253
-2181
-2963
-2279
-1482
-925
399
508
287
2005
2178
890
-607
-2806
-2397
-707
423
1531
633
-620
-836
-615
564
1007
406
369
617
1125
943
-878
-2290
-2382
-1434
-301
676
1942
1946
1545
1362
272
-1057
-2252
-2136
-743
312
1322
2533
1993
717
728
51
-568
-1863
-3957
-3311
-1460
1596
3951
2025
231
409
-471
-1449
-766
-303
-155
620
1438
1319
-572
-2065
-2461
-1239
1295
2170
2307
1494
228
46
-850
-1819
-2363
-2195
-419
1439
3055
4195
2269
-1112
-1674
-1009
-830
-1589
-3598
-3106
-866
981
3513
3830
1980
-11
-2350
-2197
-697
-125
1138
1516
1567
1767
-229
-1665
-1566
-1606
-1017
19
924
1229
856
550
784
379
-1561
-2761
-1883
458
2642
2828
1605
-107
-1142
-779
-342
-592
-1734
-2711
-2012
35
3214
4829
2389
-594
-2017
-2353
-1454
-517
181
595
712
1495
1508
-370
-1546
-1430
-755
907
1302
367
-519
-1110
-30
756
-136
-1342
-1164
914
2218
2918
3105
648
-2534
-3322
-1682
-423
-481
-1092
-1805
-560
1778
2974
2658
492
-1517
-1968
-1394
-388
235
798
1063
1133
1397
258
-1896
-2253
-893
719
1813
1010
-163
-299
-113
450
69
-976
-1714
-1534
564
2625
3042
1494
-895
-2360
-2500
-595
1274
828
-862
-1940
-1131
620
2086
2141
714
-123
-437
-947
-1249
-1046
-234
693
1536
1492
-230
-2235
-2182
16
2007
2213
1100
-68
-914
-738
89
-190
-874
-939
-136
956
1876
2236
174
-1891
-1946
-1535
92
1212
374
-550
-1303
-1186
194
1698
2193
1011
-466
-847
-852
-904
-327
603
1265
1212
192
-1057
-1989
-1432
315
1088
1076
718
22
-267
196
604
169
-515
-1258
-1088
68
513
599
209
-887
-1358
-292
1564
2137
1209
-813
-2284
-1099
630
1778
1770
-337
-1275
-797
-861
-475
44
541
797
246
-39
-713
-1544
-641
569
965
1233
952
526
462
582
628
-124
-1316
-2363
-2159
-326
1396
2134
1345
46
-388
-180
685
910
-224
-2144
-3179
-1774
381
2083
2334
690
-370
-792
-1441
-911
71
846
1716
1333
595
-107
-966
-529
-226
-90
139
-514
-393
4
239
511
-178
-611
-809
-753
352
1400
1939
1224
-441
-1378
-932
388
446
-469
-1522
-2616
-1208
1804
3503
3106
771
-1213
-2094
-2357
-1667
-977
223
1818
1969
1753
1217
-126
-421
-523
-957
-654
-460
-348
-407
-174
872
895
222
-424
-599
334
934
1077
367
-821
-1292
-1385
-87
732
-252
-998
-1196
88
1589
1853
1700
272
-937
-1143
-1418
-910
-144
795
1454
874
430
-334
-1481
-1081
18
654
735
-120
-777
-697
113
1296
1004
216
-423
-815
185
736
575
-7
-949
-1170
-915
537
1477
490
-762
-1803
-1403
258
1463
1514
400
-336
-395
-204
531
926
1081
981
-127
-1182
-1873
-1952
-901
59
752
1172
674
39
-248
-2
658
753
446
-418
-1282
-774
240
1180
960
-422
-880
-427
816
1477
-35
-2120
-2769
-1356
507
1508
1553
554
97
685
751
426
100
-298
-66
-57
-696
-949
-856
-314
504
1085
1106
572
-230
-1529
-1437
178
782
1034
715
-118
29
168
262
12
-815
-1193
-1437
-819
74
-292
-455
-164
212
1340
2153
1995
1212
268
-487
-1162
-1310
-1246
-824
76
354
400
248
-56
363
787
647
284
-532
-1628
-2013
-1359
5
995
996
763
731
899
953
810
152
-1052
-1854
-1834
-695
473
534
268
-181
-369
449
1538
1851
1058
248
-27
-624
-732
-365
-737
-646
54
90
-201
14
303
52
384
903
175
-767
-1402
-1916
-1393
231
1570
1480
587
139
107
58
-40
-248
-430
-120
525
1050
1092
-160
-1558
-1326
-615
-247
481
945
442
-3
130
164
230
737
877
-31
-1015
-1317
-1256
-1151
-803
238
1168
1300
761
-297
-684
-204
453
862
225
-344
-378
-672
-140
751
749
232
113
704
616
184
-81
-1501
-2385
-1295
-195
260
724
1082
1223
1380
1605
1057
-41
-636
-1293
-1839
-1800
-1624
-1243
-562
872
1991
1351
584
344
74
153
59
70
134
-302
-284
-138
199
567
-118
-674
-780
-405
524
673
317
-206
-486
37
21
-261
-128
-254
-7
321
528
732
124
-163
-225
-419
-130
-364
-248
484
733
875
417
-457
-843
-1031
-674
239
525
472
537
139
-258
-320
-414
-385
-273
-414
-172
580
687
315
4
101
554
164
-263
-190
-661
-766
-326
59
585
446
-15
199
355
235
168
34
-5
-102
-153
-18
-202
-278
-226
-386
-167
156
364
517
347
91
-130
-346
-776
-964
-279
503
817
690
283
-184
-594
-469
69
401
484
346
64
-225
-375
76
330
55
68
-413
-729
-237
-87
180
425
93
110
688
321
-774
-678
-141
-83
39
350
641
536
18
-373
-350
23
442
139
-172
-133
-393
-338
-119
301
980
735
-46
-566
-1831
-1271
1582
893
-613
552
631
-389
-157
419
-1090
-2004
-1407
-268
2081
2277
955
150
806
2395
780
-2441
-3976
-2861
-261
1434
1686
411
-101
1347
2323
852
-1439
-1741
-1177
-808
-635
-1240
-446
1416
1566
773
-487
-1012
91
993
1037
-188
-866
386
1206
1008
184
-935
-1081
-403
100
45
-640
-882
-98
630
557
160
535
960
580
-174
-793
-882
-425
299
148
-61
-135
-402
61
185
26
-710
-1468
-2717
-1919
3993
4649
584
-689
-1552
613
2654
262
-2706
-2954
52
1958
1665
385
-1134
-38
1799
903
-1383
-2517
-1771
200
981
-672
-1473
725
2545
1811
288
-1061
-1672
-596
325
-718
-712
769
1057
1081
705
-400
-391
622
820
331
-546
-1300
0
1403
1451
198
-1222
-1093
-1443
-1808
-1863
-2092
-3161
-1107
5898
5268
324
-385
-944
1992
3893
-405
-4222
-3821
-55
1925
1184
225
-1063
574
3282
1275
-2255
-3610
-2547
524
1890
-142
-1378
418
1775
1634
418
-1321
-1637
-300
1446
843
-252
284
545
1161
1191
-716
-2045
-1319
-379
66
188
-13
455
1638
1901
391
-779
-1137
-780
88
482
-113
-1288
-1143
-1362
-1277
-2199
-1241
4767
3206
-963
-577
-1093
2200
4259
732
-2472
-2871
-671
272
-192
-905
-1726
697
3739
2372
-700
-2577
-2497
-234
1141
-32
-740
266
875
1461
1049
-769
-1447
-583
852
501
-262
-221
-524
911
1987
331
-737
-672
-797
-186
-14
-468
267
1693
2284
1148
-485
-1173
-921
-1045
-1649
-2927
-3226
-2554
-3055
3412
8582
2525
-532
-1612
-1112
4354
3821
-1260
-4745
-3558
827
1626
1129
-330
-2089
877
2965
789
-1943
-3937
-3233
-215
1755
1004
438
1324
1611
2048
882
-1314
-1226
-603
13
492
176
340
503
721
736
-841
-1604
-1375
-1290
-10
575
526
1326
1942
1980
862
-193
-964
-1816
-1966
-2984
-3594
-5063
-3542
6534
8950
2480
-442
-3260
-369
5628
3682
-2507
-6790
-3863
1267
3655
3839
-1179
-3521
254
2300
1501
-1287
-4281
-4167
-310
2703
1620
1153
839
113
1589
1700
-159
-2065
-1887
-129
655
1591
939
-240
695
999
557
-132
-1613
-1930
-1050
152
937
775
689
-67
223
781
-384
-1697
-3561
-4752
-5927
183
9808
6598
1638
-867
-3041
2137
4759
670
-5413
-7310
-2601
1756
5448
4514
-1373
-2071
530
1588
832
-2310
-5244
-4819
-211
2931
3050
2991
632
-218
904
582
-515
-2570
-2511
-738
1571
3666
2178
232
-320
-576
47
-144
-1030
-1566
-1271
376
1281
1930
1143
-905
-563
-904
-1925
-2586
-3471
-5465
-3622
7338
10034
3983
777
-4061
-2258
3950
3406
-1658
-6553
-4996
-548
3640
6901
2713
-2372
-1825
-11
1494
428
-3427
-6441
-5205
-138
3828
5550
3552
-161
-672
539
1343
-339
-2734
-3456
-2160
1676
3840
3049
1473
-426
-1220
-328
421
-119
-1431
-1885
-913
949
2734
1831
228
-1039
-2186
-2078
-2803
-4149
-6028
-658
8406
7076
3806
-298
-4562
-488
3341
2551
-1792
-5500
-4277
-1226
4407
6797
2008
-1592
-2194
-670
1821
1199
-1972
-5331
-5441
-1994
3110
6613
3807
-252
-1584
-779
1673
2172
440
-2857
-4267
-1459
1464
3053
2292
-515
-1489
-365
1088
1268
-327
-1684
-1854
92
1891
1652
768
-1434
-2942
-3106
-2735
-4257
-3025
5669
7678
4826
3327
-1554
-2032
629
1398
-803
-4853
-4969
-3652
491
6044
5399
2345
-56
-2150
-1747
-422
-735
-2934
-4509
-3776
-917
4369
6467
3456
263
-1538
-972
767
1787
301
-2508
-2665
-1112
1845
4161
2096
-1311
-2505
-1715
223
1692
1398
-452
-1664
-755
74
759
1257
-811
-4339
-4454
-3559
-4371
2216
8515
6520
4429
-221
-2328
632
1664
1054
-2378
-4831
-5296
-3692
2018
5079
4210
2415
-404
-1629
-52
430
-1485
-3393
-4621
-4157
-148
4717
5581
3320
376
-1635
-1096
699
1348
-336
-2082
-2344
-1187
1886
3684
2301
118
-1667
-1722
59
1252
1117
-426
-1470
-1558
-831
1269
842
-1060
-2964
-4638
-5623
-4356
3909
8270
6349
4863
-981
-3072
565
2361
1943
-1055
-3969
-6131
-3736
2568
4860
4584
2526
-1234
-2558
-1040
307
-631
-2321
-4320
-5210
-1500
3289
5026
4587
1862
-1614
-2234
-132
1767
1888
449
-1736
-2458
-294
1678
1750
1059
-893
-2212
-919
1263
2452
2122
594
-1424
-1837
-446
202
-93
-966
-3052
-4625
-5786
-4030
3861
8239
7365
4773
-1959
-4228
-1212
1705
3373
665
-3176
-5991
-4583
786
4121
5656
3723
-812
-3098
-2471
-777
267
193
-2439
-4505
-2172
1300
4044
5372
3229
-165
-1705
-1676
-1114
12
775
-539
-1681
-1135
-742
674
2317
1432
144
-442
-766
186
1554
1924
804
-314
-1038
-1836
-538
984
194
-1751
-3408
-5224
-5335
765
5517
5524
5178
1016
-1640
152
1699
2403
533
-2204
-5262
-5838
-1694
1636
4119
4669
1571
-826
-1535
-1551
-682
493
-389
-2594
-2790
-2078
-76
3499
4489
2911
910
-907
-1396
-684
123
-394
-1412
-1340
-1390
-859
813
1663
1640
1057
153
-364
53
1306
1512
745
-341
-1698
-1216
-104
10
122
-490
-1381
-2297
-2558
-2006
-1819
981
3592
2896
2576
946
-357
963
1463
1431
404
-1418
-2929
-3686
-1969
-120
1264
2451
1374
464
678
349
63
52
-863
-2741
-3010
-2008
-671
2022
3297
2732
2146
1047
161
-270
-584
-1444
-2510
-2923
-3146
-1712
842
2664
3700
3182
1887
739
161
138
-271
-542
-1372
-2530
-2163
-1190
62
1470
1949
1608
369
-886
-1323
-1465
-1426
-1277
-1106
-1091
-288
1088
1611
2479
3092
2442
1433
-94
-1276
-1709
-1503
-667
-465
-805
-1033
-800
164
1039
1428
1162
131
-590
-933
-1098
-517
104
327
81
-169
188
475
928
1108
598
-84
-1117
-1594
-1495
-773
555
852
754
600
193
269
439
900
868
51
-374
-781
-561
186
215
-51
-333
-165
200
-197
-775
-1108
-1068
-462
111
594
975
850
841
1081
967
337
-632
-1241
-1633
-1792
-1073
-53
1016
1488
964
816
674
277
330
-141
-825
-1094
-1345
-916
-149
408
1196
1495
1077
704
338
29
-221
-757
-1318
-1536
-1214
-442
320
897
1404
1426
968
672
103
-299
-717
-1767
-2400
-3150
-2014
532
1274
2832
2719
524
788
723
614
1195
728
-140
-1698
-2440
-2473
-1669
227
544
854
1420
739
389
568
512
31
-327
-1036
-1929
-1705
-1185
-64
1659
2136
1738
1715
1409
360
-285
-369
-367
-493
-1091
-1675
-1523
-954
-618
-100
408
644
1205
1504
1122
504
-26
-560
-1043
-1095
-958
-728
-142
352
86
124
729
1042
1590
1325
420
124
-331
-442
-482
-913
-1320
-1577
-1057
-452
-183
228
985
1336
867
587
91
-222
-442
-1072
-835
-554
-85
545
507
575
20
-85
540
518
889
1185
1091
806
-271
-1089
-1290
-1299
-814
-289
-235
-224
-192
-149
-124
-348
57
798
781
903
1010
392
-70
-202
-182
-309
-500
-200
-284
-521
-74
520
593
144
6
-125
-74
-187
-1027
-483
353
-194
-675
-560
-433
-598
215
1199
1206
1404
804
-219
-123
-242
-308
508
656
272
-73
-639
-683
-675
-497
78
37
-69
-356
-971
-683
279
878
841
775
524
-771
-1349
-165
443
383
673
329
-233
-189
-29
91
400
1153
1260
330
-133
-494
-801
-785
-763
-625
-1245
-742
712
327
290
965
-30
-1508
-1138
-673
-957
433
1093
826
1603
1255
1212
1223
355
728
-93
-953
-99
-416
-191
320
-379
-556
-967
-1614
-1521
-1155
-775
-116
490
574
586
539
512
376
98
181
158
89
387
781
825
303
-208
-447
-437
-218
-126
130
452
524
279
-7
191
410
444
-232
-776
-715
-1088
-1249
-2040
-2074
-1220
-708
157
-991
592
3597
1739
2946
4346
1068
1343
1809
-661
-1034
-1340
-2010
-1444
-1192
-1046
-1343
-1933
-1706
-1061
-455
429
1325
1367
1459
1369
701
320
325
1025
895
126
76
-545
-1160
-1348
-1383
-850
-352
132
369
400
654
567
520
820
775
430
271
-76
-454
-618
-850
-673
-1042
-1350
-941
-1262
-818
-346
-97
941
763
1043
1341
1043
2056
1912
1746
1767
272
-96
-700
-1829
-1497
-1312
-1666
-1737
-1709
-1821
-963
391
1157
1747
1535
1213
937
971
1532
591
-412
-938
-1862
-1231
-452
-754
-297
243
744
1342
766
420
487
45
-6
-16
-74
129
-249
-723
-487
-414
-66
243
-333
-706
-1267
-1326
-1194
-1435
-776
-114
1349
2276
1698
2190
2830
2951
1711
-495
-1441
-1975
-1791
-1025
-1030
-510
372
-10
-896
-1277
-1004
-165
242
-74
92
613
609
622
112
-315
713
1275
1021
463
-437
-154
478
260
-228
-1078
-1132
-323
-466
-55
931
1087
1612
916
-806
-982
-823
-693
-417
-1276
-1927
-778
-151
-325
154
-78
97
528
-114
565
1848
2874
3444
1773
299
-84
-803
-961
-1419
-1723
-639
-630
-1708
-1858
-1673
-797
424
297
269
896
1013
762
781
1420
1277
660
338
-529
-682
-471
-350
543
807
287
-71
-254
-34
345
-57
-326
162
39
-500
-1183
-1091
-127
-213
-920
-1575
-1508
-680
95
653
475
444
596
802
1495
1615
2005
2356
865
279
1295
318
-1071
-1491
-2295
-2040
-2220
-3139
-1940
-245
797
1490
1040
1291
1990
729
-61
371
591
745
-147
-459
-107
-831
-725
-168
-200
427
1063
591
178
241
-172
-381
-457
-679
-215
26
-353
-610
135
1188
-268
-2102
-1714
-1025
-337
-241
-285
572
872
1341
1852
2291
3431
2318
403
756
157
-1347
-2253
-3304
-2462
-1477
-2163
-1100
394
614
1391
1137
527
1079
-84
-1307
-771
-375
870
1810
1094
902
1412
2099
1648
-344
-1085
-1148
-1906
-2523
-2672
-1574
-281
600
1467
1799
2160
2059
1198
482
-716
-2878
-3777
-3451
-2633
-305
189
451
2478
2281
2387
3156
2658
2396
776
-1455
-1779
-1483
-1358
-678
-716
-787
-250
-638
98
-141
-1912
-418
250
-812
-337
-731
-166
1719
2009
2315
2890
2107
715
-330
-804
-652
-1184
-2364
-2261
-1099
-630
-259
1239
2247
1690
244
147
1253
498
-886
-1552
-1856
-2700
-3323
-1701
-7
1424
1418
604
2006
1503
908
2475
2169
1683
254
-2060
-1667
-1327
-1475
-251
239
-175
-482
-914
-619
-136
-772
-778
-86
196
408
-56
333
1312
739
895
1761
1108
246
-313
-616
116
401
126
305
-319
-886
-34
910
780
-592
-1067
-351
-991
-1427
-1193
-1074
-941
-2097
-1828
-232
962
2295
1721
1355
1514
910
1767
2300
2041
1320
-820
-1623
-1004
-1619
-1869
-695
-588
-1437
-1797
-1802
-624
762
1089
1658
1489
647
172
103
1555
988
-884
-26
-940
-2490
-1162
132
1837
2747
1141
517
1025
228
-362
118
200
-306
-1999
-2539
-1162
-904
-42
47
-1406
-2334
-2971
-978
1465
3217
3599
1187
626
389
602
2541
2349
1919
484
-2910
-2903
-1120
-2270
-867
2157
-948
-3163
-1553
-445
1994
2794
2026
1878
-547
-2299
-1837
-841
1355
630
-1502
-295
-68
97
1814
2037
2345
1947
-561
-1687
-607
-286
-601
-1315
-1912
-793
561
2160
3094
2144
-800
-3404
-3982
-5329
-3615
518
3568
4024
-428
-302
2653
2693
5667
4550
-1397
-4296
-7222
-6006
94
1504
2066
3164
290
-214
1799
1992
2504
218
-4574
-5458
-4795
-1991
2372
2007
1683
2101
1377
3404
3694
2115
1358
-2871
-5115
-2366
-2024
-929
2010
307
-1009
1368
2126
2690
2628
708
41
-2104
-3685
-3320
-3433
-4346
-5495
-451
4704
6830
8266
3076
267
795
195
1639
-1378
-5815
-6821
-7274
-3020
4117
6867
6839
4192
-181
-395
-265
-1306
-686
-5054
-9153
-4415
-609
2132
6428
4930
1840
445
616
3228
2796
-266
-2648
-4245
-3193
-546
1051
1319
-116
-843
653
1874
2441
2632
392
-2811
-2140
-1001
-839
-793
-3066
-4261
-5350
-1610
5726
7635
7653
1975
-2718
-757
-945
2216
2601
-5606
-8256
-4633
-839
4705
7562
4784
1520
-1236
-1590
1071
875
-2191
-5276
-7546
-4964
1242
5112
5393
1910
-723
-299
269
2478
2711
-1122
-3978
-3897
-944
3055
4335
2359
41
-1428
-693
2823
3612
-535
-2435
-2059
-2881
-1370
401
-49
-3081
-4634
-3762
-4487
1710
7281
6310
6475
351
-3006
1112
1377
1322
-921
-6302
-6468
-1960
2739
5952
5162
1498
-904
-1926
-949
316
-2033
-4375
-4783
-3590
1946
5896
5540
3870
-1060
-3426
-856
311
-479
-1121
-2071
-2789
227
4168
4843
2619
-907
-2937
-2119
922
2491
1213
-1135
-1614
-366
970
2214
240
-1554
-4082
-5997
-4746
-5617
1124
8026
6871
6741
314
-3430
673
598
753
-596
-5076
-4713
-1336
2858
6917
4823
98
-907
-1502
-1393
8
-2282
-5380
-5359
-3272
2440
7174
6274
2324
-1824
-2764
-1430
126
284
-1751
-2688
-1774
1163
4527
4362
1650
-1017
-2134
-1116
295
726
-559
-1390
-243
1169
2896
2518
-71
-2482
-3807
-3888
-3646
-4294
-5117
1999
8350
7429
7229
-839
-6355
-1547
486
3202
2013
-4883
-5331
-929
2613
6066
5085
-1381
-3589
-2145
-1072
793
-838
-4340
-4561
-2550
2843
7451
5353
1359
-2076
-3103
-314
1549
700
-1303
-2274
-1176
1725
3330
2112
-74
-2718
-3192
-661
1436
1050
-401
-1299
44
2502
3028
2469
165
-2779
-3321
-1721
-1493
-2435
-3645
-5189
1503
8144
7090
4686
-3473
-6433
57
3338
4467
1667
-4462
-5285
-1121
2766
4962
2615
-2859
-4289
-2739
-150
2194
263
-3160
-3578
-1016
3709
5889
3103
-536
-3714
-3259
490
1934
1274
-291
-1019
536
2825
3434
1183
-2363
-3803
-2155
-271
651
425
-445
-315
1732
3399
3003
1268
-2025
-3365
-3053
-2174
-1428
-2906
-4085
-4768
1413
8647
7298
5077
-1198
-5032
202
3072
3533
828
-4994
-6228
-2156
2352
4246
3084
-1175
-3588
-1466
1140
1606
-591
-2988
-3619
-1883
2924
5638
3536
-24
-3092
-2421
552
1629
1058
-1060
-2035
-153
1957
2060
56
-2403
-3396
-1521
1212
2675
2295
384
-313
1008
2338
1982
649
-1889
-3614
-2406
-1481
-566
-1118
-2686
-3566
-2988
4215
8212
5057
1018
-5184
-4107
2597
4807
4210
-250
-5430
-5363
-943
2843
3307
1221
-2363
-3010
-224
1628
1324
-1133
-3475
-3009
317
4428
4694
1307
-1944
-3459
-1430
1702
2311
945
-776
-943
648
2442
2172
-416
-2971
-3521
-1424
756
1305
965
7
200
2014
2859
1689
-559
-3214
-3994
-2420
-943
230
-632
-2439
-3564
-2583
4444
7644
4652
1838
-3689
-3356
2412
3732
2870
-754
-5194
-5008
-792
2956
3810
1742
-1999
-1999
418
934
492
-1987
-4702
-3870
185
4628
5026
2422
24
-2537
-2135
824
1129
-201
-978
-1374
-224
2009
2085
520
-981
-2425
-1397
904
1499
905
100
177
1021
1950
1750
-18
-2301
-3281
-1956
-411
39
-891
-2567
-5294
-3871
4308
6972
5021
1873
-4264
-2981
2774
5205
3503
-2591
-6225
-4431
402
3858
3942
2097
-1366
-2647
-522
1495
593
-2535
-4178
-3627
47
5190
5108
1569
-1741
-4460
-2694
910
1847
1194
-363
-1145
626
3205
2709
-239
-2761
-3436
-1218
1451
2189
1557
676
269
1132
2054
1524
-384
-3034
-3536
-2512
-871
-180
-1613
-3323
-5465
6
7265
6100
4523
-1012
-5023
-46
3245
3805
806
-4828
-6467
-2819
2959
5650
4529
436
-2600
-1630
-146
330
-714
-2700
-4010
-2836
2289
6119
4704
1162
-2696
-3725
-630
1640
1485
-297
-2505
-2567
-223
1957
1652
-145
-1895
-1897
566
3084
3537
1690
-354
-278
1167
1420
559
-1191
-3142
-2931
-1798
-274
-281
-2128
-4615
-5922
1701
8322
6563
3632
-3482
-5492
891
4253
4803
1179
-4985
-7007
-2812
3598
6098
4080
-947
-3951
-2373
611
1914
-357
-3087
-4085
-2378
2594
5126
3680
522
-3339
-3014
584
2399
2392
435
-2244
-2406
480
2488
1193
-1214
-3000
-2274
356
2695
3484
1517
-577
-595
878
1971
949
-1480
-3247
-3120
-1849
184
-68
-2219
-4520
-5190
2824
8946
6866
3607
-4091
-6404
-38
3996
4843
1223
-4378
-6393
-2623
3291
5316
3262
-1273
-3740
-2471
173
2079
784
-1954
-4009
-2581
2689
5184
3786
570
-3492
-3813
-474
2379
2308
-81
-1947
-2567
-458
2593
2497
359
-2012
-2569
-558
1948
2684
1186
-231
-645
563
2263
1622
-547
-2620
-3117
-2063
-278
294
-1396
-3973
-5460
902
7648
6506
4302
-2161
-6212
-1113
3498
5173
2172
-3252
-6124
-3865
1871
4336
3496
-568
-4275
-3209
-7
2716
1953
-1043
-3879
-3879
1144
4891
4709
2252
-2352
-3919
-1046
2175
3477
1441
-1734
-3031
-1474
1373
2131
639
-1946
-3290
-1647
1003
2545
1766
238
-24
568
1859
1801
96
-1730
-3077
-2545
-1336
-147
-751
-2339
-4138
-4542
3499
8071
5705
3780
-3613
-4785
1519
4118
4740
897
-4889
-6839
-2867
2697
5013
3971
-815
-3615
-2562
62
1636
-152
-2778
-5458
-4337
1509
5355
5699
3202
-1368
-3171
-869
1441
1805
534
-2115
-3002
41
2842
3186
2020
-1191
-3405
-1926
200
868
708
-161
-589
577
2261
2649
1407
-939
-2887
-2864
-1518
-102
-1019
-2446
-4670
-5029
3321
7492
6194
4195
-3521
-3689
1591
3699
4658
389
-5429
-7768
-4044
1631
4528
4542
332
-2625
-2188
768
2541
220
-2259
-5594
-4962
1477
5070
5567
3684
-1136
-3141
-1023
730
1101
467
-1851
-2447
438
2458
2686
1514
-1700
-3598
-2230
18
1252
998
-344
-387
937
2340
2815
1103
-1031
-2785
-3029
-1309
254
-137
-1559
-3351
-5624
-77
6481
5478
4992
-152
-3729
1249
4183
4491
796
-4998
-8110
-6123
292
3891
4849
2660
-1113
-1640
-197
1395
335
-1963
-4503
-5545
-825
3945
5401
5022
1367
-1701
-991
281
113
-701
-2244
-3618
-1738
1666
3079
2386
-153
-2156
-1877
-256
1131
1277
887
53
-255
1002
2293
1676
-2
-1362
-2386
-1346
241
-88
-1472
-2950
-4968
-5242
1183
5919
4905
3494
-1222
-1905
3105
5600
5071
-542
-6308
-8396
-6175
676
4348
4407
2981
159
-673
1000
2009
-553
-3128
-5110
-5756
-553
3574
4156
3911
595
-1095
53
1141
1634
74
-2148
-3407
-1879
597
1147
875
-416
-997
-592
352
1846
1361
479
126
-172
463
856
54
-1391
-1721
-1090
473
2065
1403
-207
-2588
-4306
-5081
-3487
2417
4104
3190
2617
-800
1170
5142
5032
2061
-3827
-6281
-6229
-3195
2312
2949
2444
1194
-166
1280
2055
1640
-1443
-4175
-4699
-4110
341
3030
2368
1385
-308
132
1398
1944
1577
-320
-1927
-2449
-847
922
931
309
-818
-767
670
1768
1545
263
-34
-398
-888
497
902
-771
-1789
-1220
-219
393
1340
971
-1513
-3235
-4128
-4595
-863
4288
4549
3683
1822
-351
2401
4583
3787
-283
-5373
-6272
-6234
-1433
3319
164
0
1817
899
1682
3596
3423
-1408
-5098
-4407
-2870
6
1840
1194
-370
-755
1356
2973
3816
3232
-62
-2572
-2671
-1753
-724
-344
-1322
-1765
-298
1375
2632
3039
2136
461
-662
-351
-325
-1072
-1843
-2331
-1481
-263
914
1755
863
142
-718
-2757
-4093
-2873
1308
2760
1520
2067
1434
1939
4502
4354
2045
-1597
-4008
-3985
-3470
-1384
-261
-1618
-1447
-43
1219
3215
3800
1946
-240
-2003
-1983
-380
-93
-486
-1076
-2027
-1226
930
2905
2931
1092
307
35
-177
59
-793
-2080
-2693
-2002
-230
1034
2125
2629
1797
1301
1282
727
-6
-805
-1728
-2184
-2147
-1573
-577
-332
-399
-790
-1777
-1925
-1895
174
3941
3642
1670
1026
661
1978
3082
2651
1185
-1391
-2607
-2329
-2041
-1617
-1349
-1534
-1964
-1239
842
2338
2316
1283
575
82
-21
860
447
-1214
-2282
-2276
-908
591
1512
1429
649
546
803
1256
1230
111
-1229
-2329
-2071
-652
260
544
196
-112
387
1077
1529
1322
694
-148
-1082
-1064
-623
-411
-216
-431
-674
-638
-728
-1062
-1508
-922
862
1550
664
-52
251
1333
2435
3014
2222
231
-1266
-1904
-1703
-872
-391
-546
-1370
-1796
-902
17
553
1096
1063
593
417
619
841
537
-319
-568
-176
-91
102
158
-352
-374
415
882
655
430
-390
-1484
-1478
-1007
-185
509
242
493
841
382
535
814
138
-726
-1091
-927
-453
-208
-93
322
491
571
621
177
87
12
-549
-740
-744
-419
411
748
490
-72
-558
-258
572
1145
796
19
-692
-1226
-166
1350
1096
-232
-2007
-2707
-805
1580
2775
2999
1495
-1011
-2215
-1829
-864
-13
384
122
-277
-259
54
818
1155
621
-98
-908
-1009
-332
587
1355
925
-310
-1499
-2083
-1349
205
1436
1578
709
-511
-1107
-747
-366
-298
-388
-433
97
922
1845
3021
2933
653
-1795
-2936
-2606
-936
516
757
391
-67
-580
-579
244
873
679
-378
-1530
-1588
-524
930
1921
1818
201
-1509
-1510
-238
1373
2318
2096
960
-586
-1387
-569
550
283
-970
-2595
-2988
-1366
918
2923
3167
1550
-683
-2543
-2731
-1380
350
1709
1808
444
-894
-1102
-402
364
755
574
212
-85
-595
205
1168
1659
1023
-2196
-2091
-135
-964
-469
1576
2911
1469
-1328
-1578
-615
8
73
-903
-1922
-1460
-524
289
2160
3549
2417
-69
-1325
-2155
-2748
-966
936
1114
523
205
654
726
1204
1952
861
-830
-1706
-2058
-1564
-5
1467
1601
952
86
-894
-999
-365
-406
-985
-1089
-835
-450
363
1047
1186
924
-326
-1359
-1235
-1201
-313
1472
2252
2312
1839
643
-171
-866
-1666
-1226
-430
-265
-232
56
1045
1559
1003
-62
-1452
-2376
-2154
-992
26
665
994
716
147
-227
192
667
491
331
288
522
1154
1574
1170
-70
-932
-1162
-1732
-1805
-1447
-1180
-159
834
1870
2518
1411
-206
-1259
-1435
-1311
-1230
-702
-235
199
799
1488
1851
1583
836
-214
-656
-314
174
46
-635
-1037
-910
-362
-101
168
412
133
142
-95
-384
-105
-169
-380
-742
-929
164
1175
714
-160
-723
-811
-29
1351
2416
2085
545
-1119
-2208
-1869
-425
417
317
125
139
468
920
1071
862
59
-1058
-1412
-1169
-930
7
1028
1143
869
127
-654
-1083
-941
224
761
183
-199
-593
-1006
-541
480
1287
1685
979
-383
-1212
-1465
-750
959
2246
1999
1020
29
-1223
-1932
-1834
-1443
-827
-147
612
1151
1254
1160
678
-393
-1296
-1363
-1168
-810
-78
665
1249
1376
1321
1223
560
-389
-1238
-1619
-1460
-949
-3
836
1612
1766
494
-315
-276
-903
-1840
-2193
-1249
598
2230
3130
2548
999
-347
-1591
-2371
-2218
-1608
-474
1170
1987
1648
1070
336
-587
-1273
-1395
-1198
-934
-287
929
2014
2104
1244
-382
-1509
-1447
-1090
-171
532
580
636
394
453
354
-689
-1234
-697
-423
-680
-784
-403
951
2079
2069
1650
901
103
-922
-2197
-2538
-1919
-735
1022
2041
2309
2501
1167
-758
-1608
-2007
-1996
-1701
-1031
288
1395
1721
1409
621
-77
-381
-801
-1054
-773
-331
162
598
866
1103
948
89
-331
-98
-443
-1148
-1520
-1084
386
1737
2044
1596
567
-548
-1328
-2115
-2011
-1012
97
1916
2192
392
-18
31
-945
-1304
-902
-590
-379
253
939
1522
2149
1582
22
-960
-878
-628
-860
-465
651
1126
625
327
-116
-1377
-1183
-426
-765
-720
-650
-265
821
1745
1883
678
380
993
-567
-2481
-2374
-1442
-293
980
1724
1473
920
675
70
-741
-1053
-783
-541
-197
343
686
1767
1595
-648
-1440
-1023
-884
-733
-344
558
1015
786
870
684
-549
-1399
-784
30
-24
-814
-1269
-99
1338
1871
1965
1024
141
-247
-1320
-2184
-1921
-661
378
1033
1742
1400
363
-245
-514
-839
-1084
-1076
-737
48
512
491
841
954
217
-264
-409
-333
98
408
860
941
690
432
-171
-623
-731
-417
-595
-1241
-1159
-538
545
1328
1532
1225
25
-929
-1397
-1781
-1348
-539
13
878
1471
1513
1361
720
180
-462
-952
-827
-899
-330
504
661
782
358
-328
-546
-509
-309
-226
132
546
451
401
191
-74
-294
-597
-68
567
454
18
-430
-442
-430
-311
156
265
376
424
-100
-626
-823
-321
470
643
859
767
-321
-1046
-1005
-475
306
403
339
562
463
522
736
347
-395
-965
-1095
-958
-588
152
638
712
484
330
483
151
-3
68
-626
-1314
-1530
-1082
132
971
683
355
429
589
803
-47
-604
-145
-109
400
731
673
712
-81
-675
-892
-1091
-707
-23
579
794
956
1075
276
-631
-811
-693
-258
-185
-156
270
188
292
297
-76
-417
-855
-93
186
-1055
-964
83
560
592
409
232
253
630
374
-623
-1232
-1171
-25
1644
2232
1474
273
-567
-812
-784
-824
-568
-191
-183
-221
-8
319
47
-557
-662
-265
324
443
546
888
756
373
-81
-77
231
-147
-398
-320
-573
-368
167
201
377
777
623
351
104
-402
-653
-1017
-1320
-834
-286
341
662
168
299
836
727
358
-203
-387
58
4
-244
-113
-362
-402
41
-31
149
536
195
123
110
-143
-13
-342
-827
-877
-817
-76
853
857
429
332
276
115
298
528
566
692
619
238
-218
-581
-631
-607
-746
-805
-629
-480
-466
-336
-113
132
344
507
710
783
397
-328
-542
-324
-181
199
544
741
942
727
176
-431
-962
-913
-398
-132
14
141
85
104
12
-265
-328
-94
224
274
130
140
258
265
-20
-236
-181
-192
-141
-233
-419
-258
158
744
870
531
178
-416
-837
-715
-237
217
376
346
178
119
425
516
-23
-413
-406
-266
-176
-233
-135
-285
-629
-1001
-1197
-189
448
-296
30
1546
2278
1864
933
391
192
-446
-926
-713
-254
249
68
-829
-1467
-1568
-504
748
853
804
729
675
293
-561
-947
-1527
-1365
26
659
613
826
993
728
534
408
107
-111
-507
-714
-59
414
-146
-609
-741
-677
-92
420
626
728
999
811
191
-283
-539
14
-78
-843
-975
-1489
-1731
-1100
-903
-459
1263
1847
513
-281
424
1795
1945
1182
770
650
674
52
-603
-884
-993
-727
-1057
-1406
-990
-651
-149
306
17
-147
-5
331
730
515
264
294
473
420
-6
-114
386
1020
210
-768
-309
-402
-1035
-912
-695
-651
69
691
822
1064
818
703
417
-89
-181
-603
40
1073
772
418
-83
-876
-1537
-2335
-2605
-1642
-140
640
734
491
372
1128
1897
2256
1809
505
211
101
-612
-958
-1165
-874
-407
-390
-739
-1213
-1260
-456
950
1130
628
1115
772
-437
-477
-50
162
614
572
-222
-573
-34
178
-83
149
239
71
190
28
-673
-862
27
19
-885
-201
734
149
42
705
507
354
666
394
-48
-225
-342
-630
-1192
-1374
-1183
-1380
-1298
-148
984
1272
969
564
878
1107
874
1501
1899
1154
231
-438
-997
-1675
-1430
-590
-629
-831
-968
-1309
-949
168
1055
1257
641
100
265
-310
-656
650
1618
1788
1560
340
-969
-1459
-1132
-429
-250
-589
-776
-770
-792
-433
565
1394
1323
698
341
19
-334
138
425
-252
-605
-641
-680
-24
558
438
331
-55
-431
-319
-430
-378
-44
213
391
-55
-203
248
68
274
891
491
-107
-493
-972
-1003
-479
208
576
299
-85
70
154
271
1016
1196
516
155
55
-362
-494
-45
33
-401
-820
-857
-307
199
315
145
-622
-1400
-955
44
16
-148
548
704
629
1398
1212
-20
-352
-266
-168
438
830
756
438
-468
-1277
-917
-215
-47
112
-14
-585
-591
-169
-50
210
590
379
85
-107
-549
-383
269
269
13
154
392
446
237
-129
-467
-554
-678
-779
16
189
-83
958
719
108
977
352
-656
-9
725
498
-60
9
-406
-1148
-602
-107
-256
181
560
37
-479
-311
-222
-460
-411
-101
-6
-46
260
294
220
740
679
320
256
-249
-469
-174
99
327
94
-181
91
253
272
228
-7
6
-185
-791
-1322
-1296
-602
181
1022
1291
982
889
299
-218
-146
-502
-686
-402
-485
-418
239
465
144
255
435
179
-13
-103
-83
365
632
296
183
-288
-1154
-674
-76
-388
-156
206
-69
-136
-36
-261
-343
-212
168
283
104
426
296
341
900
674
683
656
-236
-887
-1111
-937
-270
-111
-170
325
200
-206
-63
-225
-149
372
99
-439
-412
-270
181
901
1183
749
44
-37
25
-361
-478
-107
73
-266
-257
315
412
172
84
-81
-250
-495
-495
-322
-476
-39
465
152
174
371
219
306
293
-62
120
375
-105
-337
-135
-175
-487
-794
-749
-404
102
402
452
561
342
2
130
218
-141
-386
-376
-193
432
734
411
28
-238
237
903
409
-578
-667
-301
-765
-1060
-43
501
180
469
347
-324
-354
-481
-311
274
187
72
42
128
773
864
454
357
215
207
-147
-778
-588
-446
-513
-237
-98
-147
-185
-53
-13
108
435
743
784
-74
-446
79
-431
-1294
-950
-124
237
753
1134
555
307
384
-142
-159
198
-166
-790
-941
-282
436
369
297
679
619
-323
-1019
-668
-114
-88
-290
-320
-382
-455
-133
534
973
950
894
611
266
154
-153
-453
-1010
-1096
-139
472
832
838
390
212
42
-180
-625
-833
-853
-1126
-671
176
684
585
156
565
933
379
-62
-68
-22
-229
-614
-579
-241
-34
118
263
416
561
644
468
69
-319
-698
-846
-781
-561
51
703
694
272
66
-169
-294
-157
-238
-173
224
215
-160
-52
393
467
114
-181
-88
-72
-195
-173
-191
-312
-159
275
222
51
-31
-240
306
686
446
538
365
-456
-1160
-377
511
-359
-553
304
219
41
330
-72
-581
-282
-276
-476
15
738
952
484
177
284
-121
-698
-320
0
-323
10
672
714
84
-704
-1004
-958
-841
-572
-113
240
626
1149
1236
1067
1112
829
94
-572
-1151
-1000
-371
-31
260
-52
-374
-270
-368
-220
10
234
197
-170
-86
35
-114
-326
-415
-115
349
657
687
709
572
7
-517
-654
-378
-137
-5
353
379
197
489
619
178
-355
-795
-865
-730
-890
-708
87
630
514
242
79
-43
187
124
-231
189
584
569
465
56
-121
-318
-560
-72
334
168
283
409
121
-19
-417
-627
-539
-1338
-962
93
-20
1067
1701
524
-9
-416
-387
282
-157
-440
59
132
173
-24
124
514
69
263
346
114
320
-154
-230
-489
-959
-604
-572
-293
-8
-62
265
502
330
-34
-93
-176
-341
-39
447
778
864
681
354
-268
-753
-258
-127
-444
-159
-338
-194
191
-145
95
206
-71
95
-179
-107
301
-400
-387
315
69
358
778
319
136
163
156
378
149
-213
-253
-843
-1155
-766
-520
-116
329
468
316
470
812
303
-290
-140
-200
-478
22
169
-120
430
582
111
44
36
-237
-446
-398
-252
66
-75
-392
566
676
-454
302
496
-731
-87
851
757
344
-315
-533
-717
-1189
-725
62
81
233
157
177
170
-255
439
788
443
353
80
-185
-230
274
403
528
391
-421
-533
-554
-216
33
-386
-726
-642
-161
-120
314
222
80
637
-900
-1223
507
406
295
1030
1088
409
-185
-142
-128
-568
-493
261
58
-166
246
-9
50
348
30
-419
-557
-552
-720
-569
-355
134
980
1031
787
723
106
-365
34
147
1
-112
-309
-181
-228
-51
-316
-273
1062
173
-815
420
-72
-945
-56
397
307
279
-69
-175
-256
-336
380
698
96
-136
3
-336
-719
-510
-213
-70
-372
-650
-163
418
899
1150
1256
1230
656
-38
-514
-611
-762
-699
-353
-513
-314
-124
-273
-255
-12
675
-342
-1595
-188
452
-153
593
1314
916
510
793
989
477
72
123
-3
-515
-1077
-1203
-1075
-1015
-618
-232
-26
213
-131
-494
278
1181
889
601
710
450
92
-290
9
-9
-486
142
132
-496
-483
-389
-320
441
1455
313
-680
126
-508
-1058
66
767
547
58
243
613
-12
-373
-130
-312
-266
-198
-352
-133
-322
-591
-256
-368
-263
306
-193
416
1762
544
-186
344
-403
-1122
-1093
-521
59
311
616
751
837
622
298
-177
-449
613
361
-928
-74
-332
-1582
-519
124
-202
-164
-3
699
1153
1543
1802
1002
222
-322
-1130
-1509
-1098
-538
-373
-213
498
977
215
-222
220
-403
-887
-271
-554
-1463
-1152
-45
-267
-416
638
687
623
1246
1720
1456
1443
2471
1097
-896
-856
-1777
-2431
-1560
-791
-119
283
219
90
-259
-294
119
39
315
657
327
144
-7
-144
-538
-647
-319
-34
478
594
854
445
-329
313
-103
-825
463
1253
804
1232
1690
630
-300
-418
-425
-1178
-1747
-1198
-2505
-3706
-2819
-2680
-1421
926
2390
3377
2799
1996
2053
2023
2290
1901
1351
1358
-1034
-3312
-1715
-944
-2270
-2239
-1324
-1154
-1899
-1335
486
857
1530
3028
2513
1436
1113
330
-241
-606
-667
-239
-389
-518
-440
-649
-936
-397
1014
1082
252
-532
-1151
-261
775
1672
1969
511
-198
-567
-1588
-2741
-3505
-2769
-1909
-331
1052
839
1528
1939
2058
2668
2294
2240
2111
1028
122
-991
-1683
-1599
-2514
-3002
-1619
-771
-684
-384
-336
572
1711
1710
1830
1116
466
1197
-445
-3485
-3960
-2037
380
1964
3099
3376
2369
1191
-241
-1812
-1469
-133
-231
-836
-618
489
1254
1132
181
-468
-312
-1602
-2735
-3907
-4556
-1801
567
2109
2687
2395
2964
1462
780
1578
1561
3004
3025
89
-2133
-2916
-3931
-3986
-2049
-198
455
-485
-934
141
648
1989
3808
3490
2131
-18
-2576
-3291
-3018
-2471
-820
1186
2332
2351
2663
2263
557
-163
-1081
-2180
-2240
-2180
-946
744
1049
1482
1904
1466
1152
406
-717
-1782
-2056
-2443
-3853
-3210
-1808
360
2220
1279
2750
3410
1411
1432
1700
2121
1908
261
-1606
-2967
-3288
-2886
-1775
-953
753
2406
1882
1180
754
1497
1627
-751
-1043
-1542
-4496
-3379
-996
-335
3148
5879
4729
2549
450
-1610
-3032
-2793
-2288
-2481
-1431
157
541
1260
1886
1737
2100
2214
1952
900
-1445
-3873
-4121
-3741
-4034
-1289
-17
1351
4836
2297
1295
2426
1055
2949
2685
360
159
-1996
-5039
-5988
-5360
-2879
1353
3723
4789
5147
3212
1758
-117
-2169
-2199
-2946
-3487
-2789
-2502
-243
2954
4117
4834
3938
1092
-953
-1968
-1686
-821
-1988
-3740
-2767
-801
1422
3490
3318
3374
3229
595
-1831
-2137
-1798
-823
-1077
-3244
-3441
-5062
-4136
316
881
4720
6315
3543
4286
2472
2422
3626
370
-2918
-6786
-9572
-7715
-3017
1843
7016
9506
6762
3057
-1453
-4566
-4097
-4021
-2427
-1191
-2963
-2887
-1243
1521
5776
8029
6516
3526
370
-3672
-5148
-4000
-2554
-595
-347
-936
-265
997
2486
2834
1623
358
-489
-104
868
1162
501
-1169
-3361
-5508
-5439
-6077
-3364
3435
5597
9655
8475
1840
1556
-1661
-2703
-686
-3211
-4063
-3094
-3608
-3795
165
4127
6463
7189
3071
-374
-1998
-3259
-3130
-4007
-4057
-2064
-739
917
2943
4846
5801
3418
194
-2166
-3177
-2716
-1438
-422
-716
80
356
75
818
580
184
528
1480
2090
1886
1833
1243
-1242
-3537
-3978
-2991
-1798
-835
-781
-3944
-2425
2054
4256
8168
4816
73
-159
-1733
-68
151
-2096
-2675
-2971
-2889
-886
2898
4559
4136
758
-3056
-3553
-2974
-512
1336
797
836
-272
-1262
569
1083
1114
1440
264
417
428
789
1641
309
-1607
-2798
-2884
-2627
-605
2320
2481
355
-965
339
2263
3268
2451
615
-1009
-1626
-2198
-3212
-2241
-1510
-1261
-3255
-2886
3146
4306
4590
2794
-2349
-1513
160
2913
5211
2474
-1703
-5331
-5621
-4003
-927
2009
1837
1384
770
1353
3610
3852
1146
-3040
-5764
-6246
-3478
1954
3608
1558
209
-110
1204
3950
4864
2292
-936
-3547
-4902
-3823
-1466
1129
1792
175
-626
660
2303
2889
1989
-118
-1697
-1718
-351
1025
1256
209
-1922
-4229
-4334
-4509
-4173
2204
5313
5489
6524
1537
534
2279
848
243
-2568
-5474
-5860
-2503
110
336
2103
1608
1195
2166
2262
2480
1928
-729
-5300
-6350
-3241
-132
3144
3728
1601
1610
1849
1146
1317
285
-2383
-3676
-2954
-2059
218
2219
899
-533
-927
-614
933
2166
2186
1911
2317
2212
812
-664
-2533
-4140
-4301
-3189
106
1131
-1210
-3340
-2783
3120
5728
5382
3852
-2638
-2698
746
1669
2441
336
-2951
-5427
-3150
756
2557
2785
-493
-1909
-606
1023
2462
2316
545
-2525
-2503
-404
117
262
-1161
-2612
-773
2265
4191
4428
2564
-685
-2861
-2451
-2251
-2428
-1451
-859
-465
348
2243
3649
2765
1890
929
-98
447
-299
-2590
-3008
-2624
-808
1570
1470
564
-737
-2399
-4974
-2626
3163
1667
945
432
-1622
3932
7806
5905
1002
-4846
-7235
-6322
-1307
1436
894
884
-13
1450
3346
2894
566
-2303
-3383
-2643
547
717
-1264
-369
-926
233
3395
3390
2233
460
-1074
-1306
-130
856
-736
-2324
-2657
-1739
302
1347
895
172
206
754
1919
2262
1218
497
-179
-816
-1231
-1356
-1907
-2240
-1876
-1368
-380
-1278
981
3861
685
384
-954
-2386
3031
5558
3549
-1137
-3280
-2860
-3089
964
317
-2363
-306
-353
1352
3362
2369
510
-823
-497
-663
767
240
-2841
-1912
-615
282
1715
1553
202
-207
2287
2428
77
-951
-3119
-4134
-2437
-687
630
1723
2097
1561
2126
2684
1423
-184
-1629
-1361
-3
-553
-1628
-1300
-1035
-595
185
-755
-1671
-3304
-3119
2712
3991
1512
1112
-632
1925
6081
5098
919
-3811
-3919
-2973
-2030
-167
-3063
-3361
1033
2930
3313
2235
669
-601
-826
751
710
-105
-1592
-3192
-1916
-106
934
266
-873
775
3184
3419
944
-652
-1363
-2530
-908
-5
-622
-208
-734
30
1791
2381
2227
1191
796
701
67
-968
-2129
-2538
-2135
-1035
-404
-796
-1799
-1604
-1379
-1626
2531
3923
-94
-683
-248
2335
6199
4995
1487
-2229
-2415
-517
-1744
-2777
-3903
-4107
-1012
1420
3069
3297
700
288
1922
1526
572
-1373
-3584
-2472
-891
-386
175
-333
58
1959
2883
2507
1298
-369
-1308
-807
-494
-1181
-1524
-1693
-1260
704
1581
949
1406
1710
1535
1463
529
-48
-619
-1406
-1319
-1384
-2243
-2411
-1216
-1251
-2612
-2921
11
4525
4255
1581
857
1154
3175
3886
1526
-1454
-3393
-1786
58
-1428
-1788
-1644
-1970
1055
2327
-207
-929
-566
536
2107
1379
288
-405
-1200
-470
-154
-1305
-1561
-892
8
1438
2622
1983
690
715
304
-459
-434
-2277
-4040
-2176
150
1383
2045
2381
3318
2378
75
-683
-1113
-1458
-1330
-784
347
237
-773
-391
-564
-1992
-3216
-4880
-2639
2828
3188
910
632
2062
4940
5607
3128
248
-1892
-1627
85
-800
-3087
-3641
-3086
-1019
922
-13
-1007
-497
496
1862
1685
529
1142
1847
1810
1868
25
-2650
-3080
-2071
-1228
-619
-22
751
1777
2545
2475
1319
-408
-1516
-1575
-1330
-1906
-2471
-1058
1175
1576
1057
1507
1832
1366
686
156
20
-540
-1060
-435
-655
-2413
-3364
-3429
-2438
-91
834
177
-213
661
4006
7119
6704
4044
1038
-652
-817
-2009
-4544
-6219
-5204
-1967
103
-309
-793
86
1133
1656
1887
1385
503
619
1995
2802
1758
82
-562
-194
-296
-1320
-2032
-1702
-928
77
1057
857
-375
-864
56
-187
-1938
-2150
-1176
234
1768
2355
3112
3490
2159
618
-451
-1577
-2062
-2279
-2339
-762
137
-809
-692
-135
-607
-954
-479
-148
-614
-821
178
2167
3379
2772
1809
1752
1901
758
-792
-1626
-2407
-1847
-203
-39
-1012
-2179
-1947
-174
-278
-1080
-294
204
812
2070
2669
3063
2923
1566
395
-490
-1762
-2756
-2913
-1972
-793
-509
-615
296
1954
2014
779
-24
-613
-602
-226
-404
-430
166
1099
1439
858
358
48
42
81
-397
-633
-584
-621
-866
-868
-785
-2127
-2499
-583
-256
-757
527
2295
4256
4845
2618
1000
1055
736
-444
-2634
-4120
-3087
-1137
-130
-125
-414
-238
662
1322
499
-968
-1162
-83
378
-142
15
1062
1978
1752
762
572
45
-1140
-1020
-327
-185
-381
-382
192
143
-778
-1332
-1193
-380
440
431
565
1552
1909
1519
1552
796
-771
-1436
-1494
-1466
-1632
-1369
-141
309
145
908
1434
564
-601
-1250
-1172
-422
-694
-1622
-550
1794
2976
2387
918
826
1493
89
-1190
-856
-1037
-680
433
500
-198
-1305
-1819
-768
-67
-261
302
881
903
1118
984
407
-242
-767
-635
-602
-1201
-1270
-420
335
323
486
1170
1209
823
495
-109
-355
-191
-321
-183
-207
-86
799
130
-25
871
-531
-1072
-825
-1287
-425
24
169
166
-328
187
299
312
1125
1138
496
135
-99
-564
-591
-267
-782
-1315
-881
-261
57
365
592
646
873
1180
1399
1315
1010
704
-192
-1098
-1282
-1465
-1528
-966
-420
-398
-260
333
785
745
340
-225
-496
-59
524
557
359
485
503
-29
-457
-448
-384
-259
209
407
75
-174
-460
-306
162
151
268
-10
-317
161
-62
-297
-147
-415
-34
655
1141
904
159
209
-284
-1080
-1340
-1292
-154
535
185
218
497
272
-178
-154
-240
-250
-66
-265
71
696
918
899
408
77
-89
-491
-576
-543
-228
197
270
654
743
492
340
-395
-1001
-1048
-1032
-680
-142
-29
126
593
770
927
730
196
-173
-798
-736
-323
59
776
486
310
297
-131
-24
-422
-65
296
-528
-250
-27
-3
-21
-562
-315
-9
-184
-333
489
826
-7
321
396
104
258
-301
-799
-647
26
45
-492
-117
583
905
622
283
134
-171
-235
-561
-959
-705
-77
319
-3
223
646
72
-411
-486
20
-106
-715
424
1435
1152
627
300
-39
-603
-275
189
146
139
-14
-110
-490
-635
-459
-510
-231
-248
-410
-322
-290
91
323
608
499
-31
580
387
-111
794
358
-483
-265
-254
2
210
158
213
4
-250
-190
31
-40
-309
-472
-414
-239
-191
-71
-102
92
498
44
-25
673
420
-217
-192
-219
-493
-20
666
379
-35
105
254
-115
-629
-496
9
307
242
500
808
129
-293
-285
-686
-808
-608
-530
-316
601
1207
1022
912
411
-238
-971
-1416
-906
-510
55
581
992
1250
195
86
811
274
-207
-712
-1330
-813
141
290
575
551
-540
-191
180
-741
-492
-92
-240
133
466
331
517
618
31
-460
-965
-583
267
238
322
431
884
747
-455
-656
-598
-361
-71
-313
82
24
83
921
352
-220
412
359
-220
-351
-238
-185
-45
254
110
-23
32
-334
-199
40
-331
-436
-303
-108
162
194
-74
189
818
547
-295
-782
-325
17
-371
-77
555
690
615
521
210
68
86
-206
-241
-490
-645
-442
-418
100
77
10
665
467
278
405
68
-57
-67
-529
-627
-67
-380
-684
-99
-221
-319
-115
-68
588
700
314
832
1236
764
28
-642
-711
-477
-833
-778
-160
16
431
749
462
388
227
-31
-328
-762
-669
-291
406
306
-786
-366
161
-75
347
672
870
567
-287
-543
14
326
-232
-63
267
-315
-416
-316
-401
-157
158
302
332
886
1247
219
-438
-362
-913
-937
-511
-360
147
336
344
544
327
309
349
-37
-540
-1020
-839
-521
-396
210
603
889
1119
531
198
442
154
-615
-900
-175
413
336
535
879
502
-641
-1154
-1090
-1300
-1053
-354
647
975
360
581
670
-229
-484
-343
-787
-886
94
1085
1250
1130
928
554
46
-379
-849
-1437
-782
22
-108
-245
-157
712
287
-555
106
45
8
-369
-653
411
907
1134
946
692
555
-365
-958
-1270
-1088
-731
-611
120
668
1133
1147
512
203
-713
-1441
-1316
-1057
-346
371
1051
1324
1035
540
218
577
76
-621
-508
-526
-100
1
-194
105
333
201
-596
-893
-614
-644
-234
401
745
895
673
236
137
309
-168
-1052
-775
60
284
447
623
1031
649
-717
-1166
-1222
-854
-58
145
260
531
599
131
170
121
-584
-171
-134
-93
872
532
259
302
-139
15
-52
-385
-648
-467
-28
-564
-658
-118
-173
-67
220
303
591
787
326
48
398
560
279
-263
-492
57
431
70
-96
-129
-317
-387
-348
-86
-127
-315
-332
-241
162
330
577
741
325
51
-168
-339
-237
-32
-128
-601
-695
-231
166
93
395
984
759
251
-254
-415
-204
-535
-578
-258
-309
-100
191
457
890
920
779
420
-237
-269
-418
-887
-491
-281
-647
-540
-126
260
395
167
-98
49
134
-424
-549
97
531
581
449
169
219
672
650
226
-30
-116
-149
-503
-886
-761
-490
-458
-310
182
472
326
79
67
534
957
559
-9
-192
-404
-455
-387
-404
-256
-22
8
-132
-164
16
226
285
381
319
168
251
204
250
268
36
-99
-231
-258
-331
-339
19
341
379
39
-376
-385
-232
-552
-986
-616
-14
-86
-418
119
1162
1007
-42
-851
-594
763
1388
999
452
559
1303
786
-462
-896
-830
-636
-534
-566
-892
-1278
-1036
-289
333
570
511
573
775
512
44
-327
-436
-135
197
539
431
22
-101
-303
-342
-254
-420
-197
458
798
801
477
80
69
-56
-481
-976
-718
280
601
731
614
-101
-175
-124
-362
-493
-433
110
256
114
363
72
-602
-809
-649
-855
-1353
-676
563
561
-424
-871
707
2743
2514
961
14
624
1722
779
-1063
-1571
-925
-165
-163
-404
-711
-1212
-1407
-1045
-471
-449
-182
666
1369
1303
143
-287
124
256
476
310
-25
-79
20
475
605
-37
-412
22
560
616
-26
-751
-823
-455
-119
-14
89
194
81
-453
-986
-882
-307
379
703
1028
1146
485
161
70
-11
81
-312
-502
-342
-258
-487
-1190
-886
131
337
-376
-1313
-631
1237
2397
938
-2058
-348
3318
2019
-302
-454
-494
-1
627
-533
-1231
-690
-903
-424
351
452
208
-250
629
978
-191
-695
-530
-175
-184
-290
136
168
-370
-286
295
372
427
468
235
315
333
-283
-997
-811
-153
-175
-394
-89
355
604
688
692
562
85
-75
433
338
-427
-581
-287
-126
56
78
-210
-547
-724
-886
-1212
-1001
-5
561
46
-770
-378
1549
2861
2056
382
-229
466
749
-228
-1322
-1271
-163
474
191
-155
-385
-580
-598
-129
339
53
-233
10
326
411
-57
-457
31
478
136
-445
-771
-673
-421
-296
186
910
920
652
660
520
313
-130
-677
-586
-69
114
-194
-413
-233
185
380
7
-474
-562
-403
-374
-166
408
615
525
535
209
15
233
-137
-310
159
-39
-365
-418
-450
46
316
-61
-389
-486
-358
-130
143
382
507
601
557
585
406
-285
-672
-489
-157
117
363
411
230
294
305
-208
-902
-1097
-605
-44
207
444
723
515
230
184
-186
-274
288
656
235
-393
-500
-370
-122
-178
-450
-191
-91
-140
159
112
-215
-331
-429
-746
-973
-464
492
775
-20
-769
40
1940
2965
1919
-244
-786
641
1476
464
-1527
-2290
-1253
-551
-701
-795
-718
-319
405
771
594
401
218
186
374
299
99
12
-81
46
413
140
-515
-448
-259
-114
7
-359
-256
296
547
551
-1
-600
-240
351
93
-311
-334
-88
545
547
-12
225
566
143
-438
-473
-49
-48
-289
-243
-235
4
68
-248
-86
307
628
510
84
77
75
-237
-656
-703
-463
-288
-72
-128
-101
37
-94
-10
244
499
667
598
634
808
670
194
-191
-390
-501
-518
-540
-467
-164
-6
-156
-85
96
-46
-148
-189
-132
180
186
14
100
129
-16
-45
-42
-94
58
86
-168
-243
-141
18
445
560
-54
-165
10
-405
-641
-534
32
755
911
905
907
675
-63
-823
-759
-397
-277
-230
-113
155
243
-65
-238
-193
-227
-178
-277
-441
-85
485
680
349
16
171
260
-34
-68
257
285
-86
-545
-601
-122
152
158
151
81
10
-178
-305
-299
-94
289
225
-137
-35
314
173
-67
155
436
370
-138
-573
-544
-391
-196
196
355
-2
-140
-126
-224
21
206
171
-62
-450
-456
-92
318
378
357
505
489
138
-390
-182
223
136
164
-128
-332
-69
-85
-145
-56
7
35
13
-63
140
401
35
-176
-21
-339
-545
-332
-108
435
768
680
908
625
-164
-408
-548
-655
-467
-490
-748
-618
-344
-152
133
-48
-125
270
522
815
745
656
938
592
-64
-564
-725
-312
-125
-230
-194
-4
40
-354
-557
-410
-81
316
285
184
174
234
392
84
14
388
321
146
-194
-542
-431
-547
-522
-28
105
180
517
436
143
225
138
-316
-522
-371
-215
-325
-306
203
541
460
448
441
372
40
-607
-742
-545
-364
-5
103
180
351
341
153
-233
-253
45
106
106
313
663
504
-43
-128
-106
-309
-444
-531
-463
-7
517
451
89
61
169
78
-438
-799
-501
-358
-342
68
687
1168
928
459
301
-18
-382
-707
-1048
-996
-350
302
761
1278
1259
786
200
-534
-1240
-1723
-1475
-950
-497
224
817
998
991
909
515
103
-78
-209
-52
284
445
478
378
-103
-506
-571
-788
-897
-707
-365
77
525
637
92
-354
-244
-21
-88
-270
-292
-617
-533
386
824
920
1020
684
234
-162
-271
-83
-102
-295
-344
121
620
267
-159
31
267
311
-102
-648
-699
-662
-503
-165
165
306
143
307
380
94
108
170
105
38
43
52
87
136
42
-25
-252
-386
-373
-536
-184
295
325
268
-5
-265
-430
-534
-234
61
102
310
529
436
212
-183
-387
-202
-381
-486
-153
195
786
975
571
583
413
-351
-615
-594
-576
-238
32
209
81
-80
361
612
233
-89
-170
-423
-523
-167
103
-2
-110
-34
-171
-225
-84
-263
-269
185
460
473
610
610
327
22
-281
-349
-89
6
-165
-157
-82
-31
195
400
201
-326
-565
-408
-154
-277
-482
-8
320
253
438
229
-153
192
345
122
-20
-393
-335
-123
-204
127
679
696
194
10
-374
-844
-483
-387
-437
-78
154
428
591
389
58
-36
135
-42
-556
-725
-284
390
534
415
532
380
195
134
-176
-341
-130
78
-164
-480
-230
26
-145
-141
74
105
212
469
434
235
137
-156
-384
-520
-596
-142
-13
-159
149
315
320
146
-176
-33
531
519
-53
-73
-88
-271
-303
-680
-615
11
347
462
449
109
-277
-203
-114
-201
-166
-316
-537
-367
166
763
1179
866
233
122
-259
-725
-645
-475
-207
25
143
157
428
792
332
-196
-386
-539
-235
122
211
281
-100
-419
186
693
702
297
-472
-568
-174
134
225
33
-357
-659
-323
60
71
-38
-194
-183
-128
-144
133
597
499
357
453
115
-444
-958
-755
51
404
401
384
449
525
261
-388
-735
-771
-856
-520
43
760
1193
781
470
104
-296
-314
-573
-386
126
269
576
461
-117
-243
-301
-562
-700
-785
-707
-336
1
188
573
936
628
350
199
-327
-206
44
-21
252
247
254
376
200
137
26
-317
-618
-603
-396
-348
-211
364
724
505
274
10
-286
-447
-576
-680
-255
570
574
354
366
275
388
-63
-493
-345
-224
179
149
-232
-71
92
90
99
-45
-279
-291
-40
27
-113
31
382
342
1
60
195
-137
-282
-29
-243
-839
-530
284
459
478
590
496
99
-372
-698
-525
85
196
375
474
32
-19
-265
-435
-188
-308
-326
-22
285
300
282
367
419
830
786
-33
-495
-704
-1022
-908
-305
238
537
725
749
560
58
-678
-953
-676
-668
-590
246
851
921
770
396
326
-357
-1415
-1313
-609
74
553
924
781
401
599
171
-394
-340
-468
-469
-27
672
837
306
-5
217
36
-726
-716
-446
-568
-544
-186
638
1001
482
142
318
-373
-1629
-1361
-396
122
569
869
814
869
1049
429
-98
-216
-455
-305
-324
-158
191
84
164
-225
-705
-433
-567
-721
-412
-197
155
623
1014
836
371
174
-384
-832
-686
-520
-404
64
599
953
1305
910
285
-39
-663
-877
-606
-204
184
338
586
730
640
247
-423
-701
-723
-842
-850
-638
-59
556
808
634
37
-492
-767
-713
-309
15
317
599
784
928
607
72
-125
-330
-578
-697
-611
-331
26
680
1043
989
810
57
-665
-761
-726
-654
-158
252
389
543
374
183
-16
-328
-603
-682
-436
-338
-111
233
523
1001
966
160
-330
-92
-216
-578
-526
-499
-512
-104
625
767
304
-41
-18
105
-8
-170
-161
293
630
266
-198
-361
-289
-279
-398
-393
-93
259
380
486
509
148
-397
-400
-104
-381
-470
-31
10
-81
103
426
628
217
-342
-432
-175
-30
-226
-261
26
374
699
986
828
312
124
-67
-393
-613
-901
-928
-479
-40
249
379
-45
-485
-373
-85
229
468
252
-65
211
716
987
625
-28
-182
-579
-883
-405
-246
-314
191
645
690
488
-118
-524
-416
-557
-690
-181
-95
-373
477
1304
765
18
-160
-223
-211
-491
-933
-546
-73
446
1113
969
382
-258
-469
-335
-223
-164
-381
-269
156
580
871
375
-429
-423
-91
-74
-144
-280
-154
92
338
673
786
556
-195
-799
-1048
-1171
-768
19
575
487
504
766
671
237
-230
-287
-400
-583
-442
-22
827
1159
555
33
-270
-499
-433
-372
-548
-745
-680
-137
512
549
289
320
230
-21
-25
243
124
-615
-683
-128
123
491
833
583
75
-431
-698
-180
279
-61
-230
69
284
280
188
-46
-94
294
316
-295
-630
-310
31
158
137
83
112
-173
-428
-296
-117
31
190
286
153
31
-106
-217
114
235
-198
-299
206
352
92
203
378
456
208
-363
-447
-479
-609
-324
-97
-174
-277
-112
301
652
768
692
494
130
-187
-440
-583
-322
17
59
-57
-31
52
-10
-111
-166
-177
-317
-347
-121
-56
112
461
667
833
635
153
-124
-219
-258
-359
-200
-7
-142
-279
-409
-321
-496
-665
348
1089
430
-146
329
639
8
-395
-286
-218
-286
-304
-149
-4
338
606
246
-85
53
49
-134
-137
-266
-472
-286
181
433
207
-48
15
217
297
-59
-364
-161
23
216
598
638
394
184
-158
-190
-100
-548
-630
-466
-645
-290
196
189
240
293
228
125
-145
-159
14
-71
162
544
408
51
-409
-629
-325
-163
-108
45
-85
-206
-231
-196
214
415
226
148
4
57
237
98
451
830
284
-293
-497
-465
-354
-491
-571
-235
172
280
535
745
387
144
190
-163
-662
-611
-355
-211
137
530
557
327
187
76
-44
-35
122
202
-60
-538
-819
-525
-77
205
417
357
316
265
-36
-427
-623
-344
-74
48
333
533
373
-145
-562
-454
-43
418
797
757
335
-257
-538
-217
-243
-579
-516
-541
-597
-306
161
634
703
428
275
188
210
232
-36
-244
-279
-404
-255
135
129
203
470
377
251
-38
-377
-492
-586
-155
375
304
257
440
347
-30
-203
-321
-511
-259
5
-36
35
-5
-123
-242
-355
-136
55
24
-71
102
680
719
164
128
663
544
-192
-258
-100
-260
-396
-472
-272
-113
-97
-127
-222
86
217
-171
-409
-345
-67
284
554
653
654
432
20
-192
-406
-583
-384
-27
99
132
243
146
112
68
-77
54
-21
-327
-382
-154
4
-56
87
200
172
42
-339
-450
-445
-411
43
371
496
682
588
516
461
-173
-595
-528
-752
-630
48
419
431
334
393
561
309
-312
-854
-931
-442
127
464
555
498
423
-1
-333
-10
75
-298
-624
-694
-307
43
126
288
552
550
158
-47
-51
-87
-134
-196
76
269
209
368
291
-86
-430
-698
-562
-171
70
267
398
298
220
128
-167
-239
-102
-153
-114
175
286
87
55
290
128
-411
-429
-84
-115
-173
184
524
426
135
-85
-279
-408
-390
-186
86
92
-197
-209
51
97
328
537
225
88
89
-329
-723
-673
-312
192
419
304
401
466
218
-109
-429
-508
-443
-247
34
59
343
649
205
-56
273
326
32
-488
-767
-103
561
393
201
306
57
-374
-196
144
84
-107
-430
-481
-174
-61
282
601
251
43
70
-248
-584
-435
-58
61
399
652
412
304
-128
-561
-485
-500
-232
132
-35
18
686
846
320
-14
-244
-222
-327
-723
-221
334
74
-174
-367
-436
-275
-30
438
705
485
60
-195
19
252
349
497
204
-234
-224
-334
-787
-777
-185
163
279
378
295
450
534
-52
-592
-614
-370
-6
25
-116
268
342
-40
156
412
495
325
-323
-326
122
20
