-73
438
790
863
496
-87
-448
-405
-243
-249
-61
184
329
535
503
239
-40
-211
-190
-245
-536
-624
-437
-148
376
702
664
377
-261
-697
-693
-545
-282
-32
150
410
627
545
47
-400
-315
-239
-153
214
454
760
756
265
-33
-588
-1095
-870
-453
7
312
399
218
-107
229
659
607
249
-326
-562
-374
11
327
355
240
83
-32
-53
-142
-315
-372
-584
-655
-226
190
591
797
397
-263
-519
-355
-77
122
-67
-153
146
461
513
306
65
-467
-731
-252
164
235
218
75
-177
-187
95
335
234
-12
-159
-226
-176
-307
-270
125
357
411
429
502
305
-92
-299
-555
-776
-519
60
431
479
229
-22
-160
-261
82
426
98
-339
-243
-6
148
359
142
-437
-447
195
425
253
221
36
-125
-131
9
150
16
-96
-107
-38
-46
-187
-107
115
246
92
-339
-698
-679
-471
-394
20
441
379
485
436
211
324
340
88
-204
-213
-222
-199
367
669
292
-53
-190
-424
-536
-447
-352
-7
303
277
119
24
14
-105
-69
141
152
160
224
45
-129
-95
-89
-98
-101
-52
-69
-254
-218
-171
-234
119
563
513
343
558
570
13
-380
-569
-648
-309
78
244
218
166
254
104
-377
-728
-673
-313
151
551
749
723
340
-343
-579
-420
-408
5
443
377
404
333
103
-19
-127
-284
-495
-650
-601
-143
164
254
576
466
83
-151
-353
-412
-398
-28
328
176
168
399
390
181
112
101
-183
-493
-479
-417
-256
289
613
560
247
-200
11
303
-141
-547
-465
-262
-33
231
232
121
66
38
180
172
-105
-409
-470
-250
75
491
604
480
274
-133
-450
-811
-649
-40
-33
17
380
646
702
422
-102
-638
-474
-35
141
492
606
135
-592
-988
-742
-234
-122
-12
623
730
496
589
443
156
-151
-441
-663
-855
-754
-337
208
641
871
909
688
266
-253
-715
-875
-821
-620
-256
-29
202
310
37
-42
113
177
140
144
394
525
354
215
77
-133
-322
-392
-214
-64
0
218
354
238
-87
-478
-770
-779
-304
275
540
550
476
439
344
230
198
-33
-266
-272
-389
-387
-339
-417
-224
30
217
298
185
73
57
47
-271
-467
-345
-198
358
906
868
433
-172
-294
41
47
-91
-127
-256
-318
-94
150
-137
-384
-95
21
72
138
-156
-293
-18
201
57
19
381
424
247
295
81
-249
-355
-370
-126
145
157
119
-204
-587
-488
-376
-154
529
970
653
-93
-525
-449
-31
339
384
386
248
149
75
-69
-52
-372
-654
-638
-501
43
299
135
-96
-150
48
120
388
490
259
254
56
-278
-384
-449
-423
-96
357
489
147
-63
114
62
145
373
204
160
6
-390
-374
-147
86
307
162
-159
-264
-265
-224
-184
-255
-243
74
423
525
374
61
-284
-650
-630
-415
-239
304
732
886
722
177
-290
-519
-400
-234
-40
307
548
578
171
-477
-773
-667
-545
-172
402
552
563
556
228
-274
-551
-515
-460
-145
419
665
456
-59
-223
133
242
-30
-357
-465
-447
-330
123
391
289
400
674
334
-297
-460
-722
-874
-470
13
466
740
696
441
256
183
-108
-456
-452
-203
-105
21
354
268
-249
-506
-503
-319
-162
-161
186
649
878
817
421
101
-65
-311
-604
-658
-615
-559
-266
-13
66
65
380
767
634
419
-31
-578
-498
-163
42
237
377
141
-142
-135
-180
-28
273
252
74
-135
-183
10
75
-48
-98
-20
-11
-41
-68
-155
-163
-41
238
258
-80
-178
-130
-71
-223
-503
-428
-292
109
637
930
1053
698
299
-213
-756
-757
-714
-458
4
176
268
276
238
274
166
-3
-42
-157
-99
192
179
3
-190
-205
19
-97
-322
-287
-192
-34
-70
-296
-101
357
687
947
738
203
-208
-739
-900
-440
34
333
319
174
147
117
-272
-964
-1138
-795
38
1016
1179
1174
873
-126
-605
-616
-470
-162
-96
335
738
278
-130
-252
-278
-109
-50
19
-131
-580
-622
-191
193
476
835
793
236
-371
-906
-1127
-597
411
886
828
868
778
318
-288
-811
-1068
-918
-633
-324
107
279
372
594
335
-11
206
384
373
352
215
111
-182
-358
-211
-330
-250
-128
-434
-346
-98
-90
-26
85
399
769
812
309
-290
-519
-759
-693
-20
391
289
364
429
168
-4
-222
-363
-363
-540
-384
71
244
466
654
147
-437
-708
-737
-228
168
271
317
230
91
-9
345
488
75
-24
37
80
41
-227
13
519
304
-231
-465
-300
-78
-199
-162
160
273
180
110
56
115
328
110
-351
-396
-299
-364
-425
-44
545
552
101
-74
-65
-289
-308
-261
-288
82
279
219
252
262
265
7
-320
-441
-430
-110
289
233
202
628
614
138
46
169
66
142
294
-373
-1032
-1089
-1004
-415
99
248
553
525
184
-71
-277
-164
167
429
495
259
51
-64
-125
-199
-102
323
250
-96
-186
-152
-36
-283
-547
-464
-243
110
486
841
1004
731
48
-459
-497
-455
-306
-28
25
-107
-28
76
-30
104
270
-195
-804
-803
-436
13
476
509
411
610
418
52
-62
-329
-129
291
-53
-272
191
560
504
272
8
-411
-849
-869
-565
-91
318
277
294
311
56
35
-95
-378
-363
-204
56
160
69
201
303
375
411
-27
-223
-35
138
367
153
59
233
-189
-630
-338
184
-73
-615
-896
-1022
-206
816
1028
838
374
-111
-439
-522
-154
225
291
370
200
-181
-17
210
124
-135
-442
-488
-387
129
654
636
311
-210
-389
-349
-317
-126
-8
79
166
242
253
140
88
282
364
-78
-441
-281
-66
-154
-254
-356
-400
62
479
468
371
77
-454
-738
-507
-34
516
872
682
169
-199
-196
-11
18
51
-7
-435
-429
-96
-144
68
282
-134
-379
-125
8
105
421
571
372
-52
-232
-263
-713
-695
107
459
452
516
453
463
389
173
24
-234
-811
-1279
-1108
-730
-115
743
980
566
181
46
-75
64
107
-291
-415
-460
-234
437
581
459
584
341
-288
-458
-227
-234
-370
-343
-217
-43
431
1077
1078
512
170
-411
-994
-589
-259
-509
-514
-252
131
538
860
801
113
-629
-741
-463
-209
237
481
144
-103
-157
-139
196
474
314
66
-169
-484
-250
231
205
65
-151
-239
-106
4
373
455
286
85
-634
-905
-461
-19
426
435
99
-176
-407
-65
661
949
620
6
-501
-852
-730
-218
259
588
505
384
335
-14
-643
-1214
-1172
-702
-163
231
505
872
1135
1121
617
-38
-539
-831
-826
-540
259
738
644
426
-68
-245
-56
26
-160
-469
-653
-694
-549
-339
344
1118
1237
1143
764
-85
-891
-1014
-571
-25
133
-107
109
168
-104
-228
-444
-220
-52
-151
-201
-97
295
248
387
322
-234
-185
-279
34
661
465
146
-90
-166
-27
237
361
119
-93
-308
-437
-353
-153
167
459
462
175
-158
-471
-573
-408
-51
325
382
197
-57
-316
-283
27
34
-97
5
143
288
321
189
105
203
56
-348
-379
-475
-668
-341
46
317
704
565
-11
-126
-87
-160
99
508
790
800
276
-186
-220
-93
-139
-589
-876
-1121
-1158
-999
-845
-146
40
-40
131
555
1294
1396
1612
1255
598
798
738
720
295
-137
-322
-756
-546
-986
-1657
-1632
-1789
-1720
-1734
-1293
-348
202
800
844
1013
1853
2143
1814
1142
1109
1232
824
523
111
182
144
-329
-465
-751
-700
-945
-1888
-2621
-3873
-4037
-1952
153
1680
2055
2093
3114
3591
2934
891
-1174
-1834
-1617
-887
-292
442
1097
1919
2420
1664
750
-42
-1000
-2114
-2635
-3132
-2912
-2653
-3225
-1580
534
2851
3851
2326
2058
1381
702
-242
-1680
-1754
-990
934
1899
2236
2378
2118
1857
657
-400
-1329
-1932
-2331
-2371
-2414
-2491
-2996
-4123
-2132
942
3686
4454
2289
1393
654
904
32
-1968
-1559
-1009
777
1982
2182
2918
2938
2469
970
-730
-2231
-2825
-2803
-2660
-2574
-2251
-1741
-2676
-1558
787
3009
4465
2378
897
334
315
335
-1266
-1953
-1272
600
2104
2517
2676
2752
2298
1037
-704
-2303
-2730
-3045
-2768
-3002
-3095
-2587
-3213
-1259
1783
4432
5141
2764
1380
570
431
-481
-2144
-2678
-1748
903
2705
3415
2963
2497
1925
722
-553
-2382
-2904
-2971
-2303
-2141
-2240
-1863
-3207
-2002
659
3196
4560
2625
1179
297
380
86
-1382
-1884
-1312
834
2529
3131
2390
1220
1056
933
256
-1452
-2563
-3163
-2710
-1809
-1669
-1650
-3277
-3105
-472
2626
4864
3719
2058
652
166
235
-930
-1680
-1413
700
2786
3399
2662
1314
984
761
197
-1278
-2732
-3632
-3369
-2194
-1806
-1294
-2353
-2806
-720
2144
4792
3762
1373
52
-132
616
-183
-1413
-1904
-734
1799
3633
3460
1730
748
643
699
18
-1571
-3328
-3785
-2755
-1660
-880
-2358
-3513
-1638
1534
4683
4471
1986
102
-337
554
201
-958
-1771
-1306
1061
3316
3662
2312
856
231
384
-62
-1509
-3034
-3263
-2216
-1425
-746
-2125
-4065
-2639
906
4380
4501
1997
126
-338
919
1369
-113
-1877
-2168
-357
2212
3695
2946
1453
756
736
574
-431
-2198
-3521
-3426
-2588
-1188
-1703
-3680
-3009
-153
3888
5617
3384
526
-1047
-236
584
76
-1117
-2021
-494
2311
4459
4214
1923
147
-126
165
-421
-2217
-4031
-3949
-2871
-1481
-1471
-3299
-2908
-330
3271
5441
4045
1225
-995
-709
885
1294
-134
-1866
-1636
709
3585
4516
2979
601
-481
-355
-317
-1407
-3044
-3762
-3701
-2116
-1563
-2699
-2640
-870
2852
5364
4800
2185
-497
-1098
-371
313
-426
-1604
-1524
228
2795
4194
3608
1885
416
-340
-497
-1566
-3008
-4076
-4196
-2796
-2661
-2644
-1756
225
3578
5261
4851
2533
-18
-942
-663
26
-164
-1079
-1261
189
2019
3094
2708
1357
414
78
-177
-1142
-2373
-3788
-4221
-4024
-4077
-2819
-849
1591
3708
4628
4008
2033
1017
725
440
56
-960
-1732
-1204
390
1884
2546
2429
1746
874
61
-1230
-2313
-3181
-3909
-3768
-3749
-3235
-1753
411
2671
3770
3684
2428
1369
1001
714
561
91
-505
-840
-545
436
1439
1841
1456
780
374
-80
-870
-1990
-2915
-3316
-4215
-4418
-3062
-1067
1298
3033
3889
3589
2623
1904
1379
1298
741
-235
-887
-972
37
1206
1355
667
43
-372
-891
-1341
-1853
-2295
-2676
-3147
-2961
-2024
-505
1146
2079
2298
1867
1617
1842
2045
2084
1269
91
-572
-539
-35
286
497
421
165
100
-201
-513
-917
-1614
-2163
-2694
-2927
-2619
-1706
-88
1274
1853
1910
1777
1814
2076
2226
1746
721
-263
-901
-937
-293
290
615
831
643
219
-347
-1032
-1764
-2349
-2709
-2739
-2084
-1107
-91
641
955
1218
1290
1413
1854
2178
2123
1628
854
318
91
26
3
-215
-319
-263
-558
-955
-1079
-1212
-1380
-1753
-2211
-2068
-1492
-597
449
1099
1212
947
852
1228
1790
1970
1661
1034
224
-81
257
434
322
340
169
-141
-429
-708
-653
-900
-1662
-2411
-2798
-2411
-1408
-251
570
863
820
687
651
974
1571
1915
1830
1356
796
382
385
702
735
504
-76
-934
-1452
-1409
-1123
-742
-795
-1699
-2195
-1870
-1209
-234
456
527
532
716
678
1061
1756
1887
2027
1604
623
437
468
169
-53
-219
-384
-628
-820
-918
-977
-566
-432
-1216
-2001
-2231
-1687
-826
-330
-41
411
957
1140
1452
2183
2428
1983
1277
699
318
-25
0
129
-227
-545
-602
-804
-998
-939
-883
-870
-921
-1277
-1311
-926
-564
-207
-60
211
437
550
1140
1673
1863
1781
1353
815
414
402
508
344
-106
-768
-1196
-966
-623
-554
-596
-1084
-1582
-1585
-1363
-794
-89
311
284
77
-176
-249
469
1372
1902
2072
1711
1283
984
711
603
453
-55
-480
-766
-1102
-776
-472
-724
-775
-988
-1427
-1635
-1465
-842
-265
-80
-2
64
203
603
1167
1744
1915
1640
1213
745
501
327
300
390
159
-267
-712
-945
-921
-698
-548
-977
-1473
-1638
-1401
-705
-286
-23
227
9
6
320
792
1500
1795
1599
1014
477
314
231
363
399
240
169
14
-186
-441
-654
-701
-883
-1132
-1119
-969
-866
-852
-682
-253
-90
-10
189
289
710
1136
1251
1209
764
546
607
432
486
468
410
628
311
-159
-438
-1087
-1238
-887
-1107
-1285
-1165
-963
-465
-140
-24
-131
-214
88
339
811
1261
1220
1116
985
824
587
348
286
168
-18
-22
182
176
-247
-664
-842
-790
-634
-658
-926
-1315
-1363
-940
-396
-13
89
273
688
1083
1064
860
851
593
481
893
1062
638
321
300
61
36
-57
-577
-834
-986
-901
-759
-1188
-1368
-1290
-1213
-566
-75
18
178
183
329
826
1316
1487
1379
1240
1204
1256
1152
676
15
-332
-433
-510
-624
-862
-996
-1194
-1311
-1171
-1150
-1018
-641
-288
-4
317
337
37
89
461
888
1256
1380
1081
725
751
733
670
389
-51
-56
-38
60
122
-199
-757
-1463
-1643
-1741
-1941
-1397
-840
-554
-10
457
554
604
834
1204
1330
1109
1018
657
477
757
750
831
483
99
218
4
-349
-847
-1096
-1252
-1310
-1050
-1283
-1336
-1222
-992
-531
-539
-355
59
508
1322
2149
2226
1527
772
287
444
840
873
501
103
231
511
571
104
-728
-1626
-2025
-1691
-2081
-2451
-2011
-1186
123
519
471
805
1048
1660
2068
1835
1340
719
331
360
553
715
197
-298
289
428
126
-261
-959
-1509
-1845
-1967
-2823
-3050
-1968
-538
431
514
1025
960
1482
2534
2441
2219
1164
431
78
57
317
97
403
401
400
287
-155
-668
-975
-1155
-1639
-2223
-3642
-3480
-2158
-464
1184
932
1257
1693
2541
2773
1501
1078
462
168
-17
28
606
895
1096
1016
816
552
-53
-1174
-2016
-2825
-2672
-3063
-4076
-2718
-1208
479
964
1189
2722
3218
3697
2524
912
259
-233
-445
-800
-361
349
945
982
1022
1047
879
192
-1039
-1909
-2629
-2952
-4611
-4352
-2008
-140
1472
1148
2411
3479
3375
2693
604
269
-280
-890
-1237
-779
972
1853
1786
1088
1163
1091
135
-1001
-1855
-2716
-3180
-4670
-5866
-2698
-34
1615
2122
2239
4581
4331
2781
822
-361
-167
-1274
-1969
-1486
119
1447
1787
1755
2115
1866
421
-979
-1854
-2298
-3202
-4025
-5897
-4644
-744
832
2278
2701
4612
5326
2930
1057
-723
-562
-1680
-2858
-1640
247
2384
2467
2455
3044
2274
360
-1549
-2293
-2271
-3532
-4047
-4797
-5913
-1910
1079
2698
3900
3556
5100
2856
559
-572
-1634
-933
-2458
-1369
1264
2451
2804
2334
3112
2475
44
-1545
-1981
-2369
-3604
-4403
-3118
-4810
-5433
-253
2001
3310
3261
3921
5719
1359
-869
-821
-681
-1110
-2720
-15
2195
2383
1766
1743
2764
1349
-219
-558
-1389
-2968
-4472
-4382
-2796
-5001
-4267
2293
3492
3213
3010
4164
4344
-1042
-1276
-77
-1139
-2073
-2107
2170
3124
1689
2807
3028
1710
-703
-898
-473
-2816
-3481
-3814
-3552
-3799
-6472
-970
3754
2033
3266
4065
4904
1182
-1933
474
-1262
-2454
-1943
284
2374
1651
3595
4210
2394
1234
233
-960
-3456
-4018
-3093
-4480
-3321
-3570
-4401
1697
2718
2267
4232
3314
2870
-1208
-1405
59
-2146
-1002
281
2310
2698
2400
3691
2313
1426
787
-854
-2067
-3395
-3192
-3724
-4207
-1968
-4669
-2845
3678
1572
2479
3884
3613
2278
-1521
787
-1085
-3335
-1360
-434
1492
1831
4300
4070
1524
2027
553
-1194
-2378
-2581
-2341
-4203
-2814
-2265
-5820
-438
3129
-395
2219
3674
3026
348
-263
1805
-1792
-1158
716
-131
1084
2581
3716
2164
1453
1700
-774
-1842
-1561
-2848
-3217
-3346
-2181
-4127
-6135
1542
1477
-471
5049
4315
2543
624
1464
761
-2682
289
-629
-1694
1129
2500
2612
1734
3415
1828
-1077
178
-2029
-3626
-3434
-3891
-2907
-6384
-2754
2577
-2094
2265
5819
3022
3464
2714
2248
-1662
-1870
-38
-3427
-506
2307
885
1891
2741
2235
443
1334
857
-2789
-2235
-3757
-4222
-5179
-5983
1469
-503
-145
6195
2274
3025
3744
1855
354
-1489
316
-2875
-2138
1579
-10
1635
2920
2499
1269
795
653
-2711
-2001
-2904
-4537
-4066
-6985
-1139
521
-1458
5834
3861
2744
4269
1661
1430
-777
631
-1266
-2587
1228
-680
809
2127
1675
2428
1125
1017
-1318
-1295
-2301
-4212
-3561
-7252
-2844
-728
-3339
3837
3461
2968
5556
2820
2388
183
612
-771
-2339
880
-1725
223
2374
312
2064
1177
446
-228
-755
-2377
-3773
-3371
-7065
-2312
-191
-3381
3608
2850
1656
5000
3099
2764
1558
1523
-522
-1773
595
-878
275
830
75
774
663
766
-97
641
-2295
-3158
-3278
-8108
-2115
-1665
-3988
3536
846
1716
6141
3634
4042
3141
1995
-1068
-1377
-92
-2959
592
547
-1068
1942
901
682
724
195
-2318
-2473
-3424
-6906
-556
-2345
-3914
3303
-290
1767
4928
2083
3402
2870
1791
-199
390
243
-1667
763
-669
-318
1467
347
1112
624
448
-1663
-1709
-3046
-6913
-1209
-3119
-4289
3080
-342
1625
4860
1534
2771
2884
1757
193
1123
-157
-2075
921
-1250
-261
2000
461
1502
594
-65
-1857
-1494
-3163
-6158
-193
-3612
-3707
3232
-1738
1695
4601
873
3536
2911
1311
903
1309
67
-474
1588
-846
564
1119
-674
559
-410
-738
-2106
-1569
-4411
-5070
426
-4483
-964
2883
-2526
3050
2553
427
3892
2266
1695
2128
1916
-287
520
273
-1896
1276
-70
52
1123
-964
-982
-2397
-1633
-4692
-3173
-372
-5674
1120
1245
-1731
5522
1305
1349
4208
822
1554
1874
802
-136
1574
234
-282
1375
-1224
259
-556
-1650
-1442
-2458
-2185
-4793
-626
-2160
-3815
3127
-1994
888
4819
-152
4150
2992
544
2310
835
-76
383
865
-819
983
1133
-562
902
-1240
-1065
-1539
-2620
-2845
-4402
-778
-3032
-2220
2048
-1866
2473
3161
601
4695
2200
1483
2484
140
38
617
22
-347
399
-231
-343
394
-575
-1557
-1229
-3609
-3875
-315
-4107
-1999
1885
-2245
2687
2745
48
4366
1838
1425
2723
406
208
700
177
64
1001
-43
13
-13
-1135
-1098
-1579
-1631
-4108
-2392
-1773
-4337
1339
-456
-670
4530
-126
2296
4006
294
3024
2065
106
1273
347
-611
485
61
-393
394
-962
-676
-1058
-1758
-2465
-3592
-1111
-3458
-2242
760
-2396
2066
2255
845
4828
2087
2068
2786
609
1011
559
-289
-535
49
222
14
677
-223
-1017
-1124
-4356
-3311
-1573
-5118
-751
6
-2171
3341
977
1263
4488
1343
2716
2831
359
837
480
-868
209
697
-75
777
47
-502
-682
-1257
-3077
-3326
-1128
-4497
-1891
564
-3018
2509
1435
-164
4454
1112
2254
3636
1056
2170
1344
-139
39
-152
-764
-222
-228
-784
-916
-1634
-3017
-3428
-1069
-3409
-2541
1338
-2212
1573
2671
-413
4260
2306
1443
3410
817
1284
1388
154
79
135
-311
-967
-417
-1443
-1609
-456
-3669
-2496
-285
-4207
-529
206
-2811
2460
868
254
3917
1373
2074
3181
1595
1569
1575
358
-331
558
-459
-825
-131
-1464
-1737
-1608
-3329
-2655
-1010
-3243
-1831
-43
-1896
1320
1973
1115
3967
2805
2236
2822
1527
1132
798
397
-362
47
34
-871
96
-1242
-1774
-2136
-4624
-1455
-1842
-3400
959
-980
-386
2161
-327
2001
2863
1611
2447
2326
2165
1916
1835
132
-486
135
-1413
-1382
-1007
-2137
-1707
-1951
-3617
-1436
-817
-2471
121
-350
-550
2154
1093
1529
2744
2271
2153
1781
1340
696
1080
711
-374
335
-295
-858
-328
-1227
-1331
-2809
-3190
-1719
-3642
-1606
-52
-1756
1269
1614
986
2520
2167
1997
2301
2545
1249
1131
1602
115
276
204
-917
-755
-916
-2048
-2264
-3273
-3433
-1564
-2733
-1589
547
-581
1200
1730
1101
2250
2341
2577
2335
2433
1818
641
1083
-98
-599
-13
-943
-1166
-1532
-1601
-2414
-3154
-1183
-2138
-2264
348
-697
-445
760
408
1378
2220
2471
2018
2209
2452
1240
1161
1112
67
-153
-293
-1107
-1133
-1141
-1688
-2154
-2748
-1955
-2261
-2545
-500
-614
-291
1140
1378
2010
2364
2897
2405
1925
2177
654
171
528
-40
57
203
-69
-938
-1540
-1492
-3215
-3654
-2113
-2920
-2052
37
-254
301
1184
1755
2052
2250
2837
2227
1992
2014
1126
791
913
468
-398
-905
-1132
-1428
-1798
-1954
-2718
-2770
-1608
-2292
-2154
-824
-465
660
1453
2017
2164
2044
2793
2548
2162
2033
1227
440
19
-191
-557
-814
-891
-1195
-1763
-1865
-2265
-2362
-1600
-2064
-1400
-125
-276
-26
400
1471
2174
2399
2355
1839
2323
1626
1100
1354
411
60
-636
-1204
-738
-883
-1373
-1946
-2425
-2205
-2165
-2550
-1452
-423
-210
619
769
1358
1534
1127
2213
2784
2991
2265
804
538
531
681
-3
-669
-831
-1504
-1719
-2133
-2038
-1607
-1608
-1289
-1675
-1899
-1057
-402
73
1323
2178
2106
2438
2539
2086
1300
1207
1527
698
313
-18
-673
-673
-1056
-1618
-1922
-1991
-2068
-1996
-1725
-1575
-980
-560
-50
628
763
1424
2146
2312
2476
2578
2214
1631
1227
321
-338
-478
-691
-672
-1212
-1776
-1676
-1608
-2047
-2479
-1754
-1292
-1137
-299
-267
-76
1027
1693
1958
2144
2410
2249
1657
1588
1237
424
256
-69
-678
-851
-1108
-1112
-1122
-1608
-1699
-1736
-1685
-1323
-1213
-770
-215
45
538
1104
1766
2139
1926
1826
1566
1070
604
180
199
3
-278
-380
-876
-842
-739
-1084
-992
-1159
-1496
-1261
-884
-568
-236
62
189
339
792
927
804
1222
1611
1649
1265
583
524
430
121
-2
-450
-816
-1026
-1156
-1215
-1272
-962
-615
-390
-372
-465
-30
416
241
32
191
496
673
631
571
558
783
787
302
296
350
90
-144
-414
-542
-555
-254
-299
-382
42
-362
-874
-668
-169
271
163
19
-55
-76
-46
-147
303
867
676
429
453
378
344
116
-104
-32
-485
-941
-502
67
183
142
28
-208
-264
-332
-387
-173
-5
267
322
85
149
22
-251
-108
95
29
191
397
75
157
351
269
563
361
-40
-95
-275
-415
-632
-764
-863
-636
6
142
317
564
467
336
48
-6
-85
-173
207
472
384
-70
-160
165
128
-31
-536
-779
-364
-206
-212
-68
328
613
466
238
122
36
-191
-227
-215
-290
48
316
119
44
297
207
-85
-59
-168
-156
15
-72
35
75
-72
90
46
-144
60
51
-240
-276
-20
169
113
182
189
172
222
-164
-393
-306
-288
-28
0
-241
37
362
142
73
351
292
126
107
-77
-115
64
-56
-184
-56
-363
-750
-454
-23
148
78
-33
151
304
118
49
132
34
159
144
-132
267
630
112
-357
-185
-149
-309
-139
99
344
312
37
-4
46
-53
-323
-353
-395
-409
-8
-28
-60
331
412
461
377
156
265
43
-212
-168
-427
-303
106
63
-58
-158
-198
-6
315
292
21
2
-104
-103
109
-19
-209
-327
-260
83
88
-33
-59
-154
110
302
91
49
95
0
-71
115
317
216
139
55
-74
-100
-153
-43
-93
-425
-363
-220
-247
66
437
343
209
425
423
-135
-474
-400
-481
-318
36
105
129
-48
-140
45
-7
134
535
363
-21
-96
-133
52
216
112
231
392
213
-62
-150
-106
-71
-102
-45
-64
-212
-126
-411
-903
-567
9
171
374
581
397
148
-14
-5
175
42
-180
-267
-310
-68
495
788
418
135
26
-437
-550
-248
-65
144
2
-27
329
57
-374
-466
-379
-195
8
152
-229
-375
-151
-230
23
454
571
494
297
303
420
234
-17
-72
-120
-325
-181
368
238
74
152
-368
-576
-468
-250
117
97
-57
-249
-206
-79
-95
67
170
224
134
45
193
78
-44
63
48
162
252
117
146
68
-153
-277
-415
-332
-93
105
55
-259
-224
-81
33
480
449
123
170
-129
-311
-109
-311
-297
73
259
446
514
392
240
165
-23
-335
-385
-530
-556
-124
239
478
366
116
86
-29
-265
-454
-220
-75
-170
8
-15
-27
-146
-334
85
276
370
675
415
-4
-66
-18
-214
-418
-419
-381
-38
335
411
404
198
21
167
242
80
-172
-401
-503
-309
125
241
337
493
314
118
-283
-466
-372
-622
-667
-400
-160
-43
196
431
399
390
199
-39
-117
-178
23
322
106
-220
28
278
327
292
145
54
-136
-196
-75
-102
-138
-127
-147
-131
-330
-521
-409
-387
-98
387
617
708
632
533
158
-69
182
159
44
-6
-70
-157
-424
-443
-361
-322
-29
24
-104
-53
-60
-142
-171
18
34
-151
4
211
429
472
41
-46
-14
-245
170
389
-34
-4
70
-27
-188
-231
-135
-288
-68
224
284
413
326
89
-174
-305
-435
-392
24
84
-261
-172
89
1
326
455
53
34
51
-31
-267
-183
83
-36
182
143
-15
-17
-286
-98
-47
-90
92
56
246
185
96
312
171
11
-127
-345
-505
-452
86
354
69
-15
-82
-10
308
57
-19
52
-263
-5
59
-36
257
175
132
70
21
65
25
335
194
-402
-682
-669
-443
-280
95
383
369
509
444
243
-52
-321
-286
-466
-680
-454
-190
-100
235
553
549
609
574
249
-157
-326
-358
-230
278
371
164
267
239
202
21
-608
-848
-617
343
1648
633
-1645
-2529
-1967
338
2542
2658
1334
-472
-1509
-1460
-860
132
1024
1159
997
640
-130
-777
-1555
-1332
47
442
193
12
-171
150
860
761
-177
-1003
-1348
-418
809
1366
1249
117
-614
-555
-349
-146
220
76
-924
-247
928
1108
1222
-560
-2301
-1763
-347
1571
2182
1328
416
-925
-1455
-1229
-1339
-452
997
1887
2134
1067
-623
-1651
-1627
-901
-26
401
74
-193
-62
429
608
107
-286
-598
-19
1386
1791
879
-408
-1093
-1375
-1431
-1154
-709
573
2443
3542
2555
-719
-3643
-4127
-2562
158
1817
1453
628
122
152
-32
-294
316
292
320
1566
2025
1963
1552
-153
-1739
-2759
-3040
-2198
-1237
46
1061
342
-139
-294
-2029
-1567
1012
1666
2530
2867
1836
2278
2460
1696
736
-1049
-2037
-2638
-3641
-2601
-1764
-2595
-2214
-2137
-1752
-229
902
2702
3704
3721
3926
3568
2921
2062
825
-63
-156
-723
-1625
-2680
-3795
-3668
-4247
-5449
-4286
-1752
-126
1026
1925
2359
4131
6097
5934
5019
2810
126
329
482
-22
-22
-1608
-2734
-4160
-4873
-4420
-5945
-4683
-2286
-1660
889
2973
3366
4019
4583
4137
3514
3291
2479
2099
2229
1172
-65
-1843
-3960
-4382
-4824
-4932
-5045
-4662
-1856
276
2016
2415
916
685
1929
3529
4322
5011
4515
3362
2330
120
-1453
-2098
-2529
-2850
-3689
-5021
-4037
-2918
-2813
-655
-891
-1155
283
889
3017
4629
5063
4337
3062
2152
1342
1407
806
-1018
-2084
-1589
-844
-76
-1952
-4010
-4526
-6202
-3834
-1798
-1174
2053
2862
3381
3949
3142
2532
2509
2388
1408
1234
1088
800
1303
688
-1673
-3134
-5663
-6822
-4093
-3873
-1209
1803
372
1076
774
647
3056
2930
1711
2584
3154
3530
4561
2825
-13
-1772
-2971
-4054
-3691
-3467
-3243
-678
-2090
-1940
-207
-2637
-1205
-562
-711
2582
4258
5276
6307
5172
2565
872
-1211
-2340
-1114
-282
-35
120
-2083
-4920
-3466
-4170
-4563
-2111
-3839
-1328
2377
2934
6242
5898
2701
2384
1701
519
1518
1873
1663
1809
639
-1129
-2607
-4595
-6985
-5468
-5007
-4066
1096
929
2075
3365
-36
870
1178
794
4031
5158
4667
4764
2095
-54
-430
-2172
-3119
-3997
-4661
-4178
-1345
-443
-1988
-765
-3179
-2871
452
-413
2792
4864
4330
6032
4461
1946
1434
-558
-1379
-862
-1396
-541
-380
-856
-2646
-3670
-3880
-6108
-3546
-2180
-650
3593
2545
3552
4190
2707
3890
2456
239
874
711
1101
2888
1676
37
-2394
-4752
-5739
-5682
-3483
-3616
-1075
280
-554
2203
711
1286
2683
706
2871
4111
3832
5139
3507
909
-113
-2528
-2994
-2460
-2676
-2636
-2807
-2049
-3655
-2043
-1121
-3300
-329
-253
1579
5443
4769
5982
4740
1225
797
-333
-921
646
-170
-219
-403
-1911
-2349
-4188
-3529
-4854
-5010
-1951
-2076
2155
3667
3249
4994
1905
1293
1883
1045
2427
2907
2094
1686
481
-117
-1543
-3979
-4616
-5702
-3355
-2267
-1987
1084
-1417
-246
973
-698
2795
2497
2556
4328
3178
3818
3559
1321
497
-927
-2255
-2188
-2882
-2546
-2950
-2141
-1783
-3933
-2455
-2826
-1176
1732
1000
3824
3699
3264
4920
2369
1348
1219
60
1175
1194
214
-37
-2660
-3309
-3963
-4579
-2431
-3878
-2146
-917
-1338
2393
1650
2444
3128
1058
2886
2573
1895
2778
1923
1798
1286
-851
-1464
-2277
-2407
-2382
-4220
-2909
-3270
-2361
149
-1977
-196
111
612
4909
3955
4131
3803
1148
2061
1649
523
649
-1188
-1634
-1478
-2418
-1916
-3028
-2799
-2578
-3383
-1254
-2002
-859
1282
1242
4052
3464
2966
3588
1718
2389
1783
-212
54
-383
-455
-6
-1410
-1820
-2879
-3714
-2238
-3105
-2103
-1605
-2342
709
1076
2416
3733
1972
2819
2142
1971
3200
1919
1107
3
-1287
-1174
-1666
-1923
-1611
-2456
-1839
-1662
-2584
-1276
-1758
-1160
119
-748
1839
3059
3477
4829
2878
2197
1346
14
263
-513
-869
-1161
-1961
-1868
-1410
-1603
-1369
-1612
-2416
-1702
-1988
-890
726
488
2152
2138
2049
2842
1995
2518
1868
1102
1025
0
-33
-588
-1297
-2004
-2908
-3124
-2778
-1342
-480
-68
-53
-583
-169
-9
527
1409
1384
1623
2010
2442
2770
2273
1177
-234
-1397
-1622
-1390
-1362
-1164
-1268
-1578
-1314
-1280
-1320
-934
-494
325
1285
1671
1781
1592
820
137
-59
-45
146
654
1122
1150
587
-279
-1005
-1633
-1613
-1476
-1624
-882
-31
482
1040
989
682
392
-46
-131
101
358
662
647
392
142
-112
-168
-296
-458
-516
-490
-158
130
2
-407
-708
-673
-405
0
635
1157
1248
1044
496
-86
-665
-1038
-976
-760
-34
661
926
862
336
-85
-501
-597
-350
-453
-247
107
172
409
344
-36
-72
-168
-287
-64
101
299
236
-213
-232
-174
-160
156
243
177
226
230
132
94
16
-342
-505
-454
-235
202
364
429
301
24
-3
-142
-303
-406
-425
-65
316
328
101
-87
-194
-68
104
-28
82
322
300
274
85
48
308
142
-245
-468
-665
-489
-1
336
496
444
139
-345
-613
-657
-660
-266
142
383
714
731
592
570
268
-165
-326
-441
-338
-234
-479
-347
-151
-203
-58
187
442
570
574
287
26
75
-86
-252
-528
-716
-282
-48
-45
280
395
200
162
-51
-407
-318
100
539
529
156
28
13
25
-40
-273
-404
-435
-254
-18
70
138
56
17
112
256
395
283
123
-23
-88
-100
-356
-516
-383
41
406
364
336
273
49
-256
-533
-446
-329
-199
260
574
551
247
-90
-8
37
-112
-61
-186
-403
-312
-218
-55
279
503
463
200
45
-62
-199
-357
-650
-571
-151
211
424
265
222
342
135
-11
-27
102
227
-190
-446
-445
-512
-160
125
324
489
204
180
396
493
551
214
-351
-720
-597
-109
167
199
68
-180
-324
-261
-148
-242
-248
-152
-215
47
468
388
137
124
165
118
106
273
393
85
-323
-541
-668
-355
150
371
370
120
19
88
41
121
58
-405
-743
-434
158
442
405
220
11
-316
-399
-90
98
223
434
673
731
583
292
-185
-516
-718
-632
-298
-14
235
-102
-505
-530
-600
-288
158
288
245
281
471
380
104
-24
-72
-156
-171
-135
-3
376
507
285
-17
-298
-318
-115
41
-52
-178
-196
-95
153
229
162
161
96
-111
-180
7
17
-153
-283
-376
-175
221
652
935
587
30
-208
-145
-64
-189
-244
-277
-141
-19
-70
123
-68
-490
-474
-409
-320
-25
294
356
185
225
481
427
317
291
64
-121
-291
-352
-340
-349
-150
88
40
-221
-43
243
209
175
9
78
286
78
-40
34
-222
-409
-202
-47
48
185
269
65
-106
-29
-142
-71
31
8
223
281
103
-199
-410
-365
-135
92
23
-26
40
117
383
653
504
51
-56
-87
-272
-150
-78
-131
-131
-246
-235
-154
-43
169
350
309
77
-104
-310
-234
-136
-193
-174
-344
-47
150
44
284
168
315
427
136
111
-141
-16
297
257
196
-144
-354
-578
-777
-507
-230
143
405
376
360
42
-198
105
308
157
-22
-45
-109
-138
73
8
-71
52
-53
-22
213
353
345
253
-10
-271
-313
-275
-9
172
158
-66
-571
-616
-368
-314
-93
158
290
678
898
739
484
81
-336
-541
-460
-264
-87
-105
-93
-243
-132
69
-352
-245
-621
32
1036
232
668
175
-327
-139
-901
-361
-290
365
1063
697
629
46
-22
-314
-581
-774
-754
60
202
456
639
489
521
85
-668
-955
-1127
-588
-85
-90
486
-520
624
2119
357
1125
594
-436
498
-837
-958
-543
-1059
-522
-345
3
629
616
724
321
-216
-116
-329
-154
-37
-355
-44
139
115
464
343
-270
135
112
-755
-224
-100
-17
871
367
233
226
-236
68
-211
-216
-358
-1099
-980
111
851
305
486
271
-54
457
100
78
-254
-581
-501
-100
325
-417
-355
-29
210
437
431
886
497
126
-32
-524
-510
-115
171
317
488
218
-241
-463
-492
-607
-793
-715
-529
-167
532
1152
994
744
559
78
-28
-143
-270
-160
-224
-183
-72
-186
-158
-105
-256
-362
-407
-262
-60
189
513
309
-177
-47
109
146
508
510
528
135
-433
-318
-187
55
-114
40
112
-23
606
219
-89
-229
-726
-645
-667
-483
-288
-2
318
676
820
540
314
-316
-410
-566
-361
484
225
478
475
-237
-246
-424
-46
406
248
350
108
-64
-353
-470
-72
-317
71
-75
-205
648
177
132
-126
-462
-150
-288
51
-25
309
243
-201
281
81
-108
-348
-407
-348
-369
231
486
482
547
382
-70
-3
26
227
629
59
245
-131
-820
-314
-553
-653
-780
-701
-27
-42
528
1074
532
418
468
-61
-18
138
-327
-196
45
132
527
46
-350
-439
-944
-412
-198
38
818
477
598
225
-349
-90
-389
-242
-277
-122
233
-49
307
160
-468
-255
-191
-323
324
613
449
527
152
-131
-93
40
-364
-477
-52
-388
21
188
112
673
303
-44
-400
-234
87
-117
291
122
17
-333
-502
21
-317
409
195
-118
920
-262
-204
377
-442
-117
-264
-260
-106
-132
372
-61
-223
-92
-556
211
675
-76
537
573
-539
87
367
-493
5
205
-426
177
108
-315
-25
-77
396
206
170
35
-579
34
-549
-216
597
-16
178
-71
203
220
54
466
-162
-81
-386
-867
-306
6
286
441
472
435
300
202
287
-235
-768
-576
-944
-745
-112
-5
724
1023
318
172
-95
-355
-58
-222
147
274
99
333
10
173
-75
-922
-556
-54
-165
205
240
120
534
229
84
-89
93
532
272
137
-711
-711
-97
51
55
-193
102
-135
339
237
-437
415
196
300
354
-475
-317
-243
-347
-79
297
-86
-161
-126
-395
515
474
6
-34
-417
-270
-25
656
410
-54
451
-59
-376
-168
183
217
41
214
-681
-659
-73
-321
306
258
-61
502
319
84
-32
-442
-490
-556
-47
358
295
576
271
166
-240
-178
770
-175
-379
-112
-1013
-190
293
-58
524
171
229
335
-703
-4
52
-123
644
-475
-154
-38
-810
553
425
207
895
221
-144
-96
-681
-881
9
124
-375
-403
-343
86
-46
-61
635
721
503
277
-58
-270
135
234
-20
241
-173
-226
-9
-163
329
286
-102
-688
-838
-443
-641
-243
-4
-96
266
917
1543
1223
542
70
102
-443
-908
-128
-425
-548
-96
-617
-443
235
297
102
148
-306
-1288
-455
389
-91
898
1044
28
-6
-67
375
461
847
1084
95
19
-387
-572
-529
-749
-458
-918
-277
94
-512
191
365
-226
-1076
-846
340
398
1025
1291
444
755
1044
843
664
145
-259
-416
-209
-324
-650
-971
-1359
-958
-993
-645
259
-428
-159
632
-300
-367
129
132
738
1128
1356
1354
1063
1189
515
167
-26
-1182
-577
249
-481
-812
-1016
-1403
-1324
-960
-757
-435
425
774
-97
-446
477
1398
1245
723
1303
927
72
744
703
270
116
-157
-406
-706
-791
-1485
-1579
-1029
-1337
-1436
-1459
-1119
875
2185
1540
1549
1173
-206
15
775
932
988
975
631
32
-113
-273
-690
-661
-479
-779
-1086
-1155
-1023
-1113
-1144
-25
1012
1213
109
-1478
-1392
-435
1088
2573
3178
2816
1440
216
-643
-598
-699
-1320
-808
-752
-733
-435
-624
-383
-1165
-1345
-885
-953
1395
2308
497
-419
-1400
-1458
-2
2125
3783
3398
1861
-123
-1980
-2667
-1825
96
1608
1523
448
-711
-1154
-1495
-2319
-2158
-2052
-325
1869
96
10
1228
-72
325
1529
2008
2181
1100
206
120
6
-153
-64
-179
-636
-527
-636
-751
-697
-2126
-3668
-3341
205
2230
-482
-61
2372
2030
2090
2898
2311
-1
-1238
-1055
-981
-555
391
1124
413
310
1350
593
-1099
-1589
-2035
-3040
-3505
-1761
1855
1481
-1131
-440
252
794
2497
3497
2902
807
-1048
-1543
-1154
-389
1249
2277
1306
646
893
-366
-2088
-2668
-3966
-4252
-3971
-2302
3557
4508
1112
1426
788
-716
-112
335
918
803
-559
34
1283
1418
2595
2704
839
-470
-720
-540
-1464
-2676
-4000
-5011
-3756
-2175
1791
6159
4027
1377
548
-1699
-2175
-1699
-541
1407
1053
592
2335
3246
2699
2681
1128
-1599
-3098
-3147
-1679
-1242
-1247
-964
-1661
-2070
-1725
1512
4185
1936
186
-241
-1757
-2674
-1861
1261
3680
2769
2056
2419
1566
894
525
-1121
-2801
-3715
-2817
-209
1036
1013
219
-893
-1861
-2800
150
2677
-73
-1223
-578
-554
369
733
1799
3002
1425
372
1512
1746
1274
743
-1486
-3703
-3656
-1916
739
2532
2474
514
-1819
-3225
-4370
-1598
1979
470
-657
-34
631
1623
1597
2274
2624
512
-1325
-1243
-2
1624
2135
1459
184
-1914
-2432
-559
1027
1374
442
-1519
-3219
-4683
-4103
-18
1609
67
1137
3073
2777
1597
1296
1182
-153
-2064
-2681
-541
1634
2298
3318
2679
56
-2029
-2780
-1624
-714
-1161
-1310
-1540
-2555
-2674
259
2802
1709
400
634
1070
1360
1556
1374
659
-1436
-3684
-2290
1316
3651
4821
4144
1174
-1863
-3650
-3403
-1641
-1086
-1537
-1954
-1557
-767
-303
2446
3391
-267
-2194
-2244
-1669
642
2182
3132
3242
961
-657
-560
979
3439
3216
866
-1446
-3409
-4181
-3844
-2130
246
886
715
1393
-192
-1584
1300
1707
-1391
-2562
-2150
-637
1805
3749
4468
3606
248
-3050
-2569
-767
406
1560
1388
-31
-749
-924
-1002
-154
285
-149
-671
-1766
-3343
-3150
664
2103
-1064
-1813
-334
1657
4705
5470
4140
1530
-2580
-4142
-2974
-1374
1573
3154
2284
1597
383
-666
-1027
-2143
-2446
-1955
-2344
-2105
-2201
-2462
1678
4653
1683
-494
-683
68
1813
1949
1617
1342
-1018
-3754
-2842
676
3278
5022
5262
2344
-1566
-3826
-4380
-3067
-1785
-1553
-691
-347
-271
-424
501
3792
2692
-1855
-3464
-2721
143
2622
2542
2375
1495
-955
-1318
417
2170
3980
2671
-910
-2843
-3647
-3422
-2353
-796
1086
2062
2155
1607
-1299
-4484
-2412
1536
1123
-1471
-2292
-642
2583
5112
4421
1767
-1044
-3725
-3490
78
2680
2550
948
-1249
-1701
-598
-124
1168
1560
106
-189
-869
-2145
-3715
-6013
-3221
3618
5448
2054
-719
341
3067
3069
705
-1307
-2115
-2652
-2546
116
3160
4345
3607
244
-2683
-3038
-2073
145
1341
-324
-1567
-1331
-1771
-2157
-3681
-2644
5422
8993
3778
-2134
-5072
-2906
561
990
-160
-673
130
748
2003
4877
5894
2288
-3501
-6983
-5578
-1936
898
3089
3107
2236
1295
-623
-2074
-3951
-5638
-5034
421
7862
7335
-565
-5941
-4487
58
3210
3465
2662
2695
576
-2082
-1343
292
471
-1612
-3330
-1150
1912
4012
5042
2639
-1607
-5024
-5588
-3538
-1922
-1745
-2629
2037
11066
9798
-1281
-9428
-9122
-2134
4213
4384
2968
3358
1051
-2503
-3078
-1180
2234
3165
644
-757
-1044
-1011
-119
118
-787
-2194
-1631
415
1635
3096
2381
-1665
-5800
-5450
1240
5039
1088
-2713
-2363
993
4922
4204
515
-675
-1637
-2651
-1114
1027
2070
1423
-874
-1888
-510
183
646
1695
2118
2072
94
-1943
-3041
-4409
-5930
-7141
-43
11906
12324
2715
-5394
-7119
-3131
568
-432
-1198
2481
4872
2098
-1215
-440
2015
1376
-2254
-4647
-2748
263
1626
2411
2203
1091
-127
-1280
-1851
-458
1204
428
-1211
-3630
-2749
3964
5831
-590
-6382
-5900
-492
5121
7441
5498
1785
-2094
-5857
-6449
-3253
1318
4322
3468
1608
1291
-63
-2153
-2072
-749
66
750
1142
1175
866
-1295
-3512
-5117
-4770
3235
10540
6676
-2288
-7432
-5087
342
2280
-295
-1889
1592
3632
2281
1630
986
510
-66
-2405
-4226
-2898
-110
2298
3589
3747
3253
850
-2486
-4187
-3214
-1594
-1478
-2451
-4058
-85
8858
9136
-638
-8660
-7923
-936
5457
5453
1334
870
1844
-502
-3863
-5122
-1878
3197
5315
3960
838
-1585
-2861
-3215
-1876
420
2397
3161
1878
383
360
-1720
-5040
-6520
-6572
671
11159
9939
-198
-7342
-6816
-67
4369
2033
-437
821
3086
2743
-1090
-3865
-2580
765
1624
-969
-1847
-124
1823
3415
2873
1289
534
-1762
-4563
-3980
-661
1724
1093
-1410
-4206
-2121
6110
8325
50
-7782
-7881
-1723
5134
5435
884
431
1927
959
-559
-2239
-1461
1744
3198
1646
-1712
-3794
-3888
-2425
910
4428
6243
4854
536
-3402
-3940
-3743
-4783
-4851
-5261
-966
10502
14779
6023
-5735
-10877
-7290
-183
3135
1126
971
3921
3380
192
-2586
-4399
-1643
2989
3474
1814
-582
-2111
-1089
-319
-19
369
591
923
1276
1835
2282
647
-2781
-6030
-9507
-5680
6403
11075
5024
-3020
-5956
-1667
3427
3099
-836
-1915
443
1756
621
-1832
-2881
178
3448
2117
-418
-1827
-1520
716
1635
2235
2560
271
-2524
-4423
-3706
146
2011
1107
-1555
-4553
663
8374
5496
-2794
-8751
-7696
625
6881
6587
2628
-131
81
-352
-2402
-4434
-3983
848
4547
3331
733
-2382
-3282
-490
1306
2921
3736
1840
507
-2061
-4589
-4003
-3384
-1731
-1301
-1262
6493
12721
7400
-3248
-12077
-11457
-2102
4726
4671
2199
2266
3717
2843
-1281
-5598
-4551
243
2838
2330
166
-1629
-1092
176
692
2132
3284
2348
91
-2369
-2453
-1855
-3063
-5144
-7274
-2322
8883
12818
7252
-1747
-7379
-4999
-366
277
-1286
-1006
1126
3430
3510
-325
-2402
-746
656
1580
52
-2563
-2118
-826
521
2024
2492
2619
1655
-371
-1548
-1691
-1837
-2255
-4337
-5734
-32
7166
6992
1304
-4799
-4922
1350
5537
3330
-424
-1824
-1242
471
-1177
-4034
-1838
1985
5163
5354
658
-2380
-2577
-2579
-1106
744
2041
2358
641
-1554
-2185
-1732
-1416
-1024
-2578
-2869
3135
6913
3678
-2484
-7931
-5909
1492
5829
5885
3160
630
957
1079
-2269
-6133
-6022
-1418
3862
5162
2822
353
-512
-362
-571
-411
392
851
440
-1049
-1951
-2394
-2241
-2041
-3122
302
6530
7519
3446
-4224
-9048
-5808
-461
3119
4467
3629
3655
4038
2249
-1747
-5985
-6341
-2922
1032
3041
1826
897
1282
1343
1971
1565
73
-352
-1014
-2314
-3588
-4281
-3256
-2406
-756
4103
7797
6881
1507
-4979
-6771
-3961
-431
1529
1733
1924
3261
4296
2174
-1743
-3485
-2730
-353
1181
-38
-1083
-1131
-426
1355
1857
1853
2170
1381
288
-1323
-3366
-4343
-4681
-4226
-676
4769
7139
5516
1267
-3418
-4116
-2009
-495
558
184
228
2488
2929
1043
-1375
-3333
-1690
1154
1987
1771
-215
-1461
-832
-643
266
876
1201
2205
1196
-841
-2397
-3626
-4434
-4080
-258
4266
6138
4338
-913
-3998
-3246
-780
1591
1220
683
1887
3399
3321
-524
-4660
-5188
-2482
1575
3222
1880
632
188
35
474
302
-356
5
-88
-138
-351
-1837
-2285
-3330
-2736
2104
5014
4844
1575
-3600
-4646
-2787
-640
1375
1314
1304
2970
3787
2882
-469
-4482
-4996
-2844
325
2448
1947
1386
1538
1986
1925
334
-971
-1232
-1187
-1458
-2678
-3273
-3409
-2981
892
5036
6646
5168
-359
-4082
-4169
-2923
-895
-41
560
1469
3871
5741
2199
-2220
-3875
-3695
-1720
-305
207
1015
1286
1258
1841
2007
1531
434
-886
-788
-1847
-3470
-3943
-5307
-2599
3483
6689
6869
2763
-1855
-3322
-3544
-1955
-754
-1366
-1035
1701
5176
5132
1633
-2294
-3582
-653
903
-40
-75
-797
-73
1937
1648
1133
290
-1100
-455
380
-1077
-3250
-4903
-5257
-2079
2871
5509
5376
2586
-1222
-2331
-1593
-1065
-747
-1118
-676
1624
3324
2615
1069
-854
-2287
-777
571
434
239
-401
466
1994
2043
1218
-50
-1342
-1571
-1484
-2409
-3842
-5046
-3337
1072
5750
7652
3906
-597
-3392
-3579
-820
-100
-572
-1058
142
4206
4512
1517
-761
-3411
-3952
-1446
552
1160
1046
964
2013
3050
1823
-254
-1723
-2490
-1000
-120
-1757
-3996
-5132
-2318
2032
5528
6632
2855
-771
-2383
-2615
-856
-1369
-2109
-555
856
3224
4125
2261
117
-1885
-1998
-1221
-572
357
297
404
1417
2498
2431
788
-1300
-2367
-2426
-2856
-3595
-4887
-4189
19
4927
8162
6052
909
-1932
-1901
-901
-1359
-1839
-2674
-2848
679
4573
6116
3352
-1706
-3066
-2086
-997
-418
-1225
-1024
997
3717
4880
3001
19
-2084
-2247
-2330
-2749
-3634
-5791
-4691
-473
4860
8172
5036
902
-1746
-2374
-480
-648
-1552
-2222
-1754
1939
4836
4617
1727
-1611
-2517
-1392
293
-70
-1571
-1534
-1057
1281
4183
3036
71
-767
-696
-1817
-2537
-4043
-6302
-4445
1231
6854
7392
4254
1482
-2059
-2536
-582
-700
-2412
-4140
-1923
2453
5145
5455
2133
-2064
-3330
-1342
-557
-1445
-737
-542
1483
4621
3606
1119
-1735
-2633
-1775
-2444
-1464
-2906
-5300
-2355
1051
4903
6171
2848
553
-1276
-225
1989
4
-2734
-4100
-3225
739
4785
5221
2416
-392
-2025
-1828
-708
-1328
-2248
-1403
163
2633
4258
2987
872
-1680
-3172
-2492
-3245
-5122
-4811
-2137
2672
7557
7485
3314
-122
-1733
-1299
-539
-1357
-2851
-3786
-1816
2149
4516
4186
1556
-709
-1205
-301
654
-770
-2119
-1903
-656
1902
2871
2006
523
-887
-1484
-1670
-1917
-3965
-5211
-3275
641
5077
6213
4250
1568
-242
-203
-145
-774
-2188
-3600
-2963
-288
2541
3764
2392
265
-390
-544
-122
172
-738
-1335
-1053
464
2245
1916
499
-229
-598
-703
-2160
-4244
-4609
-3373
678
4245
4893
4228
1804
259
68
-411
-978
-2146
-3213
-2588
-133
2083
2855
1850
-204
-1324
-563
766
486
-139
-496
-267
1337
1921
1119
-11
-690
-997
-1308
-1051
-2433
-4280
-3272
-864
1445
2888
3225
2407
1460
2204
2750
1294
-1470
-3793
-4188
-2620
255
2228
2168
1127
511
798
409
-530
-957
-1667
-1191
1060
2604
3002
1659
-684
-2080
-2427
-2087
-3050
-3673
-2120
283
3318
4215
2515
594
-568
-332
510
818
204
-555
-1369
-1398
-265
167
138
-96
-239
440
1649
2237
851
-314
-428
-855
-86
943
525
-233
-1128
-1443
-1491
-2428
-2904
-2096
-118
2085
3011
2643
2023
1216
425
316
-815
-1916
-1713
-1690
-594
1253
2144
1453
-158
-786
-214
283
100
456
394
222
807
347
733
1130
-369
-1298
-2145
-3472
-3172
-1901
-750
1316
2303
2089
2550
1819
550
493
623
-245
-1201
-1840
-2225
-918
145
774
1376
301
381
1113
707
890
373
-515
-336
-216
181
471
211
278
-17
-1040
-2710
-3648
-2873
-1597
40
1148
2132
3250
2453
1529
1481
676
-26
-601
-1629
-1728
-829
-72
-21
-172
308
858
1100
322
-241
564
28
-221
986
937
671
215
-1001
-1341
-1651
-2647
-2517
-1590
-784
369
659
760
1465
1362
1503
2092
2087
1499
529
-470
-1467
-1489
-1203
-1521
-1407
-1186
-282
1072
1700
2065
1412
478
685
578
12
101
-254
-769
-705
-1598
-2271
-2033
-1831
-912
-193
89
583
711
1040
1799
2048
1895
1403
75
-815
-645
-271
19
-204
-509
-532
-858
-707
108
344
710
1296
1212
954
524
223
-433
-1503
-1950
-2306
-2460
-1858
-460
510
768
1287
1029
519
879
1453
1736
1767
1348
268
-371
-480
-806
-1115
-1283
-1187
-598
55
494
723
447
285
385
489
544
446
417
-237
-1012
-1217
-1555
-2112
-2021
-1107
-704
-353
589
1304
1570
1857
2186
1868
1216
57
-683
-206
-130
-271
-403
-669
-774
-809
-408
108
469
714
760
625
419
194
-251
-850
-1393
-1438
-1148
-720
-137
-238
-549
-325
31
695
1506
1868
1681
1121
624
492
250
-261
-303
-326
-806
-1081
-1061
-538
183
133
-35
17
138
828
482
-606
-841
-1286
-1009
-493
-294
376
-178
-170
561
436
867
1119
1465
1602
765
458
280
10
-303
-960
-1085
-907
-921
-622
-95
278
248
-107
-179
51
153
-256
-657
-479
-552
-649
-115
65
107
652
461
304
1041
1046
862
860
239
11
439
432
-156
-626
-988
-743
-79
-272
-341
-395
-890
-547
-229
-98
204
-27
-47
248
312
74
-156
-269
-535
-711
-741
-1
998
1307
1500
1256
667
447
583
350
-61
-5
-652
-1233
-779
-485
-286
-124
-324
-445
-68
180
-159
-313
-538
-805
-469
-220
91
184
-320
110
828
1036
1416
1259
590
32
-27
424
542
308
174
-19
-382
-546
-668
-734
-521
-415
-210
-78
-279
-666
-779
-239
-268
-536
-194
57
215
-118
-362
134
447
850
1273
1130
896
783
553
509
618
-55
-764
-895
-1042
-545
-4
-115
-75
64
91
-37
-321
-384
-278
-660
-901
-562
-614
-691
-279
285
558
884
1034
583
1224
1563
397
-398
-1017
-872
265
916
1027
1107
607
-242
-218
-282
-720
-1171
-1817
-1785
-1358
-796
-311
-97
465
917
935
637
303
346
569
972
1046
284
-59
295
176
-212
-779
-1158
-264
632
905
1286
785
-22
-379
-903
-794
-501
-726
-1045
-1619
-1578
-234
905
877
675
267
-154
-11
-61
227
583
705
950
402
541
1399
792
-307
-1110
-1408
-476
617
925
676
-84
-828
-477
345
-18
-988
-1509
-1687
-1024
133
439
252
224
118
294
430
-3
214
1297
1681
1312
415
-643
114
826
-298
-1096
-1928
-1947
-156
1126
1523
1155
125
-353
-266
-488
-820
-949
-1319
-1316
-579
251
808
834
428
202
438
695
720
513
375
674
998
559
-239
-119
202
-249
-1140
-2235
-2091
-308
1209
1763
1401
371
-357
-462
-202
-578
-1316
-1209
-1041
-642
49
298
515
661
982
1016
761
748
715
1089
973
391
-184
-812
-256
186
-551
-1524
-2201
-1779
-399
913
1264
739
125
-98
-114
7
286
-314
-1299
-1509
-1171
-338
792
1605
1627
1373
1268
1095
505
-357
-377
-93
-112
-185
-372
-4
102
-652
-1345
-1850
-1649
-192
1369
1343
381
-50
19
525
564
-377
-1100
-1291
-924
-49
531
823
1139
1282
1142
933
865
511
-119
-487
-761
-648
-297
-636
-657
-195
-561
-956
-1174
-1471
-686
631
1284
1398
1220
555
-20
115
-366
-1326
-1649
-1250
178
1252
1607
2020
1897
1549
984
-76
-1245
-1621
-731
-286
-732
-803
-378
463
874
-273
-1541
-1790
-1515
-275
801
862
1008
791
359
233
235
344
107
-74
-449
-636
603
1366
787
442
394
477
634
68
-820
-1155
-1153
-1122
-1325
-906
267
570
242
-330
-1011
-855
324
1368
1122
687
194
-119
568
513
-253
-844
-788
150
568
740
1019
898
663
334
-17
-471
-1014
-1171
-960
-416
324
501
450
370
-453
-1429
-1937
-1780
-794
501
1352
1460
1076
532
286
409
811
721
-313
-808
-581
-331
132
668
887
742
602
378
-120
-883
-1246
-817
-634
-573
-40
292
-219
-755
-597
-612
-484
26
263
578
732
634
811
1213
1558
1492
718
-235
-643
-787
-505
-215
-352
-96
-187
-476
-287
-468
-579
-274
-225
-516
-381
-126
-467
-433
-374
-609
-26
645
647
295
46
484
913
812
773
736
618
452
21
-305
-65
251
297
263
-224
-438
-118
-407
-634
-629
-712
-519
-534
-645
-670
-481
-198
-542
-836
-423
169
408
315
454
1149
1908
2093
1670
906
361
-90
-564
-583
-894
-913
-133
-109
-71
297
125
57
-144
-469
-544
-467
-698
-1464
-1437
-987
-625
87
295
632
1333
1487
1168
735
720
972
1281
802
-257
-447
-677
-542
-44
-512
-589
-466
-566
-314
-435
-477
-191
-35
202
435
101
-415
-500
-823
-906
-851
-884
129
746
1092
1829
1300
1062
1447
797
182
-221
-804
-777
-561
-622
-62
379
-7
368
890
752
743
229
-541
-1332
-2023
-2429
-2968
-1883
-489
-160
797
1080
1851
2551
1400
1080
510
283
511
-459
-238
-124
-80
209
-104
688
636
-228
-672
-669
109
198
483
624
-137
-503
-997
-993
-1034
-2392
-2000
-53
429
126
182
1587
2237
1149
902
841
849
-305
-1363
54
178
-328
-146
80
688
-207
-891
-115
-10
-286
347
1129
941
304
-272
-429
-485
-1776
-3667
-2947
-441
74
96
1169
2645
2984
1109
866
1434
101
-798
-987
250
530
-1341
-852
-13
-145
-20
-3
1087
1019
151
517
448
97
-577
-689
-209
-1494
-1744
-1942
-3512
-1081
451
-392
1389
2059
2689
2539
1477
2158
510
-900
-1181
-1448
-443
-1034
-879
708
610
267
604
443
109
-308
-258
827
640
271
-7
-334
-385
-1816
-2055
-3473
-3042
939
21
301
2701
3284
3123
295
964
979
-2116
-1415
-1096
-380
20
-619
954
581
186
1052
752
-45
-1022
-398
58
-351
590
873
188
155
-317
-642
-2437
-4358
-620
482
-1412
1334
2679
2766
1428
476
1698
-1154
-1646
-66
-960
-720
-409
1141
1407
291
1418
876
-778
-1045
-860
-388
-357
178
797
-90
451
441
-701
-1327
-4278
-1730
1052
-2231
758
2898
1913
2300
1017
2421
530
-1849
-164
-1583
-1758
-916
-630
354
117
1286
1654
218
284
148
-676
-167
781
732
374
554
815
-351
-1699
-3669
-4542
-779
-208
-681
2725
3033
2530
1469
649
885
-1541
-1272
-1069
-2072
-116
403
603
1133
741
533
-563
-463
877
561
827
1489
760
333
-354
-670
-1476
-1725
-2480
-4828
-94
1547
-1344
2654
2395
986
1641
765
1332
-950
-616
-22
-2329
-1067
-316
149
765
795
1414
856
1076
1233
-80
-489
-580
-1005
-773
313
1174
-155
-693
-2428
-5050
-61
776
-2017
2326
2089
780
1780
1541
1084
-2253
-1063
-183
-2024
381
534
657
1713
1306
1030
-219
503
736
-358
129
-117
35
28
-619
-220
-1058
-942
-2650
-5355
69
1034
-1504
2841
1838
562
1766
1302
1846
-463
390
221
-2467
-75
-248
-838
571
871
1400
918
954
322
-937
-327
-497
-350
157
-271
58
-1085
-725
-1776
-4069
1030
-379
-2681
3339
1797
868
2308
1455
1197
-720
877
-641
-2759
120
-916
-583
1300
435
219
612
946
200
104
1002
132
-339
-290
-924
-875
-1253
-824
-2646
-2951
2186
-558
-952
4143
594
226
1806
666
265
-569
702
-1113
-1005
1358
-1042
-419
1288
89
-347
107
79
-371
753
1016
-369
422
364
-418
276
-483
-1272
-3951
-2522
1350
-2748
436
4118
-108
2116
2485
643
354
178
-63
-3031
-700
585
-1670
661
924
-250
861
1174
109
-88
767
-58
-234
773
-441
-638
-78
-568
-1287
-3560
-453
967
-2510
2079
1809
-1164
2331
1274
412
818
850
-36
-1367
693
-934
-1475
662
-787
-513
668
695
507
477
673
-249
258
866
-103
95
-728
-1410
-1920
-3274
-491
-472
-1399
2455
1401
918
2571
980
578
454
349
-1103
-1454
104
-1061
-366
733
-359
-16
415
369
405
625
570
14
545
313
239
1143
-150
-917
-2766
-3141
-144
-2336
-1156
2040
7
1838
2513
988
791
646
817
-949
19
-164
-2395
-627
-614
-528
1231
915
677
944
1002
340
218
535
-790
-396
-161
-1471
-972
-2392
-936
914
-2079
526
1056
-751
2175
1116
-9
663
996
833
298
1370
-436
-1260
-372
-1494
-850
-254
-588
-86
666
1262
1405
1713
1324
477
314
-1490
-1624
-1529
-4384
-1326
-409
-2031
2182
1083
1121
3217
832
467
350
546
-775
-1093
80
-1604
-479
144
-452
947
960
521
493
442
115
193
847
255
333
767
-790
-386
-1984
-3600
-640
-3333
-1922
2284
-635
1986
3159
1153
1904
1434
981
-698
-228
-585
-1571
362
-1261
-1177
1109
374
836
1366
798
994
778
148
-542
-93
-935
-2301
-1165
-3336
-1890
618
-2211
1339
1195
-609
3034
813
253
1239
637
892
90
632
-272
-224
-33
-2183
-814
-466
-871
1280
696
542
1761
1640
1118
747
474
-1947
-1499
-2312
-4039
56
-2941
-2270
2770
-700
2148
3134
324
2323
1167
239
190
96
-501
-1391
-179
-1162
-825
1050
112
1211
1708
-44
336
291
143
-62
28
-520
-1385
-394
-3299
-1334
231
-4058
884
524
-1120
3521
671
1129
2770
927
1090
921
560
-993
-522
-580
-2179
-410
-769
-971
1168
461
1064
2040
1201
945
462
119
-1729
-1908
-3094
-4440
-555
-2331
-972
2877
-624
2508
3274
552
2480
1045
666
1000
154
-538
-1205
-339
-1821
-1319
608
-822
510
715
-556
885
739
1157
1049
336
-124
-771
-757
-3503
-1559
-1455
-4038
1154
-527
-309
4256
984
2137
2777
700
1339
760
167
-585
-616
-1670
-1704
-365
-1699
-255
826
-11
1319
896
784
822
313
98
-901
-867
-3489
-2409
-23
-2673
1228
1699
-624
2801
747
585
2845
834
95
470
-62
-685
20
-1268
-1950
49
-1046
-841
693
214
999
896
799
1270
879
959
-186
-441
-2163
-3148
-567
-2919
-1868
491
-1743
1636
2349
1243
3157
2046
1602
1329
-75
-973
-538
-888
-1845
-484
-1225
-1209
381
4
843
1001
967
938
308
529
-596
-669
-1759
-2289
12
-1755
-685
702
-1811
1284
1613
-165
1926
1131
776
1695
1498
1019
501
-363
-1754
-1540
-1860
-1544
-91
-176
665
1104
662
688
785
520
70
-999
-2295
-858
-1836
-2205
435
-1191
423
2185
756
3076
2692
1008
1069
-128
-1183
-1285
-333
-699
-621
372
-751
-129
254
-950
309
168
-66
956
567
604
19
-851
-2139
-1688
-647
-2361
-357
566
-479
1955
1565
1385
2483
1307
852
375
4
51
-132
-649
-1560
-1072
-1534
-1668
-29
-194
794
1814
1682
1855
1050
367
-790
-1210
-3117
-2090
496
-2845
-345
273
-2137
2646
1500
673
3075
1396
1357
1291
60
-714
-546
-905
-1690
-439
-366
-524
14
-455
92
137
-107
329
553
832
-186
-312
-1333
-1546
484
-1934
-915
572
-1585
1376
1123
17
2302
1446
1036
1783
1257
184
399
-605
-1576
-419
-1785
-1835
-638
-740
470
1137
1174
716
640
38
-748
-1155
-2772
-620
-400
-1421
1490
-460
332
2317
-58
1716
1334
-248
159
-216
10
-19
711
36
195
561
-407
804
90
-476
-444
-1171
-932
-840
-106
-388
161
-505
-804
652
-1726
-237
359
-1199
1752
429
526
2159
828
1181
323
356
-42
-677
-136
-1276
-155
-64
-637
312
-512
238
965
626
570
505
361
-834
-1406
-2925
-2216
-450
-1483
814
893
164
2654
961
711
1084
-571
21
39
188
375
464
471
-18
470
112
152
94
-387
-282
-594
-313
-521
-326
-458
-895
-1068
-1597
61
-550
-409
1112
-958
176
534
-150
1695
1185
840
862
1090
690
152
787
-423
-340
-191
-593
372
278
244
164
338
97
-557
-732
-1233
-1858
-3143
-1678
-940
-1242
1515
757
1004
2642
1224
1668
1224
290
-440
-827
-80
-660
807
981
25
1364
169
-778
-464
-601
-325
-427
-503
-716
-122
-240
-492
-503
-1452
-609
-1095
-833
624
-354
718
857
529
1827
1269
1311
1463
1146
1441
935
-189
-1035
-1518
-1564
-1820
-1679
-142
189
382
813
-197
-358
-178
-1043
-1500
-435
-839
-609
1813
942
482
1557
1359
1464
814
-256
-904
-47
278
-1418
-996
664
1227
1327
1137
614
-91
-354
-904
-1629
-1956
-1911
-1703
-2009
-241
830
-857
739
2174
1282
1176
62
-309
97
360
700
120
653
1341
1341
1362
191
-96
-83
-1409
-1502
-762
-900
-900
295
508
-450
-1247
-1997
-584
-64
-1050
-75
528
785
672
610
1570
1587
868
248
777
1006
-117
-238
-340
-1026
-428
825
806
183
91
-786
-1135
-1021
-1504
-763
-2127
-2357
-142
-1043
967
2591
819
1848
2238
1092
-339
-157
770
-298
-669
-328
709
1003
597
1036
339
-180
-90
-1044
-1788
-1222
-1393
-1608
-483
-868
-980
605
760
246
194
122
175
147
1195
2038
750
84
-99
-253
813
960
359
544
637
-542
-1119
-434
-719
-413
39
-208
-37
-452
-896
-1798
-1959
-1152
-734
634
1027
1162
1339
994
1367
9
-245
873
132
123
802
791
108
178
892
336
-453
-875
-356
97
-723
-645
-467
-1333
-2211
-2704
-1586
17
633
1444
1923
1232
450
391
38
-215
654
879
853
1115
852
833
247
-626
-395
188
-261
-802
-283
-981
-1569
-1153
-1329
-820
-1038
-792
291
226
1412
2368
1450
-59
-610
-413
-864
-45
867
1089
1403
824
589
314
-398
-431
103
391
86
-413
-867
-469
-271
-1100
-1523
-1294
-655
-428
-186
393
19
50
591
694
834
592
548
536
663
1253
801
-162
-656
-220
37
-686
317
1451
657
9
-918
-1341
-980
-1764
-1821
-962
-299
398
135
272
903
679
306
-102
308
828
622
840
826
688
394
-241
126
576
393
412
196
-588
-1071
-1260
-1742
-1415
-484
-56
279
61
-72
480
-169
-1213
-787
-247
-82
445
897
1684
2250
1326
676
707
-162
-804
-500
-285
-121
-29
19
352
304
-97
-570
-1049
-1024
-1052
-1149
-1119
-1052
-445
-176
-7
719
1130
1460
1499
894
255
145
287
71
119
71
10
946
1333
710
327
-256
-906
-918
-1062
-1277
-893
-745
-921
-416
-77
-549
-559
-223
5
205
221
430
422
497
759
487
771
1474
1307
1118
1138
394
51
76
-652
-933
-850
-1066
-1240
-502
353
-158
-751
-1460
-1605
-1185
-1607
-871
397
973
1122
749
1071
1357
1184
982
863
995
822
1160
1272
367
-117
-268
-182
-227
-558
-742
-1349
-1805
-2088
-2243
-1838
-1095
-210
-215
146
933
408
636
1353
1221
1042
476
394
973
1206
1120
819
587
254
-30
-365
-666
-240
-34
-168
-295
-747
-1054
-1113
-1464
-1873
-1365
-729
-370
40
60
413
731
652
846
1074
835
731
1262
1275
963
425
-6
219
367
860
501
-136
-16
-656
-1015
-1108
-1364
-1189
-1070
-1327
-1521
-717
-190
-379
-81
11
-242
-72
641
1159
948
1127
1908
1699
1196
999
219
329
521
-43
166
-181
-707
-983
-1437
-821
-545
-786
-396
-411
-1043
-1011
-820
-1530
-1060
-156
-7
819
1126
1609
2231
1348
611
463
294
288
697
953
356
433
852
-332
-1270
-1288
-1453
-787
-635
-661
468
498
-307
-1265
-1775
-1295
-923
5
597
553
833
549
400
683
619
647
1125
1380
1128
1081
938
365
-260
-778
-855
-641
-337
206
268
-238
-583
-1016
-1299
-1525
-1839
-1407
-769
-4
624
539
986
1143
300
-89
5
488
1116
1147
935
1027
1231
808
-19
-543
-541
144
275
-336
-391
-554
-946
-995
-946
-998
-1084
-563
-573
-1010
-347
-310
-406
389
298
447
1447
1621
1619
1717
1036
621
422
-193
-437
-553
-277
159
-27
-141
49
311
-198
-867
-820
-1151
-1339
-1047
-860
-697
-682
-613
-270
513
1150
1094
926
551
79
290
749
906
1088
1213
1286
1139
326
-173
-532
-1096
-713
-603
-988
-677
-366
-282
-401
-735
-1229
-909
-279
-667
-323
-14
143
826
74
-42
561
151
656
1316
1405
1866
1447
700
141
-1136
-1240
-547
-48
730
523
296
118
-717
-1290
-1712
-1755
-1460
-970
-459
-151
35
157
289
145
106
273
685
1164
1339
1280
990
1201
1189
456
34
100
145
-283
-207
-53
-625
-875
-1251
-1637
-915
-137
-219
-227
-331
-809
-879
-824
-787
-557
36
732
1117
1466
1448
1220
1077
899
861
469
163
538
462
35
-77
-513
-629
-569
-1000
-785
-559
-502
-320
-829
-755
-464
-951
-1058
-900
-596
162
987
1370
1211
1171
1112
781
696
553
313
469
382
64
237
179
-172
-121
-107
-212
-442
-712
-567
-698
-1161
-1697
-1958
-892
-37
-93
235
436
623
623
94
30
276
467
675
1283
1859
1462
1122
698
-298
-647
-727
-719
-168
-111
-499
-362
-72
93
-11
-467
-704
-943
-723
-361
-856
-642
-286
-683
-497
-87
644
1674
1918
1515
969
297
-117
29
9
10
405
776
662
-238
-584
-234
-255
-510
-1131
-1361
-868
-554
-392
-237
-232
-268
-44
1
-34
258
163
89
243
490
685
376
1140
2028
1101
273
-329
-932
-380
-471
-1205
-451
826
1610
1318
314
220
-291
-1393
-1780
-2372
-2139
-1308
-1717
-1236
108
1119
2164
1722
1747
2431
1059
319
38
-1187
-985
-428
-250
539
938
1615
1886
819
879
626
-713
-1294
-2249
-2628
-2649
-2877
-1549
-879
-286
1282
872
1450
2932
1417
301
-167
-1010
-89
82
-525
455
1188
1514
1763
871
767
748
-838
-1169
-1064
-1142
-556
-1590
-1750
-318
-234
108
197
-242
586
810
37
-475
-807
-579
-232
-333
-117
636
1732
2550
2016
1292
1056
562
369
-464
-1373
-839
-1211
-2015
-1508
-1170
-604
14
-572
-133
1454
1428
636
-37
-974
-1259
-1505
-1644
-814
-57
1116
2723
2892
2880
3188
1900
484
-591
-1730
-1406
-1886
-2978
-1673
-502
-113
677
62
-315
728
306
-673
-835
-1807
-2081
-1205
-1122
-128
1429
2180
3197
2944
2646
2761
1306
792
-135
-1568
-1504
-2968
-3245
-1193
-710
275
1230
-25
498
1901
831
-361
-1936
-3115
-1890
-1576
-2118
-907
1239
2814
2874
2018
2537
3214
1679
233
-993
-1496
-852
-2375
-2332
0
759
1866
1526
-215
258
1430
1188
-999
-3028
-3597
-3737
-3029
-2143
-875
1416
3254
3855
2843
2299
2671
1384
-245
-1821
-1925
-489
-1596
-1424
448
590
1521
1715
548
259
1273
1597
-482
-2139
-2996
-3748
-4118
-3183
-752
680
2211
3169
3039
3344
2246
1152
300
-1532
-2175
-1518
-818
-303
243
631
1128
1421
777
714
1155
1332
734
-1401
-2294
-2569
-3717
-3676
-3828
-2065
1379
2167
3109
3883
3651
2918
468
-595
-1156
-2099
-2065
-1551
85
784
1084
1561
1284
1335
702
1699
2407
-429
-2026
-2632
-3396
-3170
-3636
-3766
-1510
1250
2432
3363
4129
4418
2969
-569
-1636
-1773
-2686
-2171
-1625
107
1544
1330
2212
2134
963
803
1295
828
-1170
-2406
-2930
-2628
-2118
-2507
-1545
-114
1390
2471
2347
3166
2853
858
-994
-1906
-1516
-2338
-2552
-879
366
1517
1640
2108
3132
1984
1701
2397
545
-1853
-3102
-3785
-3267
-3114
-3039
-969
20
968
2871
2488
2631
2463
368
-498
-817
-1225
-1977
-1910
-370
486
1275
1886
2605
3024
1718
1619
1693
-583
-2693
-3709
-3814
-3052
-2903
-2342
-50
756
1206
2911
2161
1654
1316
-623
-156
-230
-1309
-894
-517
495
599
346
1715
2391
1479
802
2013
1997
-797
-2719
-3254
-3032
-2498
-2544
-1592
223
277
412
2072
2037
1173
430
-200
752
71
-905
80
-112
29
181
18
2063
2856
1311
1137
1972
981
-1273
-3029
-3923
-3266
-2888
-2716
-350
1584
1731
1524
1483
1691
557
-1344
-1425
-949
-1507
-926
378
728
1659
2223
2000
2617
2263
906
1274
1430
-1055
-2851
-3268
-3791
-2915
-2457
-1582
1564
2448
1576
1193
581
309
-1475
-2704
-1212
-651
-17
1233
1563
2274
1907
939
1340
1442
1014
460
586
1371
-36
-2117
-2272
-2194
-2710
-2864
-1332
979
1532
783
646
964
215
-1255
-1797
-908
-112
-127
520
1145
1398
1470
1069
1673
1882
712
90
737
1582
-68
-2635
-2852
-2439
-2676
-2464
-825
1448
2248
1981
1406
460
-213
-1467
-1990
-747
-501
-190
596
431
1046
1179
664
1091
825
523
543
558
1061
-205
-1867
-1617
-1457
-1466
-933
99
1320
1576
1003
311
10
-326
-1482
-1927
-933
-424
16
1075
1192
1095
862
371
739
483
13
112
-43
-7
-776
-1946
-1936
-1292
-448
232
1009
1860
1925
1513
662
-52
-321
-1335
-1788
-1125
-621
253
413
-162
206
434
654
1194
1109
732
158
33
-132
-1079
-1591
-1967
-1588
-147
785
1494
1686
1350
939
-28
-747
-1006
-1136
-1031
-753
-192
493
684
-26
-154
755
1098
968
596
301
218
-375
-675
-996
-1673
-1562
-1168
-622
635
1649
1461
1054
1009
486
-266
-696
-581
-549
-786
-300
471
942
374
-395
320
694
273
99
-11
155
-309
-1098
-936
-710
-450
289
401
509
1204
594
-153
119
-382
-726
-640
-427
451
439
-3
202
167
-454
-689
170
858
790
287
-86
1
-334
-763
-533
-171
-296
-218
179
438
892
388
-431
-309
-456
-555
-109
501
641
198
44
-143
-505
-797
-687
76
607
728
839
1079
1020
316
-328
-595
-509
-483
-792
-661
-10
225
-243
-503
-183
238
340
-79
-98
431
499
350
48
-271
107
287
-7
10
315
384
-168
-146
-101
-503
121
259
320
699
-312
-602
-389
-1027
-867
-606
-828
-360
124
525
1352
1354
515
5
219
362
149
136
-238
-152
72
-359
129
-10
-657
52
-46
-94
675
349
230
57
-610
-817
-1221
-1278
-792
-63
110
53
671
507
567
786
389
553
440
544
924
826
508
-385
-1027
-912
-542
-238
-208
-338
-113
215
-200
-395
123
295
-175
-511
-346
-525
-597
-187
-211
-142
318
687
1050
1325
1156
462
-289
-392
246
219
-477
-158
228
106
420
377
-96
-452
-772
-734
-954
-1242
-760
-411
151
822
542
462
595
462
340
82
-54
-347
-337
157
354
690
841
211
-374
-342
-270
-308
18
115
-43
-55
-261
-387
-696
-1160
-859
-203
65
63
390
750
527
337
331
332
255
3
156
437
102
-387
-280
144
250
-56
36
995
1079
-101
-640
-370
-412
-852
-795
-637
-827
-533
106
918
1199
322
-324
-69
431
278
-416
-757
-498
414
918
397
-47
-9
172
518
680
-54
-622
-174
4
-212
-278
-308
-84
30
-163
-200
36
307
-160
-982
-1026
-542
31
450
817
906
715
1003
826
73
-196
-462
-366
232
24
-485
-334
424
663
-167
340
-124
-2284
-1297
-938
-1361
528
225
326
1888
908
164
508
498
474
160
-184
-280
-146
-333
-913
-253
684
202
551
1090
168
161
-53
-800
-415
-1435
-2225
-787
-311
-195
699
951
1131
1427
792
150
295
123
-357
-387
-165
-336
-317
143
-149
-76
278
165
943
599
-705
-387
163
401
-500
-2047
-1247
-87
-83
-95
-35
1045
1591
1096
1043
168
-228
-38
-761
-406
-326
-709
42
-239
-94
603
8
487
764
-119
30
220
460
281
-1373
-1846
-1511
-1298
-9
389
388
1183
1338
1129
514
-121
-216
-444
-779
-799
-136
523
473
397
913
1313
955
153
-632
-809
-683
-179
3
-1376
-2056
-1469
-545
859
1068
688
910
1432
1826
388
-1016
-658
-546
-596
-392
214
1283
965
-546
-589
186
-112
40
30
-674
20
450
-97
-838
-2213
-2333
-792
571
1104
1004
1251
2426
2728
758
-1138
-1275
-945
-987
-1187
-781
693
1572
678
48
-152
-788
-191
569
125
75
735
749
-168
-1085
-2509
-2718
-394
919
1188
1436
1598
2409
1228
-797
-1004
-1422
-1381
-496
-224
590
1048
-91
-375
-112
-420
673
1301
288
50
300
664
-83
-2261
-3251
-2425
-74
1756
1336
822
1224
1420
944
-27
-896
-1328
-1319
-361
546
524
439
386
702
848
398
382
382
-293
-1059
-630
151
-419
-1385
-2045
-1849
24
1853
2255
1958
1373
921
302
-1199
-2227
-1891
-1333
-777
2
494
1110
1659
1609
1019
170
406
782
86
-1048
-1626
-947
-1283
-2076
-1616
-1271
243
2346
2652
2173
1870
1367
362
-714
-1812
-2599
-1984
-879
-466
249
1182
1330
1387
1144
782
807
-57
-875
-1064
-1040
-267
-524
-1830
-1799
-907
213
2185
2895
1597
919
432
-234
-395
-1080
-1649
-1514
-1026
-102
622
748
712
672
770
1160
1122
417
-486
-1361
-1304
-86
268
-959
-1898
-1720
-639
949
1776
1385
1043
920
74
-655
-681
-639
-618
-767
-697
323
968
861
1207
1128
1068
1088
112
-514
-1133
-1235
-342
-895
-1976
-1809
-748
753
1893
2104
1253
65
-234
167
123
-431
-929
-1469
-1393
36
1221
1223
788
283
257
408
278
440
358
-734
-1370
-627
-115
-469
-1357
-2019
-783
1493
2443
1860
904
338
-17
-459
-781
-1009
-1295
-1342
-999
-152
1166
1814
1469
1067
662
516
287
-567
-1017
-1037
-572
-92
-668
-1172
-1291
-836
744
2214
2575
1660
517
105
-317
-860
-1423
-2447
-2408
-840
187
856
1404
1518
1895
1419
545
272
-554
-1418
-1850
-1275
290
435
-349
-717
-829
225
1786
2053
1051
32
-498
-910
-1054
-836
-944
-1226
-553
454
1140
1637
1311
1016
559
-398
-191
191
-125
-617
-865
118
780
-176
-1530
-2506
-2106
298
2326
2262
1812
1127
-25
-684
-1214
-1562
-1756
-1297
64
1265
2021
1628
843
700
244
-255
-548
-1041
-1174
-869
-519
79
223
-593
-1456
-1613
156
2920
3621
2246
644
-308
-925
-1460
-1905
-2482
-2114
-693
367
1455
2207
1588
903
574
150
-139
-488
-654
-728
-515
376
610
-287
-1381
-2001
-1325
804
2490
2141
909
-37
-467
-538
-910
-1390
-1306
-548
217
1177
1901
1194
436
-73
-495
-278
-331
-117
86
-254
134
568
67
-1060
-2234
-2199
-228
2138
2790
1827
462
-341
-296
-439
-1254
-1880
-1717
-634
840
1869
1902
1154
459
-165
-380
-232
-351
-445
-655
-371
643
872
-188
-1713
-2464
-1396
1043
2355
1841
750
-221
31
252
-635
-1390
-1630
-768
551
1641
2074
944
66
-190
-335
292
141
-755
-1309
-1335
-82
746
22
-984
-1951
-1354
1220
2838
2526
1283
-53
-431
-419
-1010
-1668
-2023
-1643
-283
1223
1947
1449
747
355
-233
-227
173
75
-374
-884
-437
796
821
-771
-2325
-2134
-27
2211
2736
1659
556
268
206
-299
-1318
-2068
-2020
-1420
-19
1429
1617
1158
726
226
207
463
-65
-884
-1252
-882
491
878
-472
-1632
-2124
-880
1645
2494
2031
1012
71
278
-68
-1083
-1894
-2432
-1719
-380
1115
2168
1820
1510
1151
342
139
-88
-670
-1573
-1906
-359
980
563
-644
-1803
-1658
-110
1209
1521
1395
1153
847
700
-162
-1618
-2021
-1584
-695
681
1220
964
935
632
-7
-119
250
117
-692
-1062
-414
629
593
-877
-1975
-1845
-759
1109
2414
2231
1578
1236
665
-422
-1574
-2653
-2808
-1352
123
1122
1872
1708
1435
802
-380
-495
-444
-1175
-1391
-1069
-99
1226
597
-867
-1199
-1041
631
2364
2132
2027
1662
755
200
-1428
-3011
-3102
-1993
-374
779
1446
970
351
2
-1042
-1181
-684
-728
-878
-402
803
2309
3296
1843
-5
-432
-675
595
1769
1175
947
668
-31
-1015
-2418
-2963
-2998
-2429
-1313
-955
-625
-92
719
1566
1414
1062
816
663
899
926
1326
2680
2691
374
-1893
-2763
-1789
111
1066
1414
1142
408
-375
-2346
-3482
-2899
-3000
-1966
-114
321
1181
2014
2137
2225
1456
384
170
591
765
651
1126
1741
734
-1086
-2141
-2295
-809
508
715
857
142
53
77
-1486
-2670
-3263
-3023
-1452
267
1295
1957
2846
2367
1225
560
-146
670
1087
535
1138
1126
761
387
-1159
-2146
-1688
-954
-296
107
-119
132
847
278
-1532
-3264
-3847
-3028
-1186
768
2037
2885
2843
2229
2023
1317
923
1173
730
358
-198
-826
-644
-414
-772
-1634
-1332
-612
-658
33
506
773
771
-738
-2039
-2930
-3111
-1711
255
2172
2479
2011
2374
1980
1636
1540
616
331
42
-955
-1106
-567
-485
-363
-120
-995
-1406
-816
-1100
-726
646
487
-883
-1234
-1381
-2119
-1032
1139
2069
2371
2345
1444
1060
1830
1320
598
622
-1022
-2251
-1438
-562
-39
109
-222
-379
-284
-359
-340
-293
-621
-917
-1159
-1808
-2046
-1424
-726
741
2402
2414
2302
2798
2430
1685
1167
892
573
-695
-1740
-1721
-1221
-257
191
-199
-830
-1347
-1173
-530
-279
-565
-808
-1137
-1631
-1784
-1272
-283
849
1866
1872
1739
2265
2359
2251
1877
998
-93
-923
-971
-1094
-902
-179
148
501
51
-1245
-1386
-789
-563
-506
-1190
-2019
-1721
-1452
-883
269
780
1555
1851
1531
1618
1235
1623
2183
1236
182
-602
-909
-842
-1060
-1028
-477
470
756
-100
-799
-933
-697
-30
-286
-1803
-2102
-1631
-1222
546
1532
1534
1815
756
161
829
1263
1829
1343
156
-113
-379
-817
-643
-296
-25
671
562
-160
-210
-840
-1299
-1055
-977
-1230
-2129
-2334
-1512
-49
1264
1554
1793
1733
1484
1154
988
1735
1640
867
-166
-1702
-1572
-908
-484
489
695
865
707
16
-435
-1039
-993
-810
-1311
-2258
-2436
-1941
-1082
925
1927
2434
2091
361
446
708
1153
2174
1428
209
-1013
-1688
-1339
-801
-107
265
719
526
36
83
-807
-990
-470
-276
-593
-2073
-2257
-1632
-228
1519
1789
2340
1598
717
1060
766
1074
1038
384
-397
-1386
-1687
-1249
-42
517
761
728
-351
-504
-1091
-1561
-201
160
25
-728
-1736
-1103
-785
-97
1103
1862
2025
1118
937
935
880
1140
656
-22
-857
-1505
-1356
-603
147
699
1068
679
-371
-1524
-1762
-1244
-1069
-670
-194
-950
-1382
-705
-138
1034
1793
2293
2866
1813
897
354
115
753
512
-177
-761
-1186
-1201
-1061
38
1164
979
-106
-1367
-1348
-984
-925
-452
-700
-876
-1331
-1741
-921
-495
253
1187
1962
2232
1567
1458
1401
1524
1213
865
849
-480
-1262
-1527
-1223
-19
-78
-170
-107
-780
-842
-440
-177
-104
-235
-335
-1066
-1877
-2099
-1948
-327
1413
2005
2332
2040
1418
909
688
1001
1238
398
-902
-968
-514
-73
562
551
307
-42
-586
-495
-593
-1000
-1491
-2022
-745
-27
-1103
-1041
-656
-384
-169
819
2834
2898
1462
-158
-835
-638
-431
878
1122
466
700
823
934
650
513
304
-624
-1230
-1923
-2037
-1143
-659
-364
-185
-648
-1076
-1556
-1559
-149
1459
2444
1976
769
590
691
1078
1538
1448
460
-1515
-2351
-2066
-1059
935
1765
1732
1288
327
105
-655
-1329
-1515
-1783
-822
-1187
-2055
-1560
-1256
111
1376
2341
2798
1569
810
163
181
758
589
607
-16
-526
-383
-475
366
785
-736
-1283
-1134
-1668
-541
884
1382
1526
755
-378
-1831
-2587
-2797
-2364
-277
1361
2337
2923
2476
1763
667
-571
-810
-343
-76
-70
-329
-146
176
205
559
161
-404
-569
-655
536
1290
-83
-1563
-2761
-4129
-3118
-597
1339
2947
2869
2443
2053
999
-10
-1060
-877
-847
-301
1278
1115
551
-440
-1346
-635
228
646
590
121
-502
-599
-213
-202
-538
-377
-418
-1331
-1184
-479
49
361
-309
-915
-672
884
2454
3086
2714
1622
1172
-279
-1629
-1779
-2445
-1995
-717
602
1799
1505
550
-152
-823
-1272
-1011
-812
-629
-272
-507
-499
-610
-310
1097
1963
1898
1192
328
-457
-23
635
-205
-563
-758
-599
677
1904
2314
860
-1015
-2358
-2910
-1906
-576
526
1065
993
1384
1527
134
-1404
-2723
-3392
-1817
-114
1319
2507
2152
1527
475
-153
118
478
1401
1238
188
-697
-1240
-257
325
-611
-1916
-2684
-1388
750
2370
3282
2255
320
-1729
-3696
-3687
-2323
-806
699
1268
1913
2591
2199
1377
-61
-1039
-987
-244
976
772
381
292
-366
-417
-458
12
777
696
-238
-1521
-1549
-997
76
1000
345
-1184
-2639
-2262
-1190
942
3254
2638
1723
-190
-1696
-563
373
1997
2136
627
79
-589
-553
-597
-910
-1102
-1489
-1022
-232
823
1438
1333
1228
833
254
-624
-1486
-2466
-3055
-2675
-1462
779
2561
3481
2739
399
-1242
-1995
-882
1234
2787
3096
1011
-825
-1992
-2138
-475
189
628
361
-765
-496
12
559
999
706
-293
-1487
-2391
-2623
-1482
-465
849
1859
1077
238
-605
-108
1463
2589
3556
2576
497
-1191
-1925
-1529
-1771
-2413
-2900
-2257
-10
2484
4504
4201
1995
-171
-2213
-2948
-2048
-1039
-1257
-2030
-2124
-1471
260
2080
3100
2803
1126
36
22
770
1499
1383
464
-1504
-2870
-2855
-1385
1424
2945
2393
606
-879
-1284
-810
673
909
0
-1123
-2388
-2186
-1045
496
956
240
-329
-1474
-1170
452
1682
2725
2501
1416
410
-132
-65
144
164
-346
-1106
-1537
-1023
-25
678
1169
628
-587
-1147
-1155
-341
740
852
-376
-2304
-2847
-2199
-572
1977
2997
2532
356
-1890
-963
1098
3074
3877
2222
-197
-2341
-3158
-2406
-606
982
821
-386
-1310
-849
442
1646
2330
1537
-306
-1964
-2733
-2545
-1233
-115
-101
-324
-793
-127
1328
2217
3027
2611
1316
625
351
137
184
-215
-1649
-2829
-3295
-2372
-252
1949
3698
3197
1353
-529
-2230
-2246
-1400
-586
-489
-1440
-1754
-1237
352
2371
2834
1665
-533
-1666
-880
794
3199
4016
2466
57
-2454
-2965
-1805
-683
272
409
24
-697
-1004
-46
831
1032
-12
-1731
-2736
-2820
-1073
1104
2779
3765
2091
-269
-1707
-2189
-679
930
2099
2767
1423
-285
-964
-357
739
270
-779
-1735
-2405
-1637
-180
1541
2231
955
-855
-2216
-2240
-1202
-201
230
500
765
547
788
1145
1514
1652
-28
-1474
-1642
-970
581
1521
2631
3037
1123
-1285
-3019
-2621
-1122
-672
-365
-272
159
769
380
198
259
-383
-1593
-1962
-708
551
1045
928
505
569
493
259
987
1602
1317
707
228
681
1058
437
-615
-1427
-1498
-1933
-2540
-2209
-927
729
1468
1740
1402
22
-1235
-2130
-1758
-346
488
820
835
1001
1478
1620
1483
1066
310
-695
-1232
-718
153
890
862
98
-906
-1804
-1749
-1301
-599
173
427
774
743
466
482
-45
-1264
-1745
-1248
-859
-299
252
1266
2716
3129
2514
822
-701
-1295
-1572
-1006
-29
589
351
-721
-1455
-927
139
522
176
-431
-302
241
259
37
-45
92
-523
-965
-467
-283
591
1315
874
718
571
520
367
-411
-844
-271
297
-186
-554
-463
-40
430
363
559
262
-410
-586
-691
-213
149
-330
-725
-676
-324
464
1051
903
536
-126
-662
-606
44
995
821
226
238
134
76
-245
-264
499
706
579
-17
-872
-899
-897
-973
-664
137
619
-318
-1468
-1451
-277
1172
1968
1502
190
-624
-700
-229
71
-43
162
-55
-494
138
972
965
280
-450
-424
-18
241
390
161
-49
148
240
50
-36
1
-40
-81
-37
-184
-402
-424
-804
-993
-518
6
407
-47
-974
-1000
91
1371
2133
2117
801
-138
34
-53
-325
-645
-754
-724
-612
-174
478
1154
889
15
-532
-669
-600
-600
-431
-439
-652
-487
-70
165
476
1076
1041
508
88
-185
-165
-288
-523
-916
-776
415
783
482
134
-72
875
1387
1239
567
-731
-917
-1140
-1131
-360
-474
-611
-485
-99
605
899
894
636
313
-9
-446
-975
-1305
-1071
-243
639
812
673
516
367
674
813
480
517
233
-467
-644
-923
-368
610
164
-679
-1401
-1082
228
758
1007
833
105
209
319
-271
-680
-1172
-1326
-815
-214
740
1295
807
168
-7
188
407
-50
-814
-664
-193
222
706
757
335
-275
-18
512
58
-331
-340
-334
-460
-880
-498
473
523
-125
-528
2
1194
1504
563
-357
-565
-144
74
-388
-546
-506
-119
484
87
-33
217
96
209
-84
-60
631
186
-1020
-1564
-1164
158
975
544
309
514
909
858
-422
-1029
-382
158
476
127
292
1088
264
-855
-1567
-1510
-188
70
68
179
164
1148
1245
467
-164
-703
-394
-221
-805
-634
151
433
482
234
579
1007
91
-467
-656
-260
513
5
-60
88
16
393
-467
-1297
-461
252
369
356
-462
-259
861
-198
-1178
-1113
-771
731
1008
747
984
688
895
329
-226
577
485
-350
-1214
-1543
-515
74
-247
-100
185
520
938
292
-554
-335
-97
-363
-676
-419
61
173
545
323
-52
646
578
86
139
-237
68
501
-890
-1598
-542
267
627
19
-160
757
749
744
678
475
455
-717
-1410
-1098
-817
-340
-444
-311
800
1292
1419
1278
173
-542
-956
-1339
-1302
-1305
-447
253
261
1127
1317
1069
1003
-100
-444
-593
-935
-94
-586
-1308
-426
83
343
498
936
1539
1130
455
-190
-343
159
-146
-809
-670
-301
-21
-290
-779
-110
405
366
347
-45
84
-348
-915
-384
-327
-82
295
279
636
945
1315
1298
737
159
-859
-1482
-754
-514
-1495
-1324
-229
549
1243
1277
1212
953
123
-530
-969
-459
-160
-897
-906
-479
192
744
375
292
564
506
380
593
631
-136
-760
-982
-930
-662
-450
68
162
111
421
469
859
945
311
-251
-604
-455
-466
-866
-745
-4
673
1102
1341
758
-150
-647
-937
-686
-154
-189
-442
-445
-134
410
310
196
494
117
-24
135
61
143
-291
-758
-754
-406
333
756
829
619
410
374
181
211
-175
-565
-236
-272
-143
89
216
770
502
-262
-428
-321
-349
-796
-1276
-934
-42
274
347
422
326
532
544
490
765
613
55
-477
-959
-764
-32
112
-3
-39
31
427
391
72
46
-43
-174
-85
69
55
-248
-633
-694
-721
-540
227
631
720
1136
1038
371
-172
-753
-995
-487
55
76
191
484
176
69
243
-116
-126
-8
-140
101
141
-33
156
230
-94
-441
-377
-115
-230
-555
-906
-896
-338
-63
-336
-494
45
715
1234
1629
1502
1501
1296
814
686
127
-236
-230
-856
-1249
-989
-674
-691
-1247
-1917
-2423
-2020
-297
1219
1406
568
253
969
1168
1116
1259
767
610
1104
849
30
-479
-351
-331
-965
-827
-184
80
435
702
600
30
-391
-648
-1081
-1549
-2026
-1657
-556
455
380
-485
169
1432
1555
1458
1299
929
740
560
373
-240
-1162
-1387
-1109
-669
-359
49
699
737
591
463
369
562
272
-381
-661
-1120
-2550
-3060
-1233
795
1543
1166
955
1743
1701
860
588
-185
-972
-461
-148
-649
-493
7
-2
236
318
-93
-183
-46
277
644
605
385
340
-131
-1094
-1681
-2245
-2249
-644
1301
1573
543
881
1993
1508
452
-381
-1040
-587
-3
-338
-615
-578
22
670
140
-184
-75
-343
27
464
622
976
940
718
308
-258
-861
-1611
-2075
-1974
-426
1173
539
-339
432
1513
1291
590
152
-610
-523
-174
-552
-368
-256
-103
104
-341
205
880
511
366
655
1026
1027
854
370
-778
-1625
-1806
-2148
-2781
-1492
1343
2154
968
-109
419
1398
670
-4
-236
-840
-359
200
-435
-841
307
1576
803
-308
-91
339
-39
-536
-58
442
843
1298
924
343
76
-296
-1496
-2891
-3027
-1975
-123
1075
505
344
1646
1950
610
-489
-597
0
163
-392
-350
154
605
806
629
781
579
-57
-46
101
381
560
45
-305
-575
-1313
-1585
-1739
-2858
-2413
756
3127
2613
764
833
2050
442
-2047
-1930
-695
-13
-22
-140
489
1188
1052
234
-407
-108
324
-403
-971
12
818
960
919
629
592
127
-370
-924
-2216
-3048
-3092
-1514
1085
1880
898
601
1980
2205
402
-591
-432
-189
-297
-405
264
843
440
-252
-554
-386
-39
-178
-271
462
883
619
858
1224
700
1
-875
-2320
-3481
-4067
-2411
1457
3052
1383
485
2148
2756
351
-1154
-84
632
-462
-1782
-1482
-100
690
471
8
537
1457
950
-436
-740
62
14
-748
-475
335
379
43
169
-199
-1577
-2657
-2369
-532
1517
1931
1094
1343
1995
605
-1030
-822
93
213
-271
15
567
553
415
118
-81
-395
-905
-989
-824
-299
357
934
1263
597
-245
-550
-779
-1497
-2547
-1986
586
2466
1765
277
1029
2124
176
-1887
-1404
-337
217
275
398
849
679
-24
-374
-337
-333
-403
-524
-169
612
882
1108
1281
740
25
-712
-1526
-2385
-3574
-3624
-605
3293
3714
1367
1016
2149
720
-1974
-2215
-630
-184
-325
353
785
909
812
305
32
-82
-350
-716
-595
50
81
-210
218
582
325
172
181
-394
-1294
-1677
-1911
-875
1916
2813
1194
332
469
-370
-1868
-1656
59
1027
1292
1185
558
27
-480
-880
-857
-405
-221
-673
-349
434
489
687
1233
1284
990
470
-462
-1284
-1824
-2291
-2604
-1082
2281
3214
1171
-98
411
626
-832
-1902
-739
886
947
12
-327
-106
-281
-1013
-1324
421
1822
794
797
1207
247
-51
357
380
-342
-887
-1498
-2148
-2803
-3246
1146
6114
2951
-1759
-197
1953
-707
-3654
-2687
379
2424
1997
440
475
1541
348
-1687
-1381
-288
-3
263
657
351
-23
-164
-626
-334
-162
-298
697
1041
244
-66
392
191
-957
-1214
-878
-814
-268
638
763
382
334
238
-322
-368
609
867
-104
-1035
-593
29
-11
668
1066
870
459
553
414
171
432
-367
-335
-1804
-2779
-5055
-9174
2864
14912
4419
-5577
-1390
2546
-1449
-4932
-3198
2642
8853
5478
-2376
-2105
50
-3916
-6584
-3067
2084
5192
3742
192
-44
346
-1947
-3065
-1446
495
1646
1909
1324
141
-669
-865
-765
140
1020
624
404
144
-1254
-1199
-348
-630
-216
524
372
203
51
-327
-280
210
419
275
317
-199
-917
-690
118
1333
1867
1727
1320
564
-264
-1010
-1760
-3296
-3429
-4166
-3013
6462
10257
1861
-3772
-2316
-1073
-2575
-3091
-437
4354
6629
2560
-1967
-1875
-1352
-2632
-2992
-765
2793
3533
408
-1795
-1148
-850
-764
423
1239
1354
958
179
-887
-959
-29
837
1388
902
286
-1234
-2797
-4997
-4383
5469
9450
1054
-3751
-1967
-1284
-3242
-3693
-1076
4457
7366
2515
-1314
-414
-693
-2476
-2557
-225
2343
3134
638
-2486
-2486
-2041
-1449
509
1766
2706
2484
572
-1001
-1572
-1136
-426
602
1487
1047
-235
-1198
-1383
-1112
-299
402
748
1248
1058
-69
-830
-901
-651
-19
464
724
573
117
-279
-164
426
585
763
253
-157
-943
-2292
-3637
-6595
-479
10549
6529
-2511
-2690
-330
-531
-2498
-2969
1972
7508
4107
-2518
-3018
-1525
-2080
-2348
-655
2757
5047
1896
-3089
-3241
-1293
-671
202
1494
2726
2873
429
-2545
-2810
-948
286
948
1812
1808
536
-1422
-2312
-1879
-1196
278
1692
1896
1117
-304
-1391
-1615
-1189
-356
791
1656
1249
299
-341
-989
-754
524
1092
1141
908
-296
-775
-343
-255
-174
-82
224
165
-731
-1129
-632
-341
-650
-649
85
744
661
500
245
-158
-88
40
467
916
865
517
-76
-382
254
881
454
35
-1030
-1062
-2120
-5446
984
9111
3335
-4169
-4035
-1397
-631
-1662
-870
4251
7774
2059
-4401
-3396
-1187
-1221
-1115
623
3822
4468
-400
-4117
-2030
34
-121
113
1070
2112
920
-2259
-3052
-1197
446
1077
1018
1156
1387
49
-2034
-1895
-353
701
1440
1187
749
295
-1162
-2152
-1326
1591
2838
672
-338
-320
-1208
-1902
-1157
761
1720
1719
836
-296
-869
-1731
-1468
-168
484
380
380
350
-483
-616
211
1271
1299
199
90
156
-340
-920
-770
172
369
142
-10
300
590
-123
-387
73
-9
-255
-230
-190
-64
-212
-605
-618
-531
-521
34
484
426
709
620
176
10
203
586
249
-72
-101
-238
-209
72
617
914
746
263
12
-220
-657
-1226
-1717
-2474
-3230
864
5058
1145
-2288
-564
656
469
-287
13
2185
2725
40
-1731
-651
-183
-727
-60
1245
1377
23
-1555
-1942
-793
-104
370
1317
458
-833
-889
-358
59
334
568
370
380
-1645
-1756
3667
4430
-741
-3066
-1423
44
-891
-1852
-114
2960
2528
-1052
-1945
-301
-13
-365
242
1017
1306
83
-1269
-722
-356
-443
605
1399
954
190
-338
-527
-527
-179
198
182
170
-59
-130
-79
-131
274
243
147
309
-462
-806
-550
-707
-504
-285
178
583
492
456
312
493
365
387
304
170
267
-392
-258
-1147
-1121
-2841
-5316
5652
11903
-539
-7338
-3134
333
645
-970
-203
5376
5722
-3397
-6741
-1266
1524
700
450
1625
2640
-57
-5234
-5108
251
2761
2828
3147
1926
122
-2356
-4356
-2250
1829
3418
2065
790
-346
-2058
-2522
-1688
744
2635
1697
63
-1208
-1591
-1407
-1165
46
1686
2358
1067
-411
-625
-796
-440
216
621
1247
829
-747
-1912
-1906
-712
904
1561
1144
432
-418
-950
-1090
-823
66
1038
1270
243
-518
-550
-937
-478
610
1537
2020
1001
22
-591
-1115
-1081
-1100
-364
-218
-443
128
30
339
753
715
286
410
1452
-715
-2894
-892
873
1156
948
-100
-319
26
-860
-962
397
1108
1017
287
-559
-1076
-971
-291
-350
373
1404
773
632
-243
-841
403
-406
-849
49
-268
-30
496
320
313
-71
-1350
-1555
-2419
-1713
4563
5661
47
-2105
-1436
-614
-560
-940
309
2417
2049
-914
-1641
-166
419
175
-24
388
305
-408
-1431
-1790
-247
687
1138
1437
124
-440
-42
147
584
623
183
-25
-333
-680
-710
-916
-532
140
544
1189
959
-143
-1006
-928
-669
-1105
-742
339
850
1071
927
745
610
311
472
248
156
-149
-391
-261
-1554
-1140
-3655
-4104
7370
8770
-2806
-5505
-2007
486
1144
-1099
-113
5073
2600
-4989
-4433
-133
1626
1622
362
1152
2775
-219
-4504
-2546
1961
2638
1805
750
-661
-1059
-2289
-2870
281
3033
2666
1176
-296
-869
-1096
-1994
-1654
601
1685
789
-398
-1248
-958
-80
465
1386
1814
715
-847
-1635
-1349
-418
355
523
927
1225
41
-951
-591
107
1001
1116
771
620
-836
-1893
-1641
-1456
-303
947
1282
1133
126
-573
-462
-185
489
796
287
132
-24
-585
-326
118
-69
-154
-79
13
-196
-638
-178
793
1003
423
-392
-901
-1311
-1046
109
574
1062
1844
1327
333
-320
-710
-777
-873
-626
70
151
-464
-439
82
119
-37
-7
338
417
578
944
372
703
1008
-776
-1602
-1457
-1131
-491
-815
-307
873
1092
1021
623
363
123
11
457
231
89
91
-871
-1561
-1367
-351
311
219
760
1118
1563
1796
427
-816
-1522
-1186
-77
-283
-322
62
666
1350
-263
-1610
-1258
-1514
-1153
-269
415
1549
2061
1579
801
600
852
569
-91
-847
-966
-401
-737
-1649
-1536
-1022
-682
291
964
1220
1887
1595
560
-116
-662
-717
-868
-1666
-1192
369
843
1399
1583
-38
-744
-818
-1239
-498
-203
34
1173
1349
1097
653
287
341
-164
-353
-245
-280
-867
-1662
-795
-44
-6
522
198
-107
285
235
32
-324
-630
-539
-234
344
432
496
762
644
1261
734
-1218
-1306
-849
-841
-318
128
1113
1890
819
-159
216
585
387
-452
-900
-176
-262
-1073
-521
-460
-1251
-276
428
-133
-860
-1476
1230
3909
1213
-1630
-1439
-502
-2
-629
185
2557
2487
942
-504
-1798
-970
-321
-1163
-192
535
292
750
284
464
1216
851
24
-658
-2073
-4287
-1310
3414
2298
-172
-1806
-1688
-237
-797
-827
928
2481
1930
-108
-523
528
1786
2062
726
-220
-214
-702
-1685
-1242
-162
-173
310
-405
-2134
-1555
-1053
-940
-4
639
1985
3340
2126
-437
-1440
-1548
-1287
54
642
322
1051
1206
-578
-1636
-1042
-272
603
1759
1668
808
872
482
-257
-533
-933
-1215
-2061
-3936
-3602
1591
5107
2087
-907
-792
-673
-935
-936
294
2745
3162
1321
73
-686
-830
115
632
1081
971
-880
-1984
-1989
-1403
-345
-592
-387
243
-674
-1113
153
2100
2746
1387
-18
-735
-1712
-2750
-2560
-545
1566
1958
1822
2470
2450
670
-214
641
328
-1122
-1717
-1415
-625
-230
-1082
-960
-1771
-2874
2534
5999
2433
-602
-3709
-4265
-2079
-2270
-911
2488
3366
2174
1243
1379
1859
1323
566
-34
-1193
-1670
-2476
-2615
-971
-376
862
2481
2827
1976
-1070
-1534
158
-1272
-2144
-372
416
-111
-313
-396
295
588
-454
775
2402
1186
-193
-542
-461
-724
-1611
-1219
711
965
-52
483
1668
2127
401
-1662
-1963
-1920
-417
711
641
801
-165
-490
-564
-194
1014
302
629
1396
-434
-1399
-800
-430
-22
515
616
272
-9
-88
513
1428
1081
445
163
-1885
-4113
-3831
-1227
2018
1725
-610
388
2018
1203
538
1824
2639
670
-1172
-1452
-1090
-539
-1068
-387
1149
964
249
-1368
-1355
617
-541
-1454
380
196
-670
-270
-208
681
993
369
1505
1657
-92
-1001
-1230
-1147
-1007
-855
76
1439
1575
401
380
1170
663
-130
26
155
-434
-949
-1079
-474
3
-643
-650
-244
438
701
-884
-399
1055
-434
-1452
-580
-41
-42
510
1379
1294
645
523
657
931
728
-459
-251
-261
-1844
-1056
-32
-395
81
-90
-90
801
425
-227
101
69
74
603
133
-269
-301
-1051
-983
-160
897
1092
-517
-201
1167
-216
-962
728
950
-479
-183
286
-384
-83
-3
254
567
-855
-826
152
-590
-1042
-445
53
18
-199
-322
51
943
1261
921
907
668
96
604
190
-664
315
-33
-573
20
-418
-818
-1536
-1143
433
-510
-811
1098
611
-547
629
843
-86
-277
-419
564
1304
336
282
699
-332
-1287
-312
162
-773
-87
530
290
902
612
-69
-49
-641
-1075
-270
-21
-264
338
-112
-933
-309
906
1145
-652
-746
686
-807
-1449
339
741
611
1245
1661
821
-446
-303
-12
-450
-877
-977
-313
-1018
-1800
559
1210
-207
703
962
294
759
296
-489
-528
-1218
-1031
650
554
108
1126
868
193
514
854
-11
-1645
-927
-289
-1754
-1090
689
856
613
843
1248
725
-184
-382
5
97
-959
-1359
-752
-1161
-978
781
947
362
1511
1012
-484
455
576
-106
435
-211
-950
-491
-613
-333
661
127
-1008
97
1363
-128
-957
262
-228
-1843
-1423
129
410
319
1306
1963
1394
454
251
419
-134
-721
-876
-747
-770
-771
351
803
241
548
131
-483
522
374
-929
-661
-462
-565
445
327
-207
584
-123
-937
1349
2285
-257
-1422
-618
-856
-1695
-913
577
572
445
941
1155
1149
733
678
610
-460
-1152
-855
-863
-1643
-1156
-151
-732
-87
1323
921
912
1747
1307
-289
-880
-724
-615
-59
-600
-529
886
24
-840
915
1491
-303
-564
82
-1063
-1263
-118
580
929
248
-203
212
97
17
581
784
-280
-739
-44
-766
-1604
-961
-458
-90
801
1353
1172
1245
1188
266
-274
-169
-537
-844
-432
-265
317
1034
-148
-953
231
337
-1018
-996
16
-6
-253
180
399
154
-141
-119
480
347
-278
325
800
623
578
-51
-1174
-1583
-938
-244
414
1116
1156
595
267
151
-553
-634
-341
-757
-354
247
217
361
409
-74
-275
538
336
-626
-285
-229
-510
92
717
632
223
223
190
-108
-402
-191
318
-267
-573
103
-96
-949
-1011
-351
-310
124
1238
755
-25
479
604
-20
-105
-395
-815
-46
70
144
1332
735
-932
-403
984
157
-693
-133
-389
-776
-825
-126
686
374
682
678
67
248
448
290
-270
-821
-1060
-905
-836
-514
666
853
700
766
-152
89
1222
509
-433
-275
-760
-1011
-433
-434
-3
368
-259
-195
728
1346
952
414
236
-709
-1493
-777
254
5
-375
173
386
419
235
33
756
646
-309
-348
-600
-1141
-411
-181
-909
-190
439
142
779
1184
536
174
-59
-423
-92
-122
-557
110
453
6
-154
-320
-171
370
293
-99
64
26
-66
-53
-338
152
349
-488
-911
-806
-187
535
558
470
767
71
-1069
-598
-89
-232
241
647
806
967
518
215
585
160
-698
-774
-569
-170
313
365
110
-129
-604
-1045
-720
-346
-100
552
561
-22
241
550
409
558
134
-710
-988
-745
-92
400
540
476
178
-38
176
352
107
140
27
-473
-283
-42
-415
-190
217
-257
-202
175
-120
-8
226
99
353
581
173
-78
-316
-508
156
403
503
843
5
-722
-519
-805
-1133
-694
-667
-720
45
761
1193
1038
528
514
447
124
292
436
-42
-49
-60
-406
217
134
-1237
-1606
-1188
-742
-120
547
931
863
896
514
223
545
-5
-365
-134
-460
-564
-309
-65
321
525
27
-286
-1
1
247
403
-227
-356
-17
-161
-384
-128
341
234
57
326
162
-378
-338
204
-111
-545
-150
-245
-169
209
210
633
890
557
232
-73
-298
-191
-6
-148
-338
-106
-141
-546
-475
-471
-232
410
492
439
268
-191
-380
-98
183
-67
-500
-624
-471
-45
561
649
642
1059
819
-71
-35
674
71
-793
-803
-781
-210
89
64
669
487
-397
-367
270
181
-499
-978
-958
-405
-303
-519
252
1100
1098
1130
954
349
-98
-492
-611
-519
-248
-131
-464
-102
284
47
130
332
539
448
61
131
114
-356
-762
-770
-487
-433
-396
-50
439
753
562
606
819
425
-151
-770
-911
-529
-551
-235
551
608
609
825
234
-161
223
108
-250
-116
-264
-483
-283
-604
-810
-567
-358
302
374
322
827
415
-89
178
292
-21
-400
-418
-68
-116
-245
490
735
-3
-275
148
379
165
119
-267
-608
-302
-407
-337
18
-215
-303
345
994
1153
1003
39
-713
-244
-335
-908
-473
95
-79
-134
366
863
620
-230
-226
341
275
-15
-457
-815
-898
-1004
-411
410
443
376
441
460
426
275
106
-159
-480
-827
-399
459
360
53
32
186
397
555
502
-5
129
-52
-852
-383
212
185
-125
-600
-223
129
-15
437
487
-50
-97
-73
-120
-400
-732
-523
-42
82
-342
-37
713
462
212
713
1017
594
-202
-462
26
-71
-149
243
-575
-1294
-947
-284
561
673
366
91
112
542
94
-320
-79
-515
-995
-1004
-439
745
1198
906
566
432
587
283
-290
-507
-703
-1086
-838
180
462
379
920
859
-38
-551
-380
-279
-646
-846
-429
184
336
375
393
-196
-369
34
116
306
264
-68
65
274
352
232
-245
-247
40
-198
44
703
874
859
367
-179
-330
-822
-1349
-929
-138
-207
-163
262
409
505
-122
-477
45
61
-185
134
508
179
205
354
33
276
132
-301
-112
-203
-790
-755
78
403
421
128
-250
291
387
82
157
-103
-90
14
-363
-134
247
181
55
-475
-352
175
109
184
-58
-125
85
-151
-92
21
62
-25
-445
-322
459
918
1046
1045
255
-430
-942
-1515
-756
-288
-702
-176
437
710
913
446
161
300
-82
-358
-174
56
208
-156
-600
-275
237
-19
-271
155
719
721
117
339
571
-360
-1145
-1341
-844
-347
-112
148
490
1264
963
190
154
-73
-531
-1130
-641
509
647
529
372
260
372
236
254
461
29
-807
-1281
-1007
-461
-553
-531
-216
192
804
971
1115
764
208
-11
-816
-710
-208
-467
-119
85
-3
54
27
493
702
298
-59
-197
-413
-573
79
132
-354
138
171
-87
183
204
442
769
338
172
168
-810
-855
-253
-352
-87
-658
-1075
-182
-111
-20
701
1014
666
-3
-19
169
414
380
-135
269
244
-429
-313
-246
132
334
-430
-748
-296
60
-81
-136
136
46
-314
-164
341
684
611
387
313
21
183
185
-356
-128
-165
-445
-308
-431
-363
350
730
67
-224
-279
-767
-553
-117
204
813
568
-164
93
229
225
245
-491
-348
142
132
442
324
131
-12
-571
-467
112
-24
-333
-266
-13
212
-126
-538
-248
217
-206
-555
154
297
159
535
466
321
475
381
-50
-328
-138
241
230
-181
-337
-113
-156
-304
-47
-135
-209
-180
-419
328
788
468
610
192
-371
-471
-648
-770
-580
-268
-171
231
425
412
995
961
370
74
-532
-733
11
12
-198
535
478
-14
174
-162
-922
-875
-473
-364
-116
20
441
993
755
498
-161
-760
-326
-105
16
108
302
773
323
-84
-163
-521
-412
-245
-140
-261
-232
262
313
585
565
-95
-91
51
-158
-302
-490
-629
-97
68
-285
299
779
511
-158
-618
-300
-116
230
451
257
526
323
-184
-355
-611
-575
-540
-516
1
403
262
129
590
903
228
-327
137
254
-204
214
696
392
4
-517
-975
-1004
-627
-141
9
179
603
1173
1059
73
-82
-151
-1046
-1427
-1133
-187
621
766
850
548
183
-133
-633
-684
-251
-5
-36
50
312
791
538
-464
-236
556
288
-36
156
401
597
259
-324
-722
-1009
-881
-605
-345
-233
296
937
382
146
312
-284
-949
-1069
-335
106
249
1105
1781
1558
641
-16
-182
-482
-667
-678
-694
-390
-142
-418
-505
-62
309
322
162
100
515
518
-280
-223
84
-129
-91
-153
50
208
-491
-489
460
314
-339
-392
-135
723
944
392
-84
-444
-42
29
-356
-190
218
315
-142
-392
-242
70
205
228
306
152
-158
-687
-495
-268
-411
-178
-450
180
1134
1003
676
-86
-226
-59
-324
-387
-127
262
-364
-839
-336
83
422
507
660
645
232
69
-58
-215
-172
-159
-549
-691
-144
228
444
541
223
40
-359
-656
153
445
35
266
369
411
148
-688
-631
-283
-544
-676
-436
60
356
296
76
-13
427
493
-255
-810
-171
1005
763
180
423
454
158
-461
-650
-228
84
206
-173
-469
-344
-44
263
179
179
399
76
-429
-273
-92
-244
-390
-102
466
181
-63
267
156
-539
-1115
-387
567
652
336
25
79
13
156
408
498
904
702
-178
-756
-677
-322
-399
-988
-990
-74
175
81
367
524
658
572
719
497
-564
-715
-488
-682
-413
108
512
659
535
327
-17
-384
-178
462
162
-472
-435
-401
-269
-228
-43
458
511
236
-184
-91
239
263
120
-364
-408
-425
-455
-331
-271
984
1525
379
-365
-933
-1556
-1288
535
2377
2384
1201
-352
-1316
-1344
-972
-108
531
93
-921
-1487
-849
377
754
675
726
376
371
308
-255
388
664
-558
-1062
-727
217
1111
952
471
-28
-287
-740
-1099
-746
-1106
-922
404
842
1447
2325
1657
112
-829
-897
-719
-698
-554
-388
-766
-1364
-923
646
1437
704
236
424
92
-25
661
896
503
-402
-1541
-1360
-87
1139
1609
922
-102
-998
-1215
-466
392
373
-771
-1887
-1726
156
1777
2230
2825
1768
-632
-1510
-954
-91
-34
-816
-1576
-1538
-807
148
1459
1465
123
-277
-431
-725
-177
429
891
846
86
-25
211
257
288
98
-328
-590
-303
-252
279
1205
661
-617
-2071
-2756
-1384
519
1902
3033
2705
518
-873
-798
-681
-490
-395
-771
-1053
-1017
-918
185
1221
547
127
203
-205
-14
929
1388
1036
324
-659
-1321
-1345
-746
-4
342
684
690
603
520
326
668
139
-1550
-2592
-2805
-2083
280
2753
3423
3133
1927
-124
-784
-644
-832
-649
-1168
-2412
-2202
-533
651
1438
2171
1462
236
-302
-443
234
417
-259
-219
-619
-1495
-1004
-142
207
620
894
696
561
959
803
112
-514
-1574
-2063
-2073
-1798
172
2226
2461
2122
1922
813
-677
-1073
-972
-1132
-1545
-1829
-907
490
1139
1924
2401
1271
-464
-1288
-1083
-952
-875
-36
589
88
-510
-514
-276
472
787
16
-145
354
884
1150
412
200
650
-725
-2304
-2073
-1802
-1213
445
2039
3097
2790
1184
-28
-884
-2016
-1826
-775
-1012
-974
392
1449
1693
1533
724
-514
-1043
-1019
-563
90
-37
-9
180
-329
-715
-390
441
738
539
956
1332
1004
893
423
-1048
-1233
-982
-1903
-2138
-2164
-1439
971
2729
3030
2311
1005
-280
-928
-1083
-1222
-809
-648
-1113
-670
397
930
1081
622
-30
203
268
-138
-195
-31
322
-47
-774
-665
-605
-298
270
344
1196
1961
1282
724
125
-1382
-2196
-1776
-1268
-1108
-1216
-619
1095
2610
3362
2987
1193
-431
-1188
-1724
-1416
-968
-1252
-1048
-355
703
1422
1056
984
489
-566
-319
-106
-983
-1060
-15
517
421
116
-448
-470
-59
427
1136
1217
674
158
-140
-812
-1483
-841
-529
-761
-494
-443
204
1313
2114
2041
439
-1169
-1490
-1099
-735
-268
62
52
-284
-225
1137
1299
157
278
383
-4
-306
-776
-717
-425
-12
659
512
39
317
627
412
181
-27
-416
-483
-149
-432
-1013
-384
139
-213
-258
-745
-831
355
1488
2162
1692
449
-239
-402
-409
-831
-1484
-1486
-832
297
951
813
914
772
509
250
-249
-671
-1337
-787
-135
-547
106
257
-219
252
536
508
662
884
371
-201
75
-285
-886
-708
-491
-119
-131
-884
-625
1077
2346
1826
478
-243
42
288
-827
-1481
-748
-656
-999
-769
-172
556
937
877
767
525
45
-928
-1624
-305
940
502
321
107
152
611
-45
-321
105
-340
-715
-233
174
60
114
601
499
-330
-605
-951
-1089
608
1465
743
538
341
462
32
-1140
-1241
-1273
-1130
-291
426
956
1136
1367
1218
636
254
-863
-2002
-1612
-153
732
456
630
1054
535
-83
-445
-364
-254
-728
-610
-18
27
-202
-94
334
424
43
-575
-962
-751
143
1198
1248
909
687
145
-272
-687
-415
33
-663
-441
353
203
206
300
620
441
-596
-979
-963
-469
109
86
713
1200
530
201
163
-541
-669
-503
-1245
-843
613
547
72
603
868
659
581
-49
-692
-329
-204
-452
-78
274
386
479
219
6
218
-192
-1230
-1135
-235
303
610
632
119
-729
-1098
-1143
-775
380
1028
1289
1466
1160
747
67
-316
-499
-934
-999
-814
-182
487
627
1050
1185
250
-539
-851
-1530
-1510
-641
-517
-289
451
797
1093
1191
1225
1099
-138
-1198
-1153
-1038
-318
773
590
121
77
-195
-4
430
463
284
-66
-200
-131
-90
-122
-477
-672
-420
-422
-435
121
539
385
331
854
936
162
-326
-649
-792
-436
-477
-599
86
767
839
944
910
712
566
-441
-1373
-963
-400
-214
120
490
183
-427
-20
200
-442
-318
-139
-367
-151
98
156
54
14
-127
-163
375
394
135
362
316
243
662
587
-208
-306
82
-201
-575
-438
-560
-696
201
655
319
209
-384
-437
-65
-395
-179
52
-103
355
597
161
-168
-115
241
292
-210
-39
199
-293
-4
191
-215
-14
45
9
120
371
602
46
-172
49
-111
-363
-562
-385
-328
-347
-143
-34
168
35
254
969
702
106
-154
-25
495
365
-116
-460
-659
-338
-240
-332
133
575
508
288
-46
-231
62
-220
-593
-433
-479
-54
232
-34
45
215
389
399
239
147
92
-142
-370
-138
217
590
457
-76
-115
-357
-629
-293
-53
-123
-282
-172
83
-184
-203
333
207
-182
-140
-110
64
285
185
94
412
826
385
-198
-39
-275
-572
-265
-25
295
347
-169
-294
136
231
-123
-98
-65
-501
-430
112
579
738
238
-215
-341
-261
-88
15
416
252
-274
4
-51
-531
-349
-297
-496
-109
321
673
974
680
-6
-622
-767
-534
-113
289
506
590
419
413
191
-284
-469
-880
-677
47
-173
-403
83
457
428
437
873
973
253
-352
-515
-589
-530
-265
-87
-139
-163
101
378
-128
-519
96
243
16
18
-498
-678
-354
-145
421
660
494
584
489
426
541
316
-307
-862
-888
-395
-245
-569
-34
285
-176
329
714
407
296
238
297
-333
-931
-182
289
205
521
542
227
75
15
-9
-310
-853
-894
-616
-440
-154
23
331
569
294
219
336
359
214
-114
-343
-188
188
-13
-203
55
138
-65
-369
139
742
292
-21
-14
-240
-329
-352
-260
-88
-191
-135
-36
-84
205
401
513
712
355
-17
-135
-642
-598
-74
-245
-251
-157
-278
111
466
500
333
182
118
-121
-103
-9
-45
-45
-316
-406
15
262
228
154
109
141
-143
-285
10
-110
-433
-395
-121
-22
-77
191
389
235
282
551
596
456
387
166
-424
-495
9
-128
-328
-393
-771
-731
-290
170
204
116
223
54
-129
-392
-369
183
537
487
210
136
88
79
303
431
441
-152
-742
-374
-51
150
472
103
-455
-719
-721
-133
329
394
628
567
251
309
142
-141
-169
-552
-630
-447
-446
155
796
799
309
-147
-317
-672
-597
-196
-203
19
299
215
